Timestamp,0pct Cell 1 Current,0pct Cell 1 Voltage,0pct Cell 1 Resistance,0pct Cell 1 Temp,0pct Cell 2 Current,0pct Cell 2 Voltage,0pct Cell 2 Resistance,0pct Cell 2 Temp,0pct Cell 3 Current,0pct Cell 3 Voltage,0pct Cell 3 Resistance,0pct Cell 3 Temp,0pct Cell 4 Current,0pct Cell 4 Voltage,0pct Cell 4 Resistance,0pct Cell 4 Temp,0pct Cell 5 Current,0pct Cell 5 Voltage,0pct Cell 5 Resistance,0pct Cell 5 Temp,0pct Cell 6 Current,0pct Cell 6 Voltage,0pct Cell 6 Resistance,0pct Cell 6 Temp,0pct Cell 7 Current,0pct Cell 7 Voltage,0pct Cell 7 Resistance,0pct Cell 7 Temp,0pct Cell 8 Current,0pct Cell 8 Voltage,0pct Cell 8 Resistance,0pct Cell 8 Temp,30pct Cell 9 Current,30pct Cell 9 Voltage,30pct Cell 9 Resistance,30pct Cell 9 Temp,30pct Cell 10 Current,30pct Cell 10 Voltage,30pct Cell 10 Resistance,30pct Cell 10 Temp,30pct Cell 11 Current,30pct Cell 11 Voltage,30pct Cell 11 Resistance,30pct Cell 11 Temp,30pct Cell 12 Current,30pct Cell 12 Voltage,30pct Cell 12 Resistance,30pct Cell 12 Temp,35pct Cell 13 Current,35pct Cell 13 Voltage,35pct Cell 13 Resistance,35pct Cell 13 Temp,35pct Cell 14 Current,35pct Cell 14 Voltage,35pct Cell 14 Resistance,35pct Cell 14 Temp,35pct Cell 15 Current,35pct Cell 15 Voltage,35pct Cell 15 Resistance,35pct Cell 15 Temp,35pct Cell 16 Current,35pct Cell 16 Voltage,35pct Cell 16 Resistance,35pct Cell 16 Temp
09-05-2025-Fri 16-34-43-PM,106.8,5.656,0.06619850187265917,19.718,97.4,5.66,0.07263860369609856,20.2923,127.6,5.652,0.05536833855799373,20.338,113.8,5.712,0.06274165202108964,21.0358,97.5,5.62,0.07205128205128206,19.989,133.9,5.68,0.053024645257654955,20.6302,109.3,5.6,0.06404391582799634,20.878,120.0,5.596,0.058291666666666665,22.0494,106.8,5.656,0.06619850187265917,19.1441,97.4,5.66,0.07263860369609856,19.707,127.6,5.652,0.05536833855799373,19.6844,113.8,5.712,0.06274165202108964,19.673,97.5,5.62,0.07205128205128206,18.2999,133.9,5.68,0.053024645257654955,19.628,109.3,5.6,0.06404391582799634,19.9545,120.0,5.596,0.058291666666666665,21.002
09-05-2025-Fri 16-34-45-PM,103.7,5.608,0.06759884281581485,19.752,95.6,5.616,0.07343096234309623,20.3262,122.0,5.608,0.05745901639344262,20.338,109.2,5.66,0.0647893772893773,21.0019,95.4,5.568,0.07295597484276728,19.989,127.7,5.632,0.055129209083790126,20.6302,102.3,5.556,0.06788856304985337,20.811,114.8,5.552,0.06045296167247386,22.0494,103.7,5.608,0.06759884281581485,19.178,95.6,5.616,0.07343096234309623,19.73,122.0,5.608,0.05745901639344262,19.6844,109.2,5.66,0.0647893772893773,19.673,95.4,5.568,0.07295597484276728,18.3337,127.7,5.632,0.055129209083790126,19.572,102.3,5.556,0.06788856304985337,19.7521,114.8,5.552,0.06045296167247386,20.901
09-05-2025-Fri 16-34-48-PM,103.6,5.608,0.06766409266409266,19.719,96.2,5.616,0.07297297297297296,20.2593,120.9,5.608,0.05798180314309346,20.326,108.7,5.664,0.06513339466421343,21.0358,95.5,5.572,0.07293193717277487,19.932,126.5,5.636,0.055691699604743086,20.5963,101.5,5.56,0.06847290640394088,20.788,113.6,5.556,0.0611355633802817,21.88,103.6,5.608,0.06766409266409266,19.178,96.2,5.616,0.07297297297297296,19.707,120.9,5.608,0.05798180314309346,19.6844,108.7,5.664,0.06513339466421343,19.628,95.5,5.572,0.07293193717277487,18.1652,126.5,5.636,0.055691699604743086,19.55,101.5,5.56,0.06847290640394088,19.8876,113.6,5.556,0.0611355633802817,20.884
09-05-2025-Fri 16-34-50-PM,102.9,5.612,0.06817298347910593,19.786,95.8,5.62,0.07332985386221295,20.3601,119.9,5.612,0.0585070892410342,20.36,108.2,5.664,0.0654343807763401,21.0019,95.4,5.572,0.0730083857442348,20.022,125.4,5.636,0.05618022328548644,20.6641,101.7,5.564,0.0683874139626352,20.867,113.0,5.556,0.06146017699115044,22.0494,102.9,5.612,0.06817298347910593,19.2119,95.8,5.62,0.07332985386221295,19.763,119.9,5.612,0.0585070892410342,19.7182,108.2,5.664,0.0654343807763401,19.707,95.4,5.572,0.0730083857442348,18.4015,125.4,5.636,0.05618022328548644,19.651,101.7,5.564,0.0683874139626352,19.8876,113.0,5.556,0.06146017699115044,20.968
09-05-2025-Fri 16-34-53-PM,102.9,5.612,0.06817298347910593,19.803,95.9,5.616,0.07320125130344109,20.3939,118.9,5.612,0.058999158957106806,20.371,108.1,5.668,0.06554116558741907,21.0358,95.2,5.576,0.0732142857142857,20.045,124.6,5.636,0.056540930979133236,20.6979,101.7,5.564,0.0683874139626352,20.901,113.1,5.56,0.06145004420866491,21.9478,102.9,5.612,0.06817298347910593,19.2119,95.9,5.616,0.07320125130344109,19.763,118.9,5.612,0.058999158957106806,19.6844,108.1,5.668,0.06554116558741907,19.707,95.2,5.576,0.0732142857142857,18.4015,124.6,5.636,0.056540930979133236,19.719,101.7,5.564,0.0683874139626352,20.0561,113.1,5.56,0.06145004420866491,21.002
09-05-2025-Fri 16-34-55-PM,102.3,5.612,0.06857282502443793,19.803,95.3,5.62,0.07371458551941239,20.3601,118.3,5.612,0.05929839391377853,20.394,107.6,5.672,0.06589219330855019,21.1035,95.3,5.576,0.07313746065057712,20.068,124.0,5.64,0.05685483870967742,20.6641,101.7,5.564,0.0683874139626352,20.878,112.6,5.56,0.061722912966252215,22.0155,102.3,5.612,0.06857282502443793,19.2457,95.3,5.62,0.07371458551941239,19.775,118.3,5.612,0.05929839391377853,19.7182,107.6,5.672,0.06589219330855019,19.752,95.3,5.576,0.07313746065057712,18.4353,124.0,5.64,0.05685483870967742,19.685,101.7,5.564,0.0683874139626352,19.9545,112.6,5.56,0.061722912966252215,20.985
09-05-2025-Fri 16-34-57-PM,102.2,5.616,0.06868884540117416,19.887,95.2,5.62,0.07379201680672269,20.4617,117.6,5.612,0.059651360544217685,20.417,107.7,5.668,0.06578458681522747,21.0697,95.2,5.584,0.07331932773109243,20.101,123.5,5.64,0.05708502024291498,20.8326,101.2,5.564,0.06872529644268775,20.979,111.5,5.56,0.06233183856502242,22.1171,102.2,5.616,0.06868884540117416,19.3126,95.2,5.62,0.07379201680672269,19.831,117.6,5.612,0.059651360544217685,19.7182,107.7,5.668,0.06578458681522747,19.73,95.2,5.584,0.07331932773109243,18.4015,123.5,5.64,0.05708502024291498,19.741,101.2,5.564,0.06872529644268775,19.9884,111.5,5.56,0.06233183856502242,21.053
09-05-2025-Fri 16-35-29-PM,105.9,5.664,0.0668555240793201,19.887,96.4,5.672,0.07354771784232365,20.4617,122.9,5.66,0.05756712774613507,20.417,112.5,5.716,0.06351111111111112,21.0358,99.3,5.628,0.07084592145015106,20.045,130.1,5.692,0.054688700999231364,20.6302,103.5,5.612,0.06777777777777778,20.901,114.0,5.608,0.06149122807017544,22.1171,105.9,5.664,0.0668555240793201,19.3126,96.4,5.672,0.07354771784232365,19.842,122.9,5.66,0.05756712774613507,19.7521,112.5,5.716,0.06351111111111112,19.752,99.3,5.628,0.07084592145015106,18.4684,130.1,5.692,0.054688700999231364,19.684,103.5,5.612,0.06777777777777778,19.9545,114.0,5.608,0.06149122807017544,21.036
09-05-2025-Fri 16-35-31-PM,101.7,5.612,0.06897738446411014,19.853,94.4,5.62,0.07441737288135593,20.3939,118.1,5.612,0.05939881456392888,20.383,108.5,5.668,0.06529953917050692,21.0697,95.8,5.576,0.07275574112734864,20.124,124.8,5.644,0.056530448717948725,20.7318,99.9,5.564,0.06961961961961963,20.968,109.7,5.564,0.06340018231540565,22.151,101.7,5.612,0.06897738446411014,19.3126,94.4,5.62,0.07441737288135593,19.797,118.1,5.612,0.05939881456392888,19.6844,108.5,5.668,0.06529953917050692,19.775,95.8,5.576,0.07275574112734864,18.57,124.8,5.644,0.056530448717948725,19.775,99.9,5.564,0.06961961961961963,20.0222,109.7,5.564,0.06340018231540565,21.087
09-05-2025-Fri 16-35-33-PM,101.3,5.62,0.06934846989141165,19.904,94.2,5.624,0.07462845010615711,20.4278,117.0,5.616,0.05999999999999999,20.416,107.7,5.672,0.06583101207056638,21.1035,94.7,5.58,0.07365364308342133,20.102,123.5,5.644,0.0571255060728745,20.7657,99.7,5.568,0.06980942828485456,21.025,109.0,5.564,0.06380733944954128,22.0494,101.3,5.62,0.06934846989141165,19.3804,94.2,5.624,0.07462845010615711,19.842,117.0,5.616,0.05999999999999999,19.7182,107.7,5.672,0.06583101207056638,19.752,94.7,5.58,0.07365364308342133,18.4353,123.5,5.644,0.0571255060728745,19.82,99.7,5.568,0.06980942828485456,20.2593,109.0,5.564,0.06380733944954128,21.154
09-05-2025-Fri 16-35-36-PM,101.2,5.624,0.06946640316205534,19.921,94.0,5.624,0.07478723404255319,20.4955,116.0,5.62,0.0605603448275862,20.439,107.2,5.676,0.06618470149253732,21.0697,94.4,5.584,0.07394067796610168,20.124,122.9,5.648,0.057445077298616753,20.8326,99.9,5.568,0.06966966966966967,20.991,108.6,5.568,0.06408839779005525,22.0494,101.2,5.624,0.06946640316205534,19.3465,94.0,5.624,0.07478723404255319,19.865,116.0,5.62,0.0605603448275862,19.7521,107.2,5.676,0.06618470149253732,19.763,94.4,5.584,0.07394067796610168,18.4684,122.9,5.648,0.057445077298616753,19.797,99.9,5.568,0.06966966966966967,20.09,108.6,5.568,0.06408839779005525,21.07
09-05-2025-Fri 16-35-38-PM,101.2,5.624,0.06946640316205534,19.921,94.7,5.628,0.07428722280887011,20.4617,115.9,5.62,0.06061259706643658,20.45,107.4,5.676,0.06606145251396647,21.1374,94.4,5.584,0.07394067796610168,20.147,122.7,5.648,0.057538712306438464,20.7995,100.1,5.568,0.06953046953046953,21.024,108.3,5.572,0.06431209602954756,22.0494,101.2,5.624,0.06946640316205534,19.3804,94.7,5.628,0.07428722280887011,19.865,115.9,5.62,0.06061259706643658,19.7521,107.4,5.676,0.06606145251396647,19.798,94.4,5.584,0.07394067796610168,18.5031,122.7,5.648,0.057538712306438464,19.842,100.1,5.568,0.06953046953046953,20.2246,108.3,5.572,0.06431209602954756,21.137
09-05-2025-Fri 16-35-41-PM,101.0,5.62,0.06955445544554455,19.972,94.9,5.628,0.07413066385669125,20.4955,115.7,5.62,0.06071737251512532,20.428,107.2,5.672,0.06613805970149253,21.1374,94.3,5.58,0.07396606574761401,20.113,122.8,5.648,0.05749185667752443,20.7657,100.0,5.568,0.0696,20.923,108.2,5.568,0.06432532347504621,22.0155,101.0,5.62,0.06955445544554455,19.4481,94.9,5.628,0.07413066385669125,19.865,115.7,5.62,0.06071737251512532,19.6505,107.2,5.672,0.06613805970149253,19.741,94.3,5.58,0.07396606574761401,18.4353,122.8,5.648,0.05749185667752443,19.73,100.0,5.568,0.0696,19.9884,108.2,5.568,0.06432532347504621,21.002
09-05-2025-Fri 16-35-43-PM,101.1,5.62,0.06948565776458952,20.005,95.2,5.624,0.07384453781512604,20.5625,115.6,5.62,0.060769896193771634,20.461,107.4,5.676,0.06606145251396647,21.0697,93.6,5.588,0.07462606837606839,20.157,122.6,5.648,0.05758564437194127,20.8326,100.0,5.572,0.06965,21.115,107.6,5.572,0.06473048327137547,22.2187,101.1,5.62,0.06948565776458952,19.4481,95.2,5.624,0.07384453781512604,19.921,115.6,5.62,0.060769896193771634,19.7521,107.4,5.676,0.06606145251396647,19.797,93.6,5.588,0.07462606837606839,18.57,122.6,5.648,0.05758564437194127,19.898,100.0,5.572,0.06965,20.2923,107.6,5.572,0.06473048327137547,21.255
09-05-2025-Fri 16-35-45-PM,101.2,5.624,0.06946640316205534,20.006,95.2,5.628,0.07389705882352941,20.4955,115.7,5.62,0.06071737251512532,20.462,107.3,5.676,0.06612301957129545,21.1374,93.9,5.584,0.07433439829605963,20.191,122.4,5.648,0.05767973856209149,20.8326,100.1,5.572,0.06958041958041959,20.957,107.5,5.572,0.0647906976744186,22.0494,101.2,5.624,0.06946640316205534,19.5158,95.2,5.628,0.07389705882352941,19.921,115.7,5.62,0.06071737251512532,19.7521,107.3,5.676,0.06612301957129545,19.831,93.9,5.584,0.07433439829605963,18.6039,122.4,5.648,0.05767973856209149,19.808,100.1,5.572,0.06958041958041959,19.9884,107.5,5.572,0.0647906976744186,21.019
09-05-2025-Fri 16-35-48-PM,101.2,5.624,0.06946640316205534,20.005,95.3,5.624,0.07376705141657923,20.5286,115.8,5.62,0.06066493955094992,20.472,107.4,5.672,0.06601489757914339,21.1704,93.7,5.584,0.07449306296691569,20.157,122.8,5.648,0.05749185667752443,20.8326,100.1,5.572,0.06958041958041959,20.991,107.6,5.572,0.06473048327137547,22.2187,101.2,5.624,0.06946640316205534,19.482,95.3,5.624,0.07376705141657923,19.91,115.8,5.62,0.06066493955094992,19.7182,107.4,5.672,0.06601489757914339,19.786,93.7,5.584,0.07449306296691569,18.4684,122.8,5.648,0.05749185667752443,19.741,100.1,5.572,0.06958041958041959,19.9206,107.6,5.572,0.06473048327137547,21.07
09-05-2025-Fri 16-35-50-PM,101.1,5.624,0.0695351137487636,20.073,95.6,5.628,0.07358786610878662,20.6302,115.5,5.62,0.06082251082251082,20.495,107.5,5.676,0.066,21.1035,93.9,5.584,0.07433439829605963,20.191,122.4,5.644,0.057638888888888885,20.8326,99.9,5.572,0.06971971971971973,21.002,107.6,5.572,0.06473048327137547,22.0494,101.1,5.624,0.0695351137487636,19.5158,95.6,5.628,0.07358786610878662,19.966,115.5,5.62,0.06082251082251082,19.7521,107.5,5.676,0.066,19.831,93.9,5.584,0.07433439829605963,18.6377,122.4,5.644,0.057638888888888885,19.865,99.9,5.572,0.06971971971971973,20.1238,107.6,5.572,0.06473048327137547,21.087
09-05-2025-Fri 16-40-26-PM,90.7,5.636,0.0776736493936053,13.359,88.1,5.64,0.08002270147559591,16.0058,112.8,5.628,0.06236702127659575,15.264,105.4,5.684,0.06740986717267551,16.8493,92.8,5.592,0.07532327586206897,16.579,126.0,5.652,0.05607142857142858,17.9967,100.9,5.58,0.06912784935579783,16.647,108.4,5.584,0.0643911439114391,17.558,90.7,5.636,0.0776736493936053,10.713,88.1,5.64,0.08002270147559591,13.219,112.8,5.628,0.06236702127659575,12.9369,105.4,5.684,0.06740986717267551,14.893,92.8,5.592,0.07532327586206897,14.8923,126.0,5.652,0.05607142857142858,15.759,100.9,5.58,0.06912784935579783,14.3867,108.4,5.584,0.0643911439114391,15.972
09-05-2025-Fri 16-40-28-PM,88.4,5.64,0.07975113122171945,13.376,86.8,5.648,0.08133640552995391,16.0389,110.1,5.64,0.06403269754768393,15.219,103.8,5.688,0.06849710982658959,16.8154,90.7,5.604,0.07723263506063947,16.568,123.3,5.664,0.05742092457420925,17.8612,99.7,5.588,0.07006018054162488,16.557,106.5,5.588,0.06558685446009391,17.5911,88.4,5.64,0.07975113122171945,10.713,86.8,5.648,0.08133640552995391,13.185,110.1,5.64,0.06403269754768393,12.8023,103.8,5.688,0.06849710982658959,14.882,90.7,5.604,0.07723263506063947,15.0269,123.3,5.664,0.05742092457420925,15.702,99.7,5.588,0.07006018054162488,14.2182,106.5,5.588,0.06558685446009391,15.905
09-05-2025-Fri 16-40-31-PM,87.4,5.644,0.080720823798627,13.343,85.8,5.652,0.08234265734265735,16.0058,108.9,5.64,0.06473829201101927,15.185,103.0,5.696,0.06912621359223302,16.7815,89.9,5.608,0.07797552836484982,16.602,121.4,5.668,0.058360790774299835,17.929,98.5,5.592,0.07096446700507614,16.467,105.2,5.588,0.06639733840304182,17.4226,87.4,5.644,0.080720823798627,10.6792,85.8,5.652,0.08234265734265735,13.151,108.9,5.64,0.06473829201101927,12.7684,103.0,5.696,0.06912621359223302,14.882,89.9,5.608,0.07797552836484982,15.0947,121.4,5.668,0.058360790774299835,15.691,98.5,5.592,0.07096446700507614,14.0497,105.2,5.588,0.06639733840304182,15.736
09-05-2025-Fri 16-40-33-PM,86.6,5.648,0.0815242494226328,13.326,84.9,5.652,0.08321554770318022,16.0389,108.1,5.64,0.06521739130434784,15.129,102.1,5.696,0.06973555337904015,16.6799,89.1,5.612,0.0787317620650954,16.601,120.3,5.668,0.05889443059019119,17.8951,97.5,5.596,0.07174358974358974,16.478,104.4,5.592,0.06695402298850574,17.3887,86.6,5.648,0.0815242494226328,10.6122,84.9,5.652,0.08321554770318022,13.106,108.1,5.64,0.06521739130434784,12.6676,102.1,5.696,0.06973555337904015,14.859,89.1,5.612,0.0787317620650954,15.2293,120.3,5.668,0.05889443059019119,15.758,97.5,5.596,0.07174358974358974,14.1505,104.4,5.592,0.06695402298850574,15.77
09-05-2025-Fri 16-40-36-PM,85.9,5.652,0.08224679860302678,13.258,84.5,5.652,0.0836094674556213,15.9712,107.0,5.644,0.06593457943925234,15.129,101.1,5.696,0.07042532146389713,16.7138,88.5,5.612,0.07926553672316385,16.545,119.0,5.668,0.05953781512605042,17.8612,96.7,5.6,0.07238883143743535,16.512,103.4,5.596,0.06764990328820117,17.4565,85.9,5.652,0.08224679860302678,10.5445,84.5,5.652,0.0836094674556213,13.072,107.0,5.644,0.06593457943925234,12.7007,101.1,5.696,0.07042532146389713,14.825,88.5,5.612,0.07926553672316385,15.0608,119.0,5.668,0.05953781512605042,15.713,96.7,5.6,0.07238883143743535,14.2182,103.4,5.596,0.06764990328820117,15.837
09-05-2025-Fri 16-41-07-PM,84.8,5.652,0.08331367924528302,12.635,82.4,5.656,0.0858009708737864,15.2632,106.8,5.648,0.06610486891385768,14.556,101.6,5.696,0.07007874015748032,16.2082,89.3,5.612,0.07855543113101905,16.163,119.1,5.672,0.059529806884970615,17.5234,94.3,5.6,0.07423117709437964,15.916,101.0,5.6,0.0693069306930693,16.7138,84.8,5.652,0.08331367924528302,10.0059,82.4,5.656,0.0858009708737864,12.488,106.8,5.648,0.06610486891385768,12.1951,101.6,5.696,0.07007874015748032,14.387,89.3,5.612,0.07855543113101905,14.7576,119.1,5.672,0.059529806884970615,15.264,94.3,5.6,0.07423117709437964,13.5102,101.0,5.6,0.0693069306930693,15.112
09-05-2025-Fri 16-41-09-PM,83.6,5.656,0.08456937799043063,12.652,82.1,5.66,0.08617539585870891,15.2971,105.1,5.656,0.06726926736441484,14.544,100.3,5.7,0.07103688933200399,16.2082,87.8,5.62,0.0800113895216401,16.062,117.1,5.676,0.06058923996584117,17.3887,93.9,5.604,0.07460063897763577,15.826,100.1,5.604,0.06998001998001999,16.5791,83.6,5.656,0.08456937799043063,10.0059,82.1,5.66,0.08617539585870891,12.477,105.1,5.656,0.06726926736441484,12.1282,100.3,5.7,0.07103688933200399,14.308,87.8,5.62,0.0800113895216401,14.5883,117.1,5.676,0.06058923996584117,15.162,93.9,5.604,0.07460063897763577,13.5102,100.1,5.604,0.06998001998001999,15.045
09-05-2025-Fri 16-41-11-PM,83.1,5.66,0.0851383874849579,12.601,82.1,5.664,0.08623629719853837,15.2971,104.1,5.652,0.06786743515850145,14.522,99.9,5.704,0.07137137137137137,16.2082,87.1,5.62,0.08065442020665901,16.073,116.2,5.676,0.06105851979345956,17.3887,93.7,5.608,0.07481323372465315,15.837,99.5,5.604,0.07040201005025126,16.5453,83.1,5.66,0.0851383874849579,9.90427,82.1,5.664,0.08623629719853837,12.421,104.1,5.652,0.06786743515850145,12.0604,99.9,5.704,0.07137137137137137,14.297,87.1,5.62,0.08065442020665901,14.6222,116.2,5.676,0.06105851979345956,15.196,93.7,5.608,0.07481323372465315,13.5771,99.5,5.604,0.07040201005025126,15.061
09-05-2025-Fri 16-42-02-PM,83.4,5.66,0.08483213429256595,11.809,81.0,5.668,0.08746913580246914,14.5552,105.2,5.656,0.06720532319391635,13.758,100.6,5.704,0.07087475149105368,15.4995,88.5,5.62,0.07937853107344633,15.421,118.0,5.676,0.060127118644067806,16.7138,93.2,5.608,0.0752145922746781,15.016,99.0,5.604,0.07075757575757576,15.3648,83.4,5.66,0.08483213429256595,9.06326,81.0,5.668,0.08746913580246914,11.612,105.2,5.656,0.06720532319391635,11.2186,100.6,5.704,0.07087475149105368,13.589,88.5,5.62,0.07937853107344633,14.0497,118.0,5.676,0.060127118644067806,14.578,93.2,5.608,0.0752145922746781,12.9708,99.0,5.604,0.07075757575757576,14.168
09-05-2025-Fri 16-42-05-PM,81.6,5.664,0.08676470588235295,11.775,81.0,5.672,0.08753086419753085,14.4536,103.0,5.66,0.06868932038834952,13.69,99.2,5.708,0.07192540322580646,15.4317,87.3,5.624,0.08052691867124857,15.331,115.6,5.68,0.06141868512110727,16.6799,91.8,5.612,0.07641612200435731,14.915,98.3,5.612,0.07136317395727365,15.3309,81.6,5.664,0.08676470588235295,9.09632,81.0,5.672,0.08753086419753085,11.578,103.0,5.66,0.06868932038834952,11.1847,99.2,5.708,0.07192540322580646,13.499,87.3,5.624,0.08052691867124857,13.8803,115.6,5.68,0.06141868512110727,14.432,91.8,5.612,0.07641612200435731,12.7345,98.3,5.612,0.07136317395727365,14.033
09-05-2025-Fri 16-42-07-PM,81.0,5.664,0.0874074074074074,11.758,81.0,5.668,0.08746913580246914,14.4536,102.2,5.66,0.06922700587084149,13.679,98.5,5.712,0.07248730964467004,15.4317,86.5,5.628,0.08132947976878613,15.263,114.1,5.684,0.06226993865030676,16.6461,91.1,5.616,0.07705817782656421,14.983,97.5,5.616,0.072,15.3648,81.0,5.664,0.0874074074074074,9.06326,81.0,5.668,0.08746913580246914,11.556,102.2,5.66,0.06922700587084149,11.1509,98.5,5.712,0.07248730964467004,13.432,86.5,5.628,0.08132947976878613,13.7126,114.1,5.684,0.06226993865030676,14.432,91.1,5.616,0.07705817782656421,12.9369,97.5,5.616,0.072,14.151
09-05-2025-Fri 16-43-09-PM,81.7,5.668,0.08671970624235005,10.865,79.3,5.668,0.08934426229508198,13.5771,103.0,5.66,0.06868932038834952,12.814,98.9,5.704,0.07209302325581395,14.5214,87.6,5.628,0.0803082191780822,14.578,116.4,5.684,0.06103951890034364,16.0058,91.6,5.616,0.07663755458515284,14.084,97.0,5.616,0.07237113402061855,14.0497,81.7,5.668,0.08671970624235005,8.15371,79.3,5.668,0.08934426229508198,10.691,103.0,5.66,0.06868932038834952,10.3421,98.9,5.704,0.07209302325581395,12.69,87.6,5.628,0.0803082191780822,13.2062,116.4,5.684,0.06103951890034364,13.802,91.6,5.616,0.07663755458515284,12.1951,97.0,5.616,0.07237113402061855,13.122
09-05-2025-Fri 16-43-12-PM,80.4,5.668,0.0881218905472637,10.882,78.9,5.676,0.08992395437262356,13.5771,101.1,5.664,0.07002967359050445,12.814,97.4,5.712,0.07330595482546201,14.5552,86.0,5.632,0.08186046511627908,14.499,113.9,5.688,0.062423178226514484,15.8365,90.6,5.62,0.07753863134657837,13.971,96.3,5.62,0.07294911734164071,14.0158,80.4,5.668,0.0881218905472637,8.18757,78.9,5.676,0.08992395437262356,10.691,101.1,5.664,0.07002967359050445,10.3091,97.4,5.712,0.07330595482546201,12.657,86.0,5.632,0.08186046511627908,13.1054,113.9,5.688,0.062423178226514484,13.667,90.6,5.62,0.07753863134657837,12.0604,96.3,5.62,0.07294911734164071,13.038
09-05-2025-Fri 16-46-13-PM,80.2,5.676,0.08846633416458852,8.896,76.8,5.68,0.09244791666666669,11.1847,99.3,5.668,0.07134944612286002,10.769,96.0,5.72,0.07447916666666667,12.4983,84.5,5.636,0.08337278106508876,12.51,114.5,5.692,0.062139737991266375,13.7126,89.8,5.624,0.07828507795100223,11.859,95.1,5.624,0.07392218717139853,11.4541,80.2,5.676,0.08846633416458852,6.60634,76.8,5.68,0.09244791666666669,8.805,99.3,5.668,0.07134944612286002,8.62542,96.0,5.72,0.07447916666666667,10.814,84.5,5.636,0.08337278106508876,11.3194,114.5,5.692,0.062139737991266375,11.814,89.8,5.624,0.07828507795100223,10.4098,95.1,5.624,0.07392218717139853,10.932
09-05-2025-Fri 16-47-02-PM,78.5,5.68,0.09044585987261146,8.525,74.1,5.688,0.09595141700404858,10.6792,97.7,5.672,0.07256908904810644,10.298,94.7,5.72,0.07550158394931361,11.9596,83.7,5.64,0.08422939068100359,12.05,112.1,5.696,0.06351471900089206,13.274,88.6,5.632,0.07945823927765237,11.376,92.6,5.628,0.07597192224622032,10.8477,78.5,5.68,0.09044585987261146,6.37089,74.1,5.688,0.09595141700404858,8.435,97.7,5.672,0.07256908904810644,8.25531,94.7,5.72,0.07550158394931361,10.377,83.7,5.64,0.08422939068100359,10.9154,112.1,5.696,0.06351471900089206,11.398,88.6,5.632,0.07945823927765237,10.0059,92.6,5.628,0.07597192224622032,10.427
09-05-2025-Fri 16-47-05-PM,77.5,5.684,0.09167741935483871,8.542,74.3,5.692,0.09576043068640648,10.6792,96.2,5.68,0.0738045738045738,10.309,93.8,5.724,0.07627931769722816,11.9935,82.4,5.648,0.08567961165048542,11.994,109.8,5.7,0.06489071038251366,13.1732,87.9,5.632,0.0800910125142207,11.32,91.6,5.636,0.07691048034934499,10.8477,77.5,5.684,0.09167741935483871,6.40395,74.3,5.692,0.09576043068640648,8.446,96.2,5.68,0.0738045738045738,8.25531,93.8,5.724,0.07627931769722816,10.354,82.4,5.648,0.08567961165048542,10.8138,109.8,5.7,0.06489071038251366,11.308,87.9,5.632,0.0800910125142207,9.93814,91.6,5.636,0.07691048034934499,10.393
09-05-2025-Fri 16-47-07-PM,76.8,5.684,0.09251302083333333,8.508,74.8,5.688,0.09505347593582888,10.6453,95.6,5.684,0.07432008368200838,10.32,93.1,5.724,0.0768528464017186,11.9935,81.8,5.644,0.08624694376528118,12.061,108.6,5.7,0.06560773480662985,13.2062,87.5,5.636,0.08051428571428572,11.32,91.4,5.636,0.07707877461706783,10.7469,76.8,5.684,0.09251302083333333,6.37089,74.8,5.688,0.09505347593582888,8.446,95.6,5.684,0.07432008368200838,8.32223,93.1,5.724,0.0768528464017186,10.433,81.8,5.644,0.08624694376528118,10.9823,108.6,5.7,0.06560773480662985,11.398,87.5,5.636,0.08051428571428572,10.0059,91.4,5.636,0.07707877461706783,10.376
09-05-2025-Fri 16-47-09-PM,76.0,5.684,0.09348684210526317,8.542,74.7,5.688,0.09518072289156626,10.6792,94.6,5.68,0.07505285412262157,10.309,92.4,5.728,0.07748917748917748,11.9596,81.5,5.648,0.08662576687116565,11.982,107.6,5.704,0.0662639405204461,13.1732,87.2,5.636,0.08079128440366973,11.331,90.8,5.636,0.07758810572687225,10.8816,76.0,5.684,0.09348684210526317,6.40395,74.7,5.688,0.09518072289156626,8.457,94.6,5.68,0.07505285412262157,8.28917,92.4,5.728,0.07748917748917748,10.354,81.5,5.648,0.08662576687116565,10.8138,107.6,5.704,0.0662639405204461,11.308,87.2,5.636,0.08079128440366973,9.93814,90.8,5.636,0.07758810572687225,10.41
09-05-2025-Fri 16-47-12-PM,75.8,5.684,0.09373350923482851,8.525,74.5,5.692,0.095503355704698,10.6792,94.3,5.684,0.07534464475079534,10.264,92.0,5.728,0.07782608695652174,11.9596,81.4,5.648,0.08673218673218673,12.016,107.2,5.704,0.06651119402985074,13.1054,86.9,5.64,0.0811277330264672,11.308,90.2,5.64,0.07815964523281596,10.8138,75.8,5.684,0.09373350923482851,6.37089,74.5,5.692,0.095503355704698,8.401,94.3,5.684,0.07534464475079534,8.15371,92.0,5.728,0.07782608695652174,10.365,81.4,5.648,0.08673218673218673,10.9823,107.2,5.704,0.06651119402985074,11.365,86.9,5.64,0.0811277330264672,10.0059,90.2,5.64,0.07815964523281596,10.41
09-05-2025-Fri 16-48-40-PM,76.3,5.688,0.09318479685452162,7.969,74.4,5.696,0.09569892473118279,9.87121,94.4,5.684,0.07526483050847457,9.613,92.2,5.728,0.07765726681127982,11.2517,81.3,5.648,0.08683886838868389,11.342,107.2,5.704,0.06651119402985074,12.4313,86.8,5.64,0.08122119815668204,10.657,89.6,5.64,0.07868303571428571,9.972,76.3,5.688,0.09318479685452162,6.06771,74.4,5.696,0.09569892473118279,7.885,94.4,5.684,0.07526483050847457,7.71667,92.2,5.728,0.07765726681127982,9.77,81.3,5.648,0.08683886838868389,10.3421,107.2,5.704,0.06651119402985074,10.78,86.8,5.64,0.08122119815668204,9.56803,89.6,5.64,0.07868303571428571,9.77
09-05-2025-Fri 16-51-31-PM,77.9,5.688,0.0912708600770218,7.145,73.1,5.696,0.09740082079343365,8.72621,93.9,5.688,0.07571884984025558,8.603,91.8,5.728,0.07799564270152506,10.1067,81.2,5.652,0.08700738916256157,10.13,108.7,5.704,0.0655933762649494,11.2186,87.7,5.644,0.08044469783352337,9.568,90.1,5.64,0.07824639289678136,8.69234,77.9,5.688,0.0912708600770218,5.56374,73.1,5.696,0.09740082079343365,7.089,93.9,5.688,0.07571884984025558,6.97645,91.8,5.728,0.07799564270152506,8.715,81.2,5.652,0.08700738916256157,9.06326,108.7,5.704,0.0655933762649494,9.692,87.7,5.644,0.08044469783352337,8.79313,90.1,5.64,0.07824639289678136,8.743
09-05-2025-Fri 16-51-33-PM,76.6,5.692,0.0928851174934726,7.195,73.4,5.7,0.09707084468664849,8.79313,92.7,5.692,0.0767529665587918,8.603,90.8,5.732,0.07890969162995597,10.0059,80.2,5.656,0.08815461346633414,10.118,106.2,5.712,0.0672316384180791,11.1847,86.3,5.644,0.0817497103128621,9.479,88.6,5.644,0.07962753950338601,8.62542,76.6,5.692,0.0928851174934726,5.59761,73.4,5.7,0.09707084468664849,7.133,92.7,5.692,0.0767529665587918,7.00951,90.8,5.732,0.07890969162995597,8.726,80.2,5.656,0.08815461346633414,9.16405,106.2,5.712,0.0672316384180791,9.658,86.3,5.644,0.0817497103128621,8.62542,88.6,5.644,0.07962753950338601,8.625
09-05-2025-Fri 16-54-38-PM,77.8,5.688,0.09138817480719795,6.506,71.4,5.696,0.09971988795518205,7.81746,92.7,5.688,0.07669902912621358,7.706,90.1,5.732,0.0795227524972253,8.9286,80.1,5.656,0.08826466916354557,9.153,107.1,5.708,0.06661998132586368,10.1067,88.0,5.644,0.08017045454545456,8.468,89.0,5.648,0.07932584269662922,7.74973,77.8,5.688,0.09138817480719795,5.19363,71.4,5.696,0.09971988795518205,6.461,92.7,5.688,0.07669902912621358,6.37089,90.1,5.732,0.0795227524972253,7.908,80.1,5.656,0.08826466916354557,8.42302,107.1,5.708,0.06661998132586368,8.693,88.0,5.644,0.08017045454545456,7.54815,89.0,5.648,0.07932584269662922,7.649
09-05-2025-Fri 16-54-41-PM,76.3,5.696,0.09331585845347315,6.539,71.6,5.7,0.09951117318435754,7.85133,91.4,5.696,0.07789934354485775,7.706,89.4,5.736,0.0802013422818792,8.9286,79.5,5.66,0.08899371069182391,9.074,104.7,5.712,0.06819484240687679,10.1067,85.5,5.648,0.08257309941520466,8.536,87.8,5.648,0.08041002277904329,7.7836,76.3,5.696,0.09331585845347315,5.2275,71.6,5.7,0.09951117318435754,6.472,91.4,5.696,0.07789934354485775,6.33702,89.4,5.736,0.0802013422818792,7.818,79.5,5.66,0.08899371069182391,8.18757,104.7,5.712,0.06819484240687679,8.67,85.5,5.648,0.08257309941520466,7.71667,87.8,5.648,0.08041002277904329,7.75
09-05-2025-Fri 16-54-43-PM,75.3,5.696,0.09455511288180611,6.506,72.5,5.7,0.09827586206896553,7.7836,90.6,5.696,0.07858719646799116,7.717,88.7,5.74,0.08089064261555808,8.99553,78.9,5.66,0.08967046894803549,9.13,103.1,5.716,0.06930164888457808,10.1067,84.6,5.652,0.08351063829787235,8.614,87.1,5.648,0.08105625717566016,7.7836,75.3,5.696,0.09455511288180611,5.2275,72.5,5.7,0.09827586206896553,6.461,90.6,5.696,0.07858719646799116,6.37089,88.7,5.74,0.08089064261555808,7.885,78.9,5.66,0.08967046894803549,8.28917,103.1,5.716,0.06930164888457808,8.783,84.6,5.652,0.08351063829787235,7.95212,87.1,5.648,0.08105625717566016,7.868
09-05-2025-Fri 16-54-46-PM,74.8,5.7,0.09525401069518719,6.539,72.5,5.708,0.09841379310344829,7.85133,89.5,5.692,0.07949720670391063,7.739,88.1,5.74,0.08144154370034054,8.99553,78.4,5.668,0.09036989795918367,9.164,102.1,5.716,0.0699804113614104,10.1744,83.8,5.652,0.08430787589498807,8.648,86.2,5.652,0.08196055684454757,7.81746,74.8,5.7,0.09525401069518719,5.2275,72.5,5.708,0.09841379310344829,6.483,89.5,5.692,0.07949720670391063,6.37089,88.1,5.74,0.08144154370034054,7.896,78.4,5.668,0.09036989795918367,8.32223,102.1,5.716,0.0699804113614104,8.816,83.8,5.652,0.08430787589498807,7.95212,86.2,5.652,0.08196055684454757,7.885
09-05-2025-Fri 17-01-56-PM,77.8,5.696,0.09151670951156814,5.698,69.7,5.704,0.10229555236728838,6.40395,91.8,5.696,0.07755991285403051,6.438,88.1,5.74,0.08144154370034054,7.27883,78.5,5.66,0.09012738853503185,7.526,105.2,5.712,0.06787072243346008,8.28917,88.4,5.644,0.0798076923076923,7.201,88.6,5.648,0.07968397291196389,6.43782,77.8,5.696,0.09151670951156814,4.99205,69.7,5.704,0.10229555236728838,5.676,91.8,5.696,0.07755991285403051,5.63067,88.1,5.74,0.08144154370034054,6.64,78.5,5.66,0.09012738853503185,7.00951,105.2,5.712,0.06787072243346008,7.391,88.4,5.644,0.0798076923076923,6.87566,88.6,5.648,0.07968397291196389,6.657
09-05-2025-Fri 17-01-58-PM,76.3,5.7,0.09338138925294891,5.715,69.8,5.708,0.10222063037249284,6.50474,89.8,5.7,0.07934298440979957,6.494,87.6,5.74,0.08190639269406394,7.41349,76.9,5.668,0.09213263979193757,7.47,102.7,5.716,0.0695715676728335,8.15371,86.3,5.652,0.08186558516801855,7.1,87.4,5.652,0.08083524027459953,6.43782,76.3,5.7,0.09338138925294891,4.92432,69.8,5.708,0.10222063037249284,5.664,89.8,5.7,0.07934298440979957,5.56374,87.6,5.74,0.08190639269406394,6.606,76.9,5.668,0.09213263979193757,6.84179,102.7,5.716,0.0695715676728335,7.234,86.3,5.652,0.08186558516801855,6.70713,87.4,5.652,0.08083524027459953,6.572
09-05-2025-Fri 17-02-01-PM,76.9,5.74,0.09330299089726918,5.715,71.6,5.744,0.10027932960893855,6.50474,90.5,5.74,0.07928176795580111,6.517,88.3,5.776,0.08176670441676104,7.38043,77.7,5.708,0.09182754182754183,7.605,102.8,5.756,0.06999027237354086,8.25531,86.0,5.692,0.08273255813953488,7.167,87.7,5.692,0.08112884834663626,6.37089,76.9,5.74,0.09330299089726918,4.92432,71.6,5.744,0.10027932960893855,5.698,90.5,5.74,0.07928176795580111,5.66454,88.3,5.776,0.08176670441676104,6.741,77.7,5.708,0.09182754182754183,7.17804,102.8,5.756,0.06999027237354086,7.436,86.0,5.692,0.08273255813953488,6.87566,87.7,5.692,0.08112884834663626,6.623
09-05-2025-Fri 17-06-12-PM,75.6,5.688,0.09404761904761905,5.211,68.6,5.692,0.10371720116618077,5.93386,88.8,5.684,0.08001126126126126,5.911,85.9,5.724,0.08329452852153667,6.70713,78.2,5.648,0.09028132992327365,6.864,102.5,5.704,0.0695609756097561,7.38043,86.5,5.636,0.08144508670520231,6.517,86.6,5.64,0.08140877598152425,5.89999,75.6,5.688,0.09404761904761905,4.48728,68.6,5.692,0.10371720116618077,5.171,88.8,5.684,0.08001126126126126,5.09284,85.9,5.724,0.08329452852153667,6.102,78.2,5.648,0.09028132992327365,6.50474,102.5,5.704,0.0695609756097561,6.718,86.5,5.636,0.08144508670520231,6.2701,86.6,5.64,0.08140877598152425,6.085
09-05-2025-Fri 17-06-14-PM,74.0,5.692,0.09614864864864865,5.16,68.5,5.696,0.10394160583941604,5.83226,87.7,5.692,0.08112884834663626,5.821,85.4,5.732,0.08389929742388759,6.60634,77.1,5.66,0.09176394293125811,6.831,100.1,5.708,0.07127872127872129,7.41349,84.5,5.648,0.08355029585798816,6.573,86.0,5.648,0.08209302325581395,6.03465,74.0,5.692,0.09614864864864865,4.48728,68.5,5.696,0.10394160583941604,5.115,87.7,5.692,0.08112884834663626,5.02511,85.4,5.732,0.08389929742388759,6.034,77.1,5.66,0.09176394293125811,6.47168,100.1,5.708,0.07127872127872129,6.718,84.5,5.648,0.08355029585798816,6.2701,86.0,5.648,0.08209302325581395,6.152
09-05-2025-Fri 17-07-25-PM,72.1,5.7,0.09882108183079058,4.286,66.3,5.708,0.10761689291101056,5.32829,86.3,5.7,0.08256083429895712,5.194,84.4,5.74,0.08501184834123222,6.00078,77.6,5.664,0.09123711340206186,6.315,99.0,5.712,0.07212121212121211,6.90872,84.0,5.652,0.08410714285714285,5.833,83.5,5.652,0.08461077844311378,5.26056,72.1,5.7,0.09882108183079058,3.24391,66.3,5.708,0.10761689291101056,4.275,86.3,5.7,0.08256083429895712,4.25264,84.4,5.74,0.08501184834123222,5.429,77.6,5.664,0.09123711340206186,6.03465,99.0,5.712,0.07212121212121211,6.091,84.0,5.652,0.08410714285714285,5.32829,83.5,5.652,0.08461077844311378,5.294
09-05-2025-Fri 17-07-27-PM,71.2,5.7,0.10007022471910113,4.252,67.1,5.708,0.10633383010432193,5.2275,85.1,5.7,0.0837250293772033,5.16,83.7,5.74,0.08572281959378734,6.00078,76.0,5.668,0.09322368421052632,6.214,96.9,5.716,0.0737358101135191,6.87566,82.3,5.656,0.0859052247873633,5.844,82.5,5.656,0.08569696969696969,5.32829,71.2,5.7,0.10007022471910113,3.27697,67.1,5.708,0.10633383010432193,4.252,85.1,5.7,0.0837250293772033,4.25264,83.7,5.74,0.08572281959378734,5.34,76.0,5.668,0.09322368421052632,5.76533,96.9,5.716,0.0737358101135191,5.99,82.3,5.656,0.0859052247873633,5.32829,82.5,5.656,0.08569696969696969,5.328
09-05-2025-Fri 17-08-13-PM,70.1,5.708,0.10178316690442227,3.782,65.8,5.712,0.10851063829787234,4.92432,84.9,5.704,0.08398115429917549,4.801,82.8,5.74,0.08665458937198067,5.6984,75.3,5.672,0.09415670650730412,5.934,96.5,5.72,0.07409326424870466,6.64021,81.4,5.66,0.08691646191646193,5.519,81.3,5.656,0.08696186961869617,4.99205,70.1,5.708,0.10178316690442227,2.63915,65.8,5.712,0.10851063829787234,3.782,84.9,5.704,0.08398115429917549,3.78173,82.8,5.74,0.08665458937198067,4.981,75.3,5.672,0.09415670650730412,5.46214,96.5,5.72,0.07409326424870466,5.676,81.4,5.66,0.08691646191646193,4.92432,81.3,5.656,0.08696186961869617,4.958
09-05-2025-Fri 17-08-15-PM,69.4,5.708,0.10280979827089338,3.832,66.5,5.712,0.10736842105263157,4.95818,83.3,5.708,0.08565426170468188,4.813,81.7,5.748,0.08794369645042839,5.66454,74.0,5.676,0.09587837837837838,5.956,95.1,5.724,0.07523659305993692,6.64021,80.6,5.664,0.08784119106699752,5.497,80.9,5.66,0.08745364647713226,4.99205,69.4,5.708,0.10280979827089338,2.70608,66.5,5.712,0.10736842105263157,3.826,83.3,5.708,0.08565426170468188,3.81479,81.7,5.748,0.08794369645042839,5.014,74.0,5.676,0.09587837837837838,5.56374,95.1,5.724,0.07523659305993692,5.687,80.6,5.664,0.08784119106699752,4.85739,80.9,5.66,0.08745364647713226,4.925
09-05-2025-Fri 17-08-18-PM,70.1,5.744,0.10242510699001427,3.798,68.1,5.748,0.10550660792951544,4.92432,84.2,5.744,0.08527315914489311,4.768,82.5,5.78,0.08757575757575758,5.66454,74.6,5.712,0.09571045576407507,5.945,95.4,5.764,0.07552410901467504,6.64021,80.7,5.7,0.0882899628252788,5.53,81.9,5.7,0.086996336996337,5.02511,70.1,5.744,0.10242510699001427,2.67221,68.1,5.748,0.10550660792951544,3.77,84.2,5.744,0.08527315914489311,3.714,82.5,5.78,0.08757575757575758,4.969,74.6,5.712,0.09571045576407507,5.52988,95.4,5.764,0.07552410901467504,5.698,80.7,5.7,0.0882899628252788,4.92432,81.9,5.7,0.086996336996337,4.975
09-05-2025-Fri 17-09-47-PM,69.2,5.704,0.10303468208092487,3.177,64.8,5.716,0.11026234567901236,4.38649,83.5,5.704,0.08538922155688622,4.207,81.8,5.744,0.08777506112469437,5.1259,74.5,5.676,0.09523489932885908,5.384,95.3,5.724,0.07507869884575027,6.13544,81.0,5.668,0.08746913580246914,4.914,80.4,5.664,0.08805970149253732,4.31956,69.2,5.704,0.10303468208092487,1.96666,64.8,5.716,0.11026234567901236,3.154,83.5,5.704,0.08538922155688622,3.10925,81.8,5.744,0.08777506112469437,4.375,74.5,5.676,0.09523489932885908,4.89126,95.3,5.724,0.07507869884575027,5.104,81.0,5.668,0.08746913580246914,4.2857,80.4,5.664,0.08805970149253732,4.303
09-05-2025-Fri 17-09-49-PM,68.1,5.712,0.10484581497797357,3.194,65.4,5.716,0.10925076452599389,4.38649,81.8,5.712,0.08728606356968215,4.151,80.9,5.752,0.0888751545117429,5.02511,72.8,5.676,0.09745879120879121,5.384,92.9,5.728,0.07707212055974165,6.1685,78.6,5.668,0.09013994910941478,4.891,79.3,5.672,0.08940731399747794,4.25264,68.1,5.712,0.10484581497797357,2.00053,65.4,5.716,0.10925076452599389,3.143,81.8,5.712,0.08728606356968215,3.04232,80.9,5.752,0.0888751545117429,4.342,72.8,5.676,0.09745879120879121,4.95818,92.9,5.728,0.07707212055974165,5.126,78.6,5.668,0.09013994910941478,4.25264,79.3,5.672,0.08940731399747794,4.253
09-05-2025-Fri 17-09-52-PM,68.3,5.748,0.10519765739385067,3.16,66.9,5.756,0.10754857997010463,4.38649,82.2,5.748,0.08740875912408759,4.219,81.1,5.784,0.08914919852034527,5.15977,72.5,5.716,0.09855172413793105,5.395,93.1,5.764,0.07738990332975297,6.13544,78.8,5.708,0.09054568527918783,4.936,79.4,5.708,0.08986146095717883,4.2857,68.3,5.748,0.10519765739385067,1.9328,66.9,5.756,0.10754857997010463,3.143,82.2,5.748,0.08740875912408759,3.10925,81.1,5.784,0.08914919852034527,4.387,72.5,5.716,0.09855172413793105,4.89126,93.1,5.764,0.07738990332975297,5.138,78.8,5.708,0.09054568527918783,4.38649,79.4,5.708,0.08986146095717883,4.336
09-05-2025-Fri 17-12-27-PM,65.6,5.7,0.10861280487804881,1.429,63.6,5.708,0.11218553459119496,3.07538,80.7,5.7,0.0882899628252788,2.717,79.3,5.736,0.09041614123581336,3.714,72.5,5.668,0.0977241379310345,4.073,92.8,5.72,0.07704741379310345,4.95818,79.1,5.656,0.08938053097345133,3.602,77.2,5.66,0.09164507772020725,2.97459,65.6,5.7,0.10861280487804881,-0.218214,63.6,5.708,0.11218553459119496,1.407,80.7,5.7,0.0882899628252788,1.36271,79.3,5.736,0.09041614123581336,2.874,72.5,5.668,0.0977241379310345,3.54628,92.8,5.72,0.07704741379310345,3.793,79.1,5.656,0.08938053097345133,2.87379,77.2,5.66,0.09164507772020725,2.924
09-05-2025-Fri 17-12-29-PM,64.4,5.704,0.11071428571428571,1.445,63.8,5.712,0.11191222570532915,3.07538,79.2,5.7,0.08996212121212122,2.695,78.7,5.74,0.0911689961880559,3.714,71.0,5.672,0.09985915492957746,4.051,91.3,5.72,0.0783132530120482,4.99205,77.4,5.664,0.09147286821705425,3.535,76.5,5.664,0.09254901960784313,3.00845,64.4,5.704,0.11071428571428571,-0.184562,63.8,5.712,0.11191222570532915,1.395,79.2,5.7,0.08996212121212122,1.29498,78.7,5.74,0.0911689961880559,2.818,71.0,5.672,0.09985915492957746,3.44549,91.3,5.72,0.0783132530120482,3.681,77.4,5.664,0.09147286821705425,2.60528,76.5,5.664,0.09254901960784313,2.807
09-05-2025-Fri 17-12-32-PM,63.4,5.704,0.11246056782334385,1.361,63.8,5.716,0.11199059561128528,2.97459,78.4,5.708,0.09100765306122448,2.65,77.8,5.744,0.09228791773778922,3.64707,70.4,5.676,0.10078125,4.05,89.7,5.724,0.07976588628762542,4.92432,76.2,5.664,0.09291338582677165,3.513,75.9,5.664,0.09328063241106717,2.90766,63.4,5.704,0.11246056782334385,-0.251791,63.8,5.716,0.11199059561128528,1.351,78.4,5.708,0.09100765306122448,1.32885,77.8,5.744,0.09228791773778922,2.852,70.4,5.676,0.10078125,3.57934,89.7,5.724,0.07976588628762542,3.737,76.2,5.664,0.09291338582677165,2.70608,75.9,5.664,0.09328063241106717,2.807
09-05-2025-Fri 17-12-34-PM,62.8,5.712,0.11369426751592357,1.294,63.9,5.716,0.1118153364632238,2.97459,77.6,5.708,0.09194587628865981,2.616,77.0,5.748,0.09331168831168832,3.64707,69.3,5.676,0.10238095238095239,4.073,88.6,5.724,0.08075620767494357,4.95818,75.1,5.668,0.09434087882822903,3.513,74.5,5.672,0.09516778523489933,2.90766,62.8,5.712,0.11369426751592357,-0.386048,63.9,5.716,0.1118153364632238,1.272,77.6,5.708,0.09194587628865981,1.22725,77.0,5.748,0.09331168831168832,2.829,69.3,5.676,0.10238095238095239,3.61321,88.6,5.724,0.08075620767494357,3.748,75.1,5.668,0.09434087882822903,2.67221,74.5,5.672,0.09516778523489933,2.79
09-05-2025-Fri 17-12-37-PM,63.2,5.744,0.11360759493670886,1.328,64.5,5.752,0.11147286821705425,2.97459,78.5,5.744,0.09146496815286623,2.628,78.0,5.78,0.09262820512820513,3.68094,70.1,5.716,0.10192582025677605,4.039,89.3,5.76,0.08062709966405375,4.95818,75.8,5.704,0.09406332453825858,3.445,75.3,5.704,0.09468791500664012,2.90766,63.2,5.744,0.11360759493670886,-0.31895,64.5,5.752,0.11147286821705425,1.294,78.5,5.744,0.09146496815286623,1.22725,78.0,5.78,0.09262820512820513,2.796,70.1,5.716,0.10192582025677605,3.47855,89.3,5.76,0.08062709966405375,3.636,75.8,5.704,0.09406332453825858,2.47062,75.3,5.704,0.09468791500664012,2.689
09-05-2025-Fri 17-13-01-PM,61.7,5.716,0.11580226904376012,0.925,61.9,5.716,0.11542810985460421,2.63915,77.0,5.712,0.09272727272727271,2.314,76.5,5.744,0.0938562091503268,3.37776,69.0,5.684,0.10297101449275362,3.714,87.3,5.724,0.08195876288659794,4.65581,74.8,5.676,0.0948529411764706,3.154,72.8,5.676,0.09745879120879121,2.47062,61.7,5.716,0.11580226904376012,-0.788907,61.9,5.716,0.11542810985460421,0.925,77.0,5.712,0.09272727272727271,0.925678,76.5,5.744,0.0938562091503268,2.471,69.0,5.684,0.10297101449275362,3.10925,87.3,5.724,0.08195876288659794,3.367,74.8,5.676,0.0948529411764706,2.33597,72.8,5.676,0.09745879120879121,2.403
09-05-2025-Fri 17-13-04-PM,61.0,5.712,0.11704918032786886,0.942,61.8,5.72,0.1156957928802589,2.67221,76.1,5.716,0.09388961892247044,2.325,75.8,5.748,0.09478891820580476,3.37776,68.1,5.684,0.10433186490455214,3.781,86.5,5.732,0.08283236994219655,4.68887,73.8,5.676,0.09613821138211384,3.165,72.6,5.676,0.09772727272727273,2.47062,61.0,5.712,0.11704918032786886,-0.788907,61.8,5.72,0.1156957928802589,0.936,76.1,5.716,0.09388961892247044,0.925678,75.8,5.748,0.09478891820580476,2.527,68.1,5.684,0.10433186490455214,3.27697,86.5,5.732,0.08283236994219655,3.434,73.8,5.676,0.09613821138211384,2.33597,72.6,5.676,0.09772727272727273,2.403
09-05-2025-Fri 17-13-06-PM,61.2,5.716,0.1167483660130719,0.858,62.3,5.716,0.11468699839486358,2.60528,76.2,5.716,0.09376640419947506,2.258,75.8,5.752,0.09485488126649078,3.31083,67.8,5.684,0.10479351032448378,3.714,86.2,5.728,0.08306264501160092,4.7566,73.2,5.676,0.09692622950819672,3.154,72.5,5.676,0.09786206896551726,2.43676,61.2,5.716,0.1167483660130719,-0.88963,62.3,5.716,0.11468699839486358,0.858,76.2,5.716,0.09376640419947506,0.857945,75.8,5.752,0.09485488126649078,2.415,67.8,5.684,0.10479351032448378,3.07538,86.2,5.728,0.08306264501160092,3.367,73.2,5.676,0.09692622950819672,2.26904,72.5,5.676,0.09786206896551726,2.353
09-05-2025-Fri 17-13-09-PM,60.7,5.716,0.11771004942339375,0.875,62.9,5.716,0.11359300476947537,2.63915,76.0,5.716,0.09401315789473685,2.247,75.4,5.752,0.09535809018567638,3.3447,67.5,5.688,0.10533333333333332,3.726,85.7,5.736,0.08366394399066511,4.68887,73.2,5.676,0.09692622950819672,3.143,72.4,5.676,0.09799723756906077,2.47062,60.7,5.716,0.11771004942339375,-0.88963,62.9,5.716,0.11359300476947537,0.836,76.0,5.716,0.09401315789473685,0.757959,75.4,5.752,0.09535809018567638,2.415,67.5,5.688,0.10533333333333332,3.14311,85.7,5.736,0.08366394399066511,3.367,73.2,5.676,0.09692622950819672,2.26904,72.4,5.676,0.09799723756906077,2.37
09-05-2025-Fri 17-13-11-PM,60.7,5.716,0.11771004942339375,0.807,63.1,5.724,0.11339144215530902,2.57142,75.7,5.716,0.09438573315719948,2.247,75.4,5.752,0.09535809018567638,3.3447,67.6,5.684,0.105103550295858,3.692,86.0,5.732,0.0833139534883721,4.58807,72.5,5.676,0.09786206896551726,3.109,72.3,5.68,0.09820193637621022,2.43676,60.7,5.716,0.11771004942339375,-0.956779,63.1,5.724,0.11339144215530902,0.813,75.7,5.716,0.09438573315719948,0.824079,75.4,5.752,0.09535809018567638,2.437,67.6,5.684,0.105103550295858,3.14311,86.0,5.732,0.0833139534883721,3.345,72.5,5.676,0.09786206896551726,2.30291,72.3,5.68,0.09820193637621022,2.37
09-05-2025-Fri 17-14-15-PM,61.7,5.716,0.11580226904376012,0.085,63.1,5.72,0.1133122028526149,1.832,76.2,5.712,0.0937007874015748,1.53,76.1,5.748,0.09441524310118267,2.70608,69.1,5.684,0.102821997105644,3.053,88.2,5.732,0.0812358276643991,3.98332,75.3,5.672,0.09415670650730412,2.415,72.9,5.676,0.09732510288065843,1.66429,61.7,5.716,0.11580226904376012,-1.66161,63.1,5.72,0.1133122028526149,0.075,76.2,5.712,0.0937007874015748,0.0532184,76.1,5.748,0.09441524310118267,1.743,69.1,5.684,0.102821997105644,2.47062,88.2,5.732,0.0812358276643991,2.684,75.3,5.672,0.09415670650730412,1.59817,72.9,5.676,0.09732510288065843,1.631
09-05-2025-Fri 17-14-18-PM,60.2,5.716,0.11868770764119602,0.052,62.6,5.724,0.11429712460063898,1.832,75.2,5.716,0.09501329787234042,1.508,75.3,5.752,0.0954847277556441,2.63915,67.8,5.688,0.10486725663716813,3.053,86.2,5.736,0.08317865429234338,4.05025,73.4,5.68,0.09673024523160761,2.392,71.3,5.68,0.09957924263674613,1.69815,60.2,5.716,0.11868770764119602,-1.72868,62.6,5.724,0.11429712460063898,0.052,75.2,5.716,0.09501329787234042,0.0532184,75.3,5.752,0.0954847277556441,1.721,67.8,5.688,0.10486725663716813,2.47062,86.2,5.736,0.08317865429234338,2.65,73.4,5.68,0.09673024523160761,1.42883,71.3,5.68,0.09957924263674613,1.563
09-05-2025-Fri 17-14-20-PM,59.8,5.72,0.11956521739130434,0.152,62.3,5.724,0.11484751203852328,1.9328,74.2,5.72,0.0963611859838275,1.553,74.8,5.756,0.09618983957219253,2.70608,66.7,5.688,0.1065967016491754,3.031,84.8,5.736,0.08455188679245282,4.08411,72.1,5.68,0.09847434119278779,2.415,70.6,5.684,0.10063739376770539,1.66429,59.8,5.72,0.11956521739130434,-1.62804,62.3,5.724,0.11484751203852328,0.108,74.2,5.72,0.0963611859838275,0.0193522,74.8,5.756,0.09618983957219253,1.676,66.7,5.688,0.1065967016491754,2.30291,84.8,5.736,0.08455188679245282,2.628,72.1,5.68,0.09847434119278779,1.49657,70.6,5.684,0.10063739376770539,1.58
09-05-2025-Fri 17-16-53-PM,60.8,5.716,0.11751644736842107,-1.107,62.4,5.724,0.11466346153846155,0.656361,74.4,5.72,0.0961021505376344,0.332,74.8,5.756,0.09618983957219253,1.49657,67.8,5.688,0.10486725663716813,1.822,86.8,5.736,0.0826036866359447,2.773,74.0,5.676,0.09587837837837838,1.027,71.4,5.68,0.09943977591036413,0.254803,60.8,5.716,0.11751644736842107,-2.86945,62.4,5.724,0.11466346153846155,-1.124,74.4,5.72,0.0961021505376344,-1.15815,74.8,5.756,0.09618983957219253,0.511,67.8,5.688,0.10486725663716813,1.195,86.8,5.736,0.0826036866359447,1.34,74.0,5.676,0.09587837837837838,0.0532184,71.4,5.68,0.09943977591036413,0.154
09-05-2025-Fri 17-16-55-PM,59.9,5.72,0.11936560934891485,-1.123,61.6,5.728,0.11623376623376622,0.656361,73.4,5.724,0.09747956403269754,0.298,73.7,5.756,0.09762550881953867,1.49657,66.9,5.692,0.10635276532137519,1.821,85.7,5.74,0.08372228704784132,2.87379,72.6,5.68,0.09779614325068871,1.161,70.6,5.684,0.10063739376770539,0.320923,59.9,5.72,0.11936560934891485,-2.90308,61.6,5.728,0.11623376623376622,-1.169,73.4,5.724,0.09747956403269754,-1.25886,73.7,5.756,0.09762550881953867,0.444,66.9,5.692,0.10635276532137519,1.0934,85.7,5.74,0.08372228704784132,1.419,72.6,5.68,0.09779614325068871,0.28867,70.6,5.684,0.10063739376770539,0.305
09-05-2025-Fri 17-18-05-PM,59.2,5.724,0.1208614864864865,-1.593,61.8,5.732,0.11593851132686085,0.0532184,72.6,5.724,0.09855371900826447,-0.194,72.7,5.756,0.09896836313617607,0.959544,65.7,5.692,0.1082952815829528,1.295,83.9,5.74,0.08551847437425507,2.33597,71.2,5.688,0.09985955056179774,0.656,69.2,5.688,0.1027456647398844,-0.218214,59.2,5.724,0.1208614864864865,-3.23853,61.8,5.732,0.11593851132686085,-1.593,72.6,5.724,0.09855371900826447,-1.59448,72.7,5.756,0.09896836313617607,-0.015,65.7,5.692,0.1082952815829528,0.590241,83.9,5.74,0.08551847437425507,0.925,71.2,5.688,0.09985955056179774,-0.151053,69.2,5.688,0.1027456647398844,-0.185
09-05-2025-Fri 17-18-08-PM,57.7,5.728,0.1240901213171577,-1.576,60.8,5.732,0.11784539473684211,0.0532184,71.2,5.728,0.10056179775280899,-0.227,72.1,5.76,0.09986130374479889,0.959544,65.0,5.7,0.10961538461538461,1.262,81.7,5.744,0.08788249694002447,2.33597,69.1,5.692,0.10296671490593344,0.532,67.5,5.692,0.10540740740740741,-0.285374,57.7,5.728,0.1240901213171577,-3.20491,60.8,5.732,0.11784539473684211,-1.616,71.2,5.728,0.10056179775280899,-1.69504,72.1,5.76,0.09986130374479889,-0.082,65.0,5.7,0.10961538461538461,0.490255,81.7,5.744,0.08788249694002447,0.791,69.1,5.692,0.10296671490593344,-0.45321,67.5,5.692,0.10540740740740741,-0.369
09-05-2025-Fri 17-18-10-PM,57.5,5.76,0.1252173913043478,-1.576,61.0,5.764,0.11811475409836067,0.0532184,71.8,5.76,0.10027855153203342,-0.227,72.1,5.792,0.10041608876560335,0.959544,64.8,5.732,0.110570987654321,1.24,81.8,5.776,0.0882640586797066,2.30291,69.3,5.724,0.10324675324675325,0.645,67.9,5.728,0.10544918998527246,-0.184562,57.5,5.76,0.1252173913043478,-3.20491,61.0,5.764,0.11811475409836067,-1.616,71.8,5.76,0.10027855153203342,-1.69504,72.1,5.792,0.10041608876560335,-0.093,64.8,5.732,0.110570987654321,0.456388,81.8,5.776,0.0882640586797066,0.858,69.3,5.724,0.10324675324675325,-0.184562,67.9,5.728,0.10544918998527246,-0.185
09-05-2025-Fri 17-19-12-PM,58.0,5.724,0.12336206896551724,-1.913,61.1,5.732,0.11726677577741407,-0.3524,71.4,5.728,0.1002801120448179,-0.575,71.5,5.76,0.1006993006993007,0.590241,65.6,5.696,0.10853658536585367,0.881,82.5,5.744,0.08703030303030303,1.89974,69.7,5.688,0.10200860832137734,0.264,68.1,5.692,0.10447870778267256,-0.621094,58.0,5.724,0.12336206896551724,-3.47332,61.1,5.732,0.11726677577741407,-1.93,71.4,5.728,0.1002801120448179,-1.96363,71.5,5.76,0.1006993006993007,-0.407,65.6,5.696,0.10853658536585367,0.153205,82.5,5.744,0.08703030303030303,0.522,69.7,5.688,0.10200860832137734,-0.486782,68.1,5.692,0.10447870778267256,-0.554
09-05-2025-Fri 17-19-14-PM,56.7,5.732,0.1263668430335097,-1.93,60.0,5.736,0.1195,-0.386048,70.3,5.732,0.1019203413940256,-0.575,70.6,5.764,0.10205382436260624,0.590241,63.7,5.704,0.11193092621664048,0.949,80.5,5.748,0.08925465838509317,1.96666,67.9,5.7,0.10493372606774669,0.23,66.3,5.7,0.1074660633484163,-0.721756,56.7,5.732,0.1263668430335097,-3.47332,60.0,5.736,0.1195,-1.93,70.3,5.732,0.1019203413940256,-1.93007,70.6,5.764,0.10205382436260624,-0.35,63.7,5.704,0.11193092621664048,0.28867,80.5,5.748,0.08925465838509317,0.567,67.9,5.7,0.10493372606774669,-0.553934,66.3,5.7,0.1074660633484163,-0.638
09-05-2025-Fri 17-19-17-PM,56.2,5.732,0.12749110320284698,-1.913,59.5,5.74,0.12058823529411766,-0.3524,69.6,5.736,0.10301724137931036,-0.609,70.3,5.768,0.10256045519203413,0.490255,62.9,5.704,0.11335453100158983,0.837,79.5,5.748,0.09037735849056604,1.96666,67.5,5.696,0.10548148148148148,0.264,66.0,5.7,0.10795454545454546,-0.58752,56.2,5.732,0.12749110320284698,-3.47332,59.5,5.74,0.12058823529411766,-1.93,69.6,5.736,0.10301724137931036,-1.96363,70.3,5.768,0.10256045519203413,-0.473,62.9,5.704,0.11335453100158983,0.0532184,79.5,5.748,0.09037735849056604,0.477,67.5,5.696,0.10548148148148148,-0.58752,66.0,5.7,0.10795454545454546,-0.588
09-05-2025-Fri 17-20-47-PM,58.5,5.728,0.12239316239316239,-2.349,61.2,5.736,0.11715686274509804,-0.923207,70.9,5.728,0.1009873060648801,-1.079,70.9,5.768,0.10169252468265162,0.0193522,64.9,5.7,0.10978428351309708,0.343,81.9,5.748,0.08772893772893774,1.39658,70.0,5.692,0.10164285714285713,-0.262,67.8,5.692,0.10494100294985252,-1.09101,58.5,5.728,0.12239316239316239,-3.77517,61.2,5.736,0.11715686274509804,-2.344,70.9,5.728,0.1009873060648801,-2.33274,70.9,5.768,0.10169252468265162,-0.9,64.9,5.7,0.10978428351309708,-0.386048,81.9,5.748,0.08772893772893774,-0.027,70.0,5.692,0.10164285714285713,-1.09101,67.8,5.692,0.10494100294985252,-1.091
09-05-2025-Fri 17-20-49-PM,56.9,5.736,0.12601054481546572,-2.299,60.1,5.74,0.11938435940099834,-0.855981,69.9,5.736,0.10257510729613734,-1.045,70.2,5.768,0.10270655270655271,0.0532184,63.9,5.708,0.11165884194053209,0.343,80.1,5.752,0.08976279650436954,1.32885,67.6,5.696,0.10532544378698226,-0.251,66.5,5.7,0.10714285714285714,-1.02379,56.9,5.736,0.12601054481546572,-3.74163,60.1,5.74,0.11938435940099834,-2.31,69.9,5.736,0.10257510729613734,-2.33274,70.2,5.768,0.10270655270655271,-0.877,63.9,5.708,0.11165884194053209,-0.3524,80.1,5.752,0.08976279650436954,-0.027,67.6,5.696,0.10532544378698226,-1.05743,66.5,5.7,0.10714285714285714,-1.041
09-05-2025-Fri 17-20-51-PM,56.2,5.74,0.12766903914590746,-2.366,59.2,5.74,0.12119932432432431,-0.956779,68.8,5.74,0.10428779069767442,-1.09,69.7,5.772,0.10351506456241033,0.0532184,62.7,5.712,0.1138755980861244,0.377,78.6,5.756,0.09153944020356235,1.36271,66.4,5.704,0.10737951807228915,-0.217,65.5,5.704,0.10885496183206106,-1.05743,56.2,5.74,0.12766903914590746,-3.77517,59.2,5.74,0.12119932432432431,-2.366,68.8,5.74,0.10428779069767442,-2.36616,69.7,5.772,0.10351506456241033,-0.866,62.7,5.712,0.1138755980861244,-0.285374,78.6,5.756,0.09153944020356235,0.04,66.4,5.704,0.10737951807228915,-0.956779,65.5,5.704,0.10885496183206106,-1.007
09-05-2025-Fri 17-20-54-PM,55.6,5.74,0.12904676258992806,-2.349,58.8,5.744,0.12210884353741497,-0.855981,68.4,5.74,0.10489766081871345,-1.079,69.4,5.772,0.10396253602305475,0.0193522,61.8,5.712,0.11553398058252429,0.432,77.9,5.756,0.09236200256739409,1.4627,66.7,5.704,0.10689655172413792,-0.195,65.2,5.704,0.10935582822085887,-1.02379,55.6,5.74,0.12904676258992806,-3.84226,58.8,5.744,0.12210884353741497,-2.366,68.4,5.74,0.10489766081871345,-2.39979,69.4,5.772,0.10396253602305475,-0.855,61.8,5.712,0.11553398058252429,-0.184562,77.9,5.756,0.09236200256739409,0.085,66.7,5.704,0.10689655172413792,-1.02379,65.2,5.704,0.10935582822085887,-1.024
09-05-2025-Fri 17-20-56-PM,55.5,5.74,0.1292792792792793,-2.299,58.6,5.748,0.1226109215017065,-0.822482,68.1,5.744,0.10543318649045523,-1.035,69.3,5.772,0.10411255411255411,-0.0166559,61.7,5.712,0.11572123176661263,0.286,77.9,5.756,0.09236200256739409,1.29498,66.3,5.704,0.10754147812971342,-0.34,65.3,5.708,0.10926493108728945,-1.25886,55.5,5.74,0.1292792792792793,-3.77517,58.6,5.748,0.1226109215017065,-2.288,68.1,5.744,0.10543318649045523,-2.26561,69.3,5.772,0.10411255411255411,-0.901,61.7,5.712,0.11572123176661263,-0.419626,77.9,5.756,0.09236200256739409,-0.061,66.3,5.704,0.10754147812971342,-1.05743,65.3,5.708,0.10926493108728945,-1.158
09-05-2025-Fri 17-25-20-PM,58.9,5.732,0.12164685908319185,-3.222,60.7,5.736,0.11812191103789126,-2.09782,70.1,5.732,0.1022111269614836,-2.198,70.5,5.764,0.10219858156028372,-1.25886,64.4,5.7,0.11063664596273293,-0.9,80.9,5.748,0.08881334981458591,0.153205,69.2,5.696,0.10289017341040463,-1.292,67.0,5.696,0.1062686567164179,-2.16494,58.9,5.732,0.12164685908319185,-4.34532,60.7,5.736,0.11812191103789126,-3.227,70.1,5.732,0.1022111269614836,-3.23853,70.5,5.764,0.10219858156028372,-2.031,64.4,5.7,0.11063664596273293,-1.59448,80.9,5.748,0.08881334981458591,-1.101,69.2,5.696,0.10289017341040463,-1.86287,67.0,5.696,0.1062686567164179,-2.014
09-05-2025-Fri 17-25-22-PM,58.2,5.736,0.12319587628865979,-3.272,59.9,5.744,0.11986644407345574,-2.13138,69.2,5.736,0.10361271676300579,-2.165,69.6,5.764,0.10352011494252875,-1.19165,63.5,5.708,0.11236220472440944,-0.9,80.0,5.756,0.0899375,0.120951,67.9,5.7,0.10493372606774669,-1.437,66.8,5.704,0.10673652694610779,-2.29918,58.2,5.736,0.12319587628865979,-4.4124,59.9,5.744,0.11986644407345574,-3.238,69.2,5.736,0.10361271676300579,-3.17143,69.6,5.764,0.10352011494252875,-1.997,63.5,5.708,0.11236220472440944,-1.62804,80.0,5.756,0.0899375,-1.213,67.9,5.7,0.10493372606774669,-2.13138,66.8,5.704,0.10673652694610779,-2.215
09-05-2025-Fri 17-25-25-PM,57.4,5.736,0.12491289198606272,-3.222,59.4,5.744,0.12087542087542087,-2.09782,68.6,5.736,0.10451895043731779,-2.142,68.7,5.772,0.10502183406113538,-1.15815,62.5,5.708,0.11416000000000001,-0.912,78.9,5.756,0.091191381495564,-0.0166559,65.9,5.7,0.10811836115326254,-1.404,65.8,5.704,0.10835866261398178,-2.23206,57.4,5.736,0.12491289198606272,-4.34532,59.4,5.744,0.12087542087542087,-3.205,68.6,5.736,0.10451895043731779,-3.17143,68.7,5.772,0.10502183406113538,-1.964,62.5,5.708,0.11416000000000001,-1.56092,78.9,5.756,0.091191381495564,-1.18,65.9,5.7,0.10811836115326254,-1.96363,65.8,5.704,0.10835866261398178,-2.098
09-05-2025-Fri 17-25-27-PM,57.1,5.736,0.125569176882662,-3.188,58.8,5.744,0.12210884353741497,-2.06425,68.0,5.74,0.10551470588235294,-2.187,68.6,5.772,0.10517492711370263,-1.29243,62.1,5.712,0.11497584541062801,-0.957,77.9,5.756,0.09236200256739409,-0.0166559,65.5,5.704,0.10885496183206106,-1.426,65.1,5.704,0.10952380952380952,-2.29918,57.1,5.736,0.125569176882662,-4.31178,58.8,5.744,0.12210884353741497,-3.194,68.0,5.74,0.10551470588235294,-3.20491,68.6,5.772,0.10517492711370263,-2.019,62.1,5.712,0.11497584541062801,-1.56092,77.9,5.756,0.09236200256739409,-1.18,65.5,5.704,0.10885496183206106,-1.96363,65.1,5.704,0.10952380952380952,-2.131
09-05-2025-Fri 17-28-48-PM,57.3,5.74,0.12521815008726006,-4.01,59.4,5.744,0.12087542087542087,-2.93663,68.5,5.74,0.10474452554744526,-3.004,69.2,5.776,0.10433526011560694,-2.06425,63.1,5.716,0.11323296354992075,-1.717,78.9,5.76,0.09125475285171102,-0.688109,67.1,5.708,0.10633383010432193,-2.187,65.3,5.712,0.10934150076569679,-2.97018,57.3,5.74,0.12521815008726006,-5.08298,59.4,5.744,0.12087542087542087,-4.01,68.5,5.74,0.10474452554744526,-4.00997,69.2,5.776,0.10433526011560694,-2.825,63.1,5.716,0.11323296354992075,-2.39979,78.9,5.76,0.09125475285171102,-1.997,67.1,5.708,0.10633383010432193,-2.90308,65.3,5.712,0.10934150076569679,-2.937
09-05-2025-Fri 17-28-50-PM,56.2,5.748,0.12784697508896797,-3.976,58.7,5.748,0.12240204429301534,-2.86945,67.4,5.748,0.10660237388724036,-2.981,68.0,5.776,0.10617647058823529,-2.06425,61.5,5.716,0.1161788617886179,-1.829,77.6,5.764,0.09284793814432991,-0.855981,65.9,5.712,0.10834597875569044,-2.31,64.9,5.712,0.11001540832049306,-3.00373,56.2,5.748,0.12784697508896797,-5.08298,58.7,5.748,0.12240204429301534,-3.987,67.4,5.748,0.10660237388724036,-4.00997,68.0,5.776,0.10617647058823529,-2.881,61.5,5.716,0.1161788617886179,-2.56758,77.6,5.764,0.09284793814432991,-2.165,65.9,5.712,0.10834597875569044,-3.07077,64.9,5.712,0.11001540832049306,-3.037
09-05-2025-Fri 17-28-52-PM,55.6,5.748,0.12922661870503596,-3.993,58.2,5.752,0.12353951890034363,-2.86945,67.0,5.748,0.10723880597014926,-3.004,67.5,5.78,0.10703703703703704,-2.06425,61.2,5.72,0.11683006535947713,-1.829,76.7,5.764,0.09393741851368971,-0.822482,64.4,5.716,0.11094720496894411,-2.254,63.9,5.712,0.11173708920187794,-3.03716,55.6,5.748,0.12922661870503596,-5.11645,58.2,5.752,0.12353951890034363,-4.021,67.0,5.748,0.10723880597014926,-4.07706,67.5,5.78,0.10703703703703704,-2.914,61.2,5.72,0.11683006535947713,-2.60114,76.7,5.764,0.09393741851368971,-2.109,64.4,5.716,0.11094720496894411,-2.90308,63.9,5.712,0.11173708920187794,-2.97
09-05-2025-Fri 17-30-33-PM,50.5,5.716,0.14148514851485147,-5.016,54.1,5.724,0.1322550831792976,-3.6075,62.2,5.716,0.11487138263665594,-3.887,63.7,5.744,0.11271585557299842,-2.90308,56.5,5.692,0.125929203539823,-2.601,70.7,5.736,0.10141442715700141,-1.56092,59.7,5.684,0.11901172529313232,-3.249,58.4,5.688,0.12174657534246575,-3.97644,50.5,5.716,0.14148514851485147,-6.42372,54.1,5.724,0.1322550831792976,-5.06,62.2,5.716,0.11487138263665594,-5.14997,63.7,5.744,0.11271585557299842,-3.797,56.5,5.692,0.125929203539823,-3.33918,70.7,5.736,0.10141442715700141,-3.037,59.7,5.684,0.11901172529313232,-4.21109,58.4,5.688,0.12174657534246575,-4.094
09-05-2025-Fri 17-32-52-PM,50.3,5.72,0.14214711729622267,-6.172,54.5,5.728,0.13137614678899082,-4.74771,62.0,5.72,0.11532258064516128,-5.005,62.5,5.748,0.11496,-3.97644,56.8,5.696,0.12535211267605634,-3.641,71.3,5.736,0.1005610098176718,-2.60114,60.2,5.688,0.1181063122923588,-4.312,58.3,5.688,0.12195540308747856,-5.04937,50.3,5.72,0.14214711729622267,-7.59641,54.5,5.728,0.13137614678899082,-6.211,62.0,5.72,0.11532258064516128,-6.28965,62.5,5.748,0.11496,-4.87,56.8,5.696,0.12535211267605634,-4.34532,71.3,5.736,0.1005610098176718,-4.077,60.2,5.688,0.1181063122923588,-5.2841,58.3,5.688,0.12195540308747856,-5.167
09-05-2025-Fri 17-33-49-PM,49.9,5.724,0.1433867735470942,-6.557,54.2,5.728,0.13210332103321032,-5.1835,61.3,5.724,0.116721044045677,-5.373,62.2,5.752,0.11559485530546622,-4.34532,56.4,5.696,0.12624113475177307,-4.055,70.4,5.736,0.1018465909090909,-2.97018,59.9,5.692,0.1187813021702838,-4.68,56.9,5.696,0.12513181019332162,-5.38461,49.9,5.724,0.1433867735470942,-7.9314,54.2,5.728,0.13210332103321032,-6.569,61.3,5.724,0.116721044045677,-6.59125,62.2,5.752,0.11559485530546622,-5.262,56.4,5.696,0.12624113475177307,-4.84824,70.4,5.736,0.1018465909090909,-4.502,59.9,5.692,0.1187813021702838,-5.68636,56.9,5.696,0.12513181019332162,-5.535
09-05-2025-Fri 17-33-52-PM,48.8,5.728,0.14672131147540984,-6.49,52.9,5.732,0.13544423440453687,-5.08298,60.0,5.732,0.11941666666666668,-5.351,61.2,5.756,0.11756535947712418,-4.31178,54.9,5.704,0.12987249544626595,-3.932,68.3,5.744,0.10512445095168374,-2.83597,58.0,5.7,0.12284482758620689,-4.546,56.3,5.7,0.12655417406749556,-5.35116,48.8,5.728,0.14672131147540984,-7.89782,52.9,5.732,0.13544423440453687,-6.546,60.0,5.732,0.11941666666666668,-6.65828,61.2,5.756,0.11756535947712418,-5.206,54.9,5.704,0.12987249544626595,-4.6471,68.3,5.744,0.10512445095168374,-4.312,58.0,5.7,0.12284482758620689,-5.45168,56.3,5.7,0.12655417406749556,-5.401
09-05-2025-Fri 17-33-54-PM,48.2,5.728,0.14854771784232365,-6.524,52.3,5.736,0.13709369024856596,-5.11645,59.5,5.728,0.12033613445378151,-5.351,60.5,5.756,0.11892561983471076,-4.31178,53.9,5.7,0.13218923933209648,-3.943,67.9,5.744,0.10574374079528719,-2.80241,57.4,5.696,0.12404181184668989,-4.557,55.3,5.7,0.12884267631103075,-5.31763,48.2,5.728,0.14854771784232365,-7.9314,52.3,5.736,0.13709369024856596,-6.558,59.5,5.728,0.12033613445378151,-6.62477,60.5,5.756,0.11892561983471076,-5.217,53.9,5.7,0.13218923933209648,-4.7141,67.9,5.744,0.10574374079528719,-4.356,57.4,5.696,0.12404181184668989,-5.55219,55.3,5.7,0.12884267631103075,-5.435
09-05-2025-Fri 17-35-52-PM,49.9,5.724,0.1433867735470942,-7.01,52.9,5.732,0.13544423440453687,-5.68636,60.5,5.728,0.11834710743801653,-5.91,61.2,5.756,0.11756535947712418,-4.91531,56.0,5.7,0.12723214285714288,-4.647,70.2,5.74,0.10220797720797721,-3.6075,59.7,5.692,0.11917922948073702,-5.194,57.0,5.696,0.12491228070175439,-6.08859,49.9,5.724,0.1433867735470942,-8.33334,52.9,5.732,0.13544423440453687,-7.049,60.5,5.728,0.11834710743801653,-7.12741,61.2,5.756,0.11756535947712418,-5.82,56.0,5.7,0.12723214285714288,-5.41822,70.2,5.74,0.10220797720797721,-4.971,59.7,5.692,0.11917922948073702,-5.88738,57.0,5.696,0.12491228070175439,-5.988
09-05-2025-Fri 17-35-54-PM,48.7,5.728,0.14702258726899384,-6.976,52.6,5.732,0.13621673003802282,-5.61931,59.6,5.732,0.12021812080536913,-5.876,60.5,5.76,0.11900826446280992,-4.8817,54.5,5.704,0.13082568807339448,-4.569,68.2,5.748,0.1053519061583578,-3.57395,57.6,5.7,0.12369791666666669,-5.228,55.7,5.7,0.12791741472172352,-6.08859,48.7,5.728,0.14702258726899384,-8.33334,52.6,5.732,0.13621673003802282,-7.027,59.6,5.732,0.12021812080536913,-7.12741,60.5,5.76,0.11900826446280992,-5.753,54.5,5.704,0.13082568807339448,-5.25057,68.2,5.748,0.1053519061583578,-4.949,57.6,5.7,0.12369791666666669,-6.02154,55.7,5.7,0.12791741472172352,-6.055
09-05-2025-Fri 17-35-57-PM,48.0,5.732,0.14927083333333335,-7.077,51.7,5.736,0.13868471953578337,-5.78695,58.2,5.732,0.12310996563573884,-5.977,59.9,5.764,0.12028380634390651,-4.94884,53.6,5.708,0.13311567164179106,-4.647,66.9,5.748,0.10739910313901346,-3.6075,56.7,5.7,0.12566137566137567,-5.195,54.8,5.704,0.1301094890510949,-6.02154,48.0,5.732,0.14927083333333335,-8.36685,51.7,5.736,0.13868471953578337,-7.116,58.2,5.732,0.12310996563573884,-7.19437,59.9,5.764,0.12028380634390651,-5.843,53.6,5.708,0.13311567164179106,-5.38461,66.9,5.748,0.10739910313901346,-4.982,56.7,5.7,0.12566137566137567,-5.9545,54.8,5.704,0.1301094890510949,-5.988
09-05-2025-Fri 17-35-59-PM,47.1,5.736,0.15222929936305732,-7.043,51.1,5.74,0.1404109589041096,-5.71983,58.3,5.736,0.12298456260720413,-5.943,59.8,5.76,0.12040133779264213,-4.91531,52.8,5.712,0.13522727272727272,-4.625,66.3,5.748,0.1083710407239819,-3.57395,56.2,5.704,0.12686832740213524,-5.239,54.5,5.704,0.13082568807339448,-6.12211,47.1,5.736,0.15222929936305732,-8.36685,51.1,5.74,0.1404109589041096,-7.094,58.3,5.736,0.12298456260720413,-7.19437,59.8,5.76,0.12040133779264213,-5.831,52.8,5.712,0.13522727272727272,-5.38461,66.3,5.748,0.1083710407239819,-4.993,56.2,5.704,0.12686832740213524,-6.02154,54.5,5.704,0.13082568807339448,-6.072
09-05-2025-Fri 17-36-01-PM,47.2,5.736,0.15190677966101693,-7.027,50.8,5.74,0.14124015748031496,-5.71983,58.0,5.736,0.12362068965517241,-5.943,59.4,5.76,0.12121212121212122,-4.91531,52.6,5.712,0.13574144486692016,-4.647,66.1,5.748,0.10869894099848716,-3.64105,56.5,5.704,0.12619469026548671,-5.172,54.4,5.704,0.13106617647058824,-5.9545,47.2,5.736,0.15190677966101693,-8.33334,50.8,5.74,0.14124015748031496,-7.083,58.0,5.736,0.12362068965517241,-7.19437,59.4,5.76,0.12121212121212122,-5.831,52.6,5.712,0.13574144486692016,-5.38461,66.1,5.748,0.10869894099848716,-4.982,56.5,5.704,0.12619469026548671,-5.92098,54.4,5.704,0.13106617647058824,-5.938
09-05-2025-Fri 17-36-04-PM,47.1,5.736,0.15222929936305732,-7.077,50.4,5.74,0.1423611111111111,-5.75342,57.7,5.736,0.124263431542461,-5.954,59.2,5.764,0.1217060810810811,-4.94884,52.6,5.716,0.1358365019011407,-4.714,65.9,5.752,0.10910470409711684,-3.64105,56.5,5.704,0.12619469026548671,-5.206,54.2,5.708,0.1316420664206642,-6.02154,47.1,5.736,0.15222929936305732,-8.40027,50.4,5.74,0.1423611111111111,-7.105,57.7,5.736,0.124263431542461,-7.16086,59.2,5.764,0.1217060810810811,-5.887,52.6,5.716,0.1358365019011407,-5.55219,65.9,5.752,0.10910470409711684,-5.049,56.5,5.704,0.12619469026548671,-5.9545,54.2,5.708,0.1316420664206642,-5.988
09-05-2025-Fri 17-38-34-PM,46.8,5.736,0.15320512820512822,-8.752,51.5,5.736,0.1392233009708738,-7.06032,58.7,5.736,0.1221465076660988,-7.451,59.1,5.764,0.12191201353637902,-6.28965,54.4,5.708,0.13115808823529412,-5.876,68.1,5.748,0.10550660792951544,-4.74771,57.8,5.704,0.12335640138408305,-6.591,54.8,5.708,0.13020072992700732,-7.22781,46.8,5.736,0.15320512820512822,-10.4427,51.5,5.736,0.1392233009708738,-8.835,58.7,5.736,0.1221465076660988,-9.00314,59.1,5.764,0.12191201353637902,-7.295,54.4,5.708,0.13115808823529412,-6.59125,68.1,5.748,0.10550660792951544,-6.379,57.8,5.704,0.12335640138408305,-7.79744,54.8,5.708,0.13020072992700732,-7.513
09-05-2025-Fri 17-38-37-PM,45.7,5.736,0.15689277899343543,-8.718,50.1,5.744,0.143313373253493,-6.99336,57.5,5.74,0.12478260869565218,-7.395,58.2,5.76,0.12371134020618556,-6.28965,53.3,5.712,0.13395872420262664,-5.988,66.4,5.752,0.10828313253012048,-4.84824,56.5,5.708,0.12628318584070797,-6.602,53.8,5.712,0.13271375464684015,-7.36192,45.7,5.736,0.15689277899343543,-10.4427,50.1,5.744,0.143313373253493,-8.78,57.5,5.74,0.12478260869565218,-8.90258,58.2,5.76,0.12371134020618556,-7.339,53.3,5.712,0.13395872420262664,-6.8258,66.4,5.752,0.10828313253012048,-6.423,56.5,5.708,0.12628318584070797,-7.59641,53.8,5.712,0.13271375464684015,-7.479
09-05-2025-Fri 17-39-00-PM,44.1,5.74,0.1626984126984127,-9.07,49.0,5.744,0.14653061224489794,-7.26139,55.9,5.748,0.12853309481216457,-7.674,57.1,5.768,0.12626970227670753,-6.55766,51.4,5.716,0.13900778210116732,-6.167,64.5,5.756,0.11155038759689923,-4.91531,55.3,5.712,0.12911392405063293,-6.781,51.7,5.716,0.13820116054158607,-7.59641,44.1,5.74,0.1626984126984127,-10.8778,49.0,5.744,0.14653061224489794,-9.114,55.9,5.748,0.12853309481216457,-9.20401,57.1,5.768,0.12626970227670753,-7.596,51.4,5.716,0.13900778210116732,-7.02687,64.5,5.756,0.11155038759689923,-6.591,55.3,5.712,0.12911392405063293,-7.83094,51.7,5.716,0.13820116054158607,-7.714
09-05-2025-Fri 17-39-03-PM,43.8,5.744,0.16392694063926938,-9.086,48.4,5.748,0.1484504132231405,-7.26139,55.1,5.744,0.13030852994555353,-7.663,56.8,5.768,0.12693661971830986,-6.4907,50.8,5.72,0.140748031496063,-6.144,63.4,5.756,0.1134858044164038,-5.04937,54.3,5.712,0.13149171270718232,-6.915,51.2,5.716,0.13955078125,-7.69693,43.8,5.744,0.16392694063926938,-10.9112,48.4,5.748,0.1484504132231405,-9.137,55.1,5.744,0.13030852994555353,-9.23743,56.8,5.768,0.12693661971830986,-7.54,50.8,5.72,0.140748031496063,-6.89275,63.4,5.756,0.1134858044164038,-6.647,54.3,5.712,0.13149171270718232,-7.9984,51.2,5.716,0.13955078125,-7.848
09-05-2025-Fri 17-39-05-PM,43.2,5.74,0.166087962962963,-9.07,47.9,5.752,0.1501043841336117,-7.22781,55.0,5.744,0.13054545454545455,-7.674,56.5,5.772,0.1276991150442478,-6.55766,50.3,5.72,0.14214711729622267,-6.144,63.1,5.76,0.11410459587955625,-4.98237,54.2,5.712,0.13173431734317342,-6.926,50.9,5.716,0.14037328094302554,-7.62991,43.2,5.74,0.166087962962963,-10.9112,47.9,5.752,0.1501043841336117,-9.125,55.0,5.744,0.13054545454545455,-9.23743,56.5,5.772,0.1276991150442478,-7.563,50.3,5.72,0.14214711729622267,-6.89275,63.1,5.76,0.11410459587955625,-6.68,54.2,5.712,0.13173431734317342,-8.16591,50.9,5.716,0.14037328094302554,-7.898
09-05-2025-Fri 17-39-08-PM,43.3,5.74,0.16570438799076215,-9.17,47.5,5.748,0.15126315789473685,-7.36192,54.6,5.744,0.1315018315018315,-7.73,56.3,5.772,0.12815275310834814,-6.59125,50.2,5.716,0.14233067729083665,-6.211,62.8,5.756,0.11457006369426755,-4.98237,54.0,5.712,0.1322222222222222,-6.87,51.1,5.716,0.1398238747553816,-7.69693,43.3,5.74,0.16570438799076215,-10.9782,47.5,5.748,0.15126315789473685,-9.193,54.6,5.744,0.1315018315018315,-9.23743,56.3,5.772,0.12815275310834814,-7.63,50.2,5.716,0.14233067729083665,-7.06032,62.8,5.756,0.11457006369426755,-6.658,54.0,5.712,0.1322222222222222,-7.9314,51.1,5.716,0.1398238747553816,-7.814
09-05-2025-Fri 17-40-17-PM,44.2,5.744,0.16244343891402716,-9.823,48.4,5.748,0.1484504132231405,-7.9649,55.3,5.744,0.12983725135623872,-8.389,56.5,5.772,0.1276991150442478,-7.22781,51.8,5.716,0.13793436293436295,-6.915,64.6,5.756,0.1113777089783282,-5.68636,55.3,5.712,0.12911392405063293,-7.596,51.5,5.716,0.13873786407766991,-8.46734,44.2,5.744,0.16244343891402716,-11.6809,48.4,5.748,0.1484504132231405,-9.873,55.3,5.744,0.12983725135623872,-9.97408,56.5,5.772,0.1276991150442478,-8.344,51.8,5.716,0.13793436293436295,-7.83094,64.6,5.756,0.1113777089783282,-7.384,55.3,5.712,0.12911392405063293,-8.63476,51.5,5.716,0.13873786407766991,-8.551
09-05-2025-Fri 17-40-20-PM,42.7,5.748,0.16826697892271664,-9.856,46.8,5.752,0.15363247863247864,-7.9984,53.7,5.752,0.1338919925512104,-8.411,55.2,5.772,0.13070652173913044,-7.22781,49.8,5.724,0.14367469879518074,-6.904,62.7,5.76,0.11483253588516744,-5.71983,53.7,5.72,0.13314711359404094,-7.596,50.2,5.72,0.14243027888446214,-8.43383,42.7,5.748,0.16826697892271664,-11.7144,46.8,5.752,0.15363247863247864,-9.907,53.7,5.752,0.1338919925512104,-10.0076,55.2,5.772,0.13070652173913044,-8.333,49.8,5.724,0.14367469879518074,-7.76394,62.7,5.76,0.11483253588516744,-7.373,53.7,5.72,0.13314711359404094,-8.63476,50.2,5.72,0.14243027888446214,-8.534
09-05-2025-Fri 17-40-22-PM,42.5,5.748,0.16905882352941176,-9.89,46.3,5.756,0.15539956803455726,-8.0989,53.6,5.752,0.1341417910447761,-8.478,55.0,5.776,0.13127272727272726,-7.2949,49.5,5.724,0.14454545454545456,-6.949,61.8,5.76,0.11650485436893204,-5.68636,53.3,5.72,0.13414634146341464,-7.607,49.8,5.724,0.14367469879518074,-8.50084,42.5,5.748,0.16905882352941176,-11.6809,46.3,5.756,0.15539956803455726,-9.94,53.6,5.752,0.1341417910447761,-10.041,55.0,5.776,0.13127272727272726,-8.4,49.5,5.724,0.14454545454545456,-7.86439,61.8,5.76,0.11650485436893204,-7.395,53.3,5.72,0.13414634146341464,-8.63476,49.8,5.724,0.14367469879518074,-8.568
09-05-2025-Fri 17-40-24-PM,42.0,5.752,0.17119047619047617,-9.823,46.2,5.756,0.15573593073593073,-7.9984,53.5,5.748,0.13429906542056075,-8.434,54.6,5.776,0.13223443223443224,-7.2949,49.2,5.724,0.1454268292682927,-7.016,61.8,5.764,0.11658576051779937,-5.75342,53.3,5.72,0.13414634146341464,-7.652,49.7,5.724,0.14396378269617707,-8.53427,42.0,5.752,0.17119047619047617,-11.6475,46.2,5.756,0.15573593073593073,-9.885,53.5,5.748,0.13429906542056075,-10.0076,54.6,5.776,0.13223443223443224,-8.434,49.2,5.724,0.1454268292682927,-7.9984,61.8,5.764,0.11658576051779937,-7.473,53.3,5.72,0.13414634146341464,-8.66825,49.7,5.724,0.14396378269617707,-8.601
09-05-2025-Fri 17-42-56-PM,43.6,5.748,0.1647935779816514,-10.994,47.3,5.752,0.15200845665961946,-9.20401,54.2,5.748,0.13256457564575644,-9.572,54.9,5.768,0.1313296903460838,-8.40027,51.1,5.724,0.14001956947162428,-8.088,63.2,5.76,0.11392405063291138,-6.92633,53.2,5.716,0.13430451127819548,-8.824,49.8,5.72,0.14357429718875503,-9.77323,43.6,5.748,0.1647935779816514,-12.7849,47.3,5.752,0.15200845665961946,-11.034,54.2,5.748,0.13256457564575644,-11.1121,54.9,5.768,0.1313296903460838,-9.483,51.1,5.724,0.14001956947162428,-8.93615,63.2,5.76,0.11392405063291138,-8.545,53.2,5.716,0.13430451127819548,-9.77323,49.8,5.72,0.14357429718875503,-9.773
09-05-2025-Fri 17-42-58-PM,42.2,5.748,0.17026066350710903,-10.961,46.6,5.752,0.15429184549356223,-9.20401,53.2,5.752,0.1351503759398496,-9.583,54.2,5.772,0.1331180811808118,-8.36685,49.8,5.724,0.14367469879518074,-8.121,61.8,5.764,0.11658576051779937,-6.99336,51.8,5.724,0.13812741312741314,-8.925,49.1,5.72,0.1456211812627291,-9.94059,42.2,5.748,0.17026066350710903,-12.718,46.6,5.752,0.15429184549356223,-11.034,53.2,5.752,0.1351503759398496,-11.179,54.2,5.772,0.1331180811808118,-9.516,49.8,5.724,0.14367469879518074,-9.00314,61.8,5.764,0.11658576051779937,-8.612,51.8,5.724,0.13812741312741314,-9.84021,49.1,5.72,0.1456211812627291,-9.89
09-05-2025-Fri 17-43-00-PM,41.3,5.752,0.17409200968523003,-11.011,45.7,5.756,0.1574398249452954,-9.23743,51.8,5.756,0.13889961389961392,-9.594,53.5,5.776,0.1349532710280374,-8.40027,48.4,5.728,0.14793388429752066,-8.177,60.1,5.764,0.11988352745424294,-6.92633,50.7,5.724,0.1411242603550296,-8.902,48.3,5.728,0.14824016563147,-9.80672,41.3,5.752,0.17409200968523003,-12.7849,45.7,5.756,0.1574398249452954,-11.056,51.8,5.756,0.13889961389961392,-11.1456,53.5,5.776,0.1349532710280374,-9.583,48.4,5.728,0.14793388429752066,-9.20401,60.1,5.764,0.11988352745424294,-8.701,50.7,5.724,0.1411242603550296,-9.97408,48.3,5.728,0.14824016563147,-9.89
09-05-2025-Fri 17-43-03-PM,41.0,5.752,0.17536585365853657,-10.994,45.1,5.76,0.15964523281596452,-9.20401,51.5,5.752,0.1396116504854369,-9.606,53.1,5.776,0.13596986817325799,-8.40027,48.1,5.732,0.14896049896049895,-8.132,59.7,5.768,0.12077051926298157,-6.95985,50.7,5.724,0.1411242603550296,-8.847,47.8,5.728,0.14979079497907952,-9.80672,41.0,5.752,0.17536585365853657,-12.7849,45.1,5.76,0.15964523281596452,-11.067,51.5,5.752,0.1396116504854369,-11.2125,53.1,5.776,0.13596986817325799,-9.55,48.1,5.732,0.14896049896049895,-9.03663,59.7,5.768,0.12077051926298157,-8.59,50.7,5.724,0.1411242603550296,-9.77323,47.8,5.728,0.14979079497907952,-9.79
09-05-2025-Fri 17-43-05-PM,40.7,5.752,0.17665847665847664,-11.045,44.4,5.76,0.16216216216216214,-9.30449,51.0,5.756,0.14107843137254902,-9.617,52.5,5.776,0.13752380952380955,-8.43383,47.7,5.732,0.15020964360587002,-8.21,59.5,5.768,0.12117647058823529,-7.0939,50.6,5.728,0.141501976284585,-8.992,47.7,5.732,0.15020964360587002,-9.87369,40.7,5.752,0.17665847665847664,-12.7849,44.4,5.76,0.16216216216216214,-11.067,51.0,5.756,0.14107843137254902,-11.1121,52.5,5.776,0.13752380952380955,-9.55,47.7,5.732,0.15020964360587002,-9.10361,59.5,5.768,0.12117647058823529,-8.735,50.6,5.728,0.141501976284585,-10.0076,47.7,5.732,0.15020964360587002,-9.941
09-05-2025-Fri 17-43-07-PM,40.6,5.752,0.1770935960591133,-11.061,44.4,5.76,0.16216216216216214,-9.33797,51.1,5.756,0.14080234833659494,-9.684,52.6,5.78,0.13735741444866922,-8.50084,47.5,5.732,0.1508421052631579,-8.21,59.5,5.764,0.12109243697478993,-7.06032,50.5,5.724,0.14168316831683167,-8.969,47.3,5.728,0.1513742071881607,-9.84021,40.6,5.752,0.1770935960591133,-12.7849,44.4,5.76,0.16216216216216214,-11.112,51.1,5.756,0.14080234833659494,-11.2125,52.6,5.78,0.13735741444866922,-9.594,47.5,5.732,0.1508421052631579,-9.07004,59.5,5.764,0.12109243697478993,-8.713,50.5,5.724,0.14168316831683167,-10.0076,47.3,5.728,0.1513742071881607,-9.924
09-05-2025-Fri 17-43-10-PM,40.4,5.752,0.17797029702970296,-11.028,44.4,5.76,0.16216216216216214,-9.27099,50.9,5.756,0.1413555992141454,-9.617,52.6,5.776,0.13726235741444867,-8.40027,47.2,5.732,0.15180084745762712,-8.21,59.2,5.768,0.12179054054054053,-7.02687,50.3,5.724,0.1422465208747515,-8.947,47.6,5.728,0.15042016806722688,-9.90704,40.4,5.752,0.17797029702970296,-12.7849,44.4,5.76,0.16216216216216214,-11.078,50.9,5.756,0.1413555992141454,-11.179,52.6,5.776,0.13726235741444867,-9.594,47.2,5.732,0.15180084745762712,-9.20401,59.2,5.768,0.12179054054054053,-8.713,50.3,5.724,0.1422465208747515,-9.90704,47.6,5.728,0.15042016806722688,-9.907
09-05-2025-Fri 17-43-12-PM,40.7,5.752,0.17665847665847664,-11.011,44.4,5.76,0.16216216216216214,-9.27099,51.1,5.756,0.14080234833659494,-9.628,52.3,5.78,0.13814531548757172,-8.46734,47.2,5.732,0.15180084745762712,-8.21,59.2,5.768,0.12179054054054053,-7.0939,50.4,5.724,0.1419642857142857,-8.958,47.6,5.732,0.1505252100840336,-9.80672,40.7,5.752,0.17665847665847664,-12.7514,44.4,5.76,0.16216216216216214,-11.056,51.1,5.756,0.14080234833659494,-11.1456,52.3,5.78,0.13814531548757172,-9.561,47.2,5.732,0.15180084745762712,-9.07004,59.2,5.768,0.12179054054054053,-8.713,50.4,5.724,0.1419642857142857,-9.97408,47.6,5.732,0.1505252100840336,-9.89
09-05-2025-Fri 17-43-15-PM,40.7,5.752,0.17665847665847664,-11.061,44.4,5.76,0.16216216216216214,-9.30449,51.0,5.756,0.14107843137254902,-9.617,52.3,5.776,0.13804971319311662,-8.36685,47.2,5.732,0.15180084745762712,-8.076,59.3,5.768,0.12158516020236088,-6.99336,50.4,5.724,0.1419642857142857,-8.947,47.4,5.732,0.15116033755274264,-9.90704,40.7,5.752,0.17665847665847664,-12.8184,44.4,5.76,0.16216216216216214,-11.101,51.0,5.756,0.14107843137254902,-11.179,52.3,5.776,0.13804971319311662,-9.472,47.2,5.732,0.15180084745762712,-8.86915,59.3,5.768,0.12158516020236088,-8.601,50.4,5.724,0.1419642857142857,-9.94059,47.4,5.732,0.15116033755274264,-9.924
09-05-2025-Fri 17-43-17-PM,40.5,5.752,0.17753086419753086,-11.045,44.4,5.756,0.16204954954954953,-9.30449,51.1,5.76,0.14090019569471623,-9.684,52.0,5.78,0.1389423076923077,-8.53427,47.3,5.728,0.1513742071881607,-8.166,59.2,5.764,0.1217060810810811,-6.99336,50.4,5.724,0.1419642857142857,-8.958,47.6,5.728,0.15042016806722688,-9.90704,40.5,5.752,0.17753086419753086,-12.7849,44.4,5.756,0.16204954954954953,-11.101,51.1,5.76,0.14090019569471623,-11.2125,52.0,5.78,0.1389423076923077,-9.572,47.3,5.728,0.1513742071881607,-8.96964,59.2,5.764,0.1217060810810811,-8.646,50.4,5.724,0.1419642857142857,-9.97408,47.6,5.728,0.15042016806722688,-9.941
09-05-2025-Fri 17-43-20-PM,40.5,5.752,0.17753086419753086,-11.011,44.3,5.756,0.1624153498871332,-9.27099,51.3,5.756,0.1402534113060429,-9.661,52.2,5.776,0.13831417624521072,-8.50084,47.3,5.732,0.15147991543340383,-8.233,59.2,5.768,0.12179054054054053,-7.02687,50.6,5.728,0.141501976284585,-8.869,47.5,5.732,0.1508421052631579,-9.84021,40.5,5.752,0.17753086419753086,-12.7514,44.3,5.756,0.1624153498871332,-11.078,51.3,5.756,0.1402534113060429,-11.2125,52.2,5.776,0.13831417624521072,-9.628,47.3,5.732,0.15147991543340383,-9.17059,59.2,5.768,0.12179054054054053,-8.646,50.6,5.728,0.141501976284585,-9.73967,47.5,5.732,0.1508421052631579,-9.79
09-05-2025-Fri 17-44-06-PM,41.5,5.748,0.17313253012048194,-11.312,45.3,5.756,0.1588300220750552,-9.60581,51.7,5.752,0.13907156673114118,-9.952,52.4,5.776,0.13778625954198476,-8.73517,47.9,5.728,0.14947807933194154,-8.467,60.2,5.768,0.1197674418604651,-7.32841,51.0,5.724,0.14029411764705885,-9.159,47.6,5.728,0.15042016806722688,-10.2085,41.5,5.748,0.17313253012048194,-13.019,45.3,5.756,0.1588300220750552,-11.38,51.7,5.752,0.13907156673114118,-11.5137,52.4,5.776,0.13778625954198476,-9.862,47.9,5.728,0.14947807933194154,-9.33797,60.2,5.768,0.1197674418604651,-8.869,51.0,5.724,0.14029411764705885,-9.94059,47.6,5.728,0.15042016806722688,-10.075
09-05-2025-Fri 17-44-08-PM,40.8,5.756,0.1763480392156863,-11.296,43.9,5.76,0.16400911161731205,-9.57225,50.4,5.76,0.14285714285714285,-9.952,51.6,5.776,0.13992248062015505,-8.76874,47.1,5.732,0.15212314225053078,-8.534,59.2,5.772,0.121875,-7.39536,50.3,5.728,0.14234592445328031,-9.327,47.1,5.732,0.15212314225053078,-10.2085,40.8,5.756,0.1763480392156863,-13.019,43.9,5.76,0.16400911161731205,-11.368,50.4,5.76,0.14285714285714285,-11.5137,51.6,5.776,0.13992248062015505,-9.907,47.1,5.732,0.15212314225053078,-9.43843,59.2,5.772,0.121875,-9.07,50.3,5.728,0.14234592445328031,-10.3758,47.1,5.732,0.15212314225053078,-10.292
09-05-2025-Fri 17-44-10-PM,40.1,5.756,0.17942643391521196,-11.379,43.4,5.76,0.1658986175115207,-9.70626,50.2,5.756,0.14332669322709163,-9.996,51.2,5.776,0.14101562499999998,-8.76874,46.8,5.736,0.15320512820512822,-8.467,58.7,5.768,0.12282793867120953,-7.2949,50.0,5.732,0.1433,-9.204,46.7,5.732,0.15342612419700213,-10.2085,40.1,5.756,0.17942643391521196,-13.0525,43.4,5.76,0.1658986175115207,-11.424,50.2,5.756,0.14332669322709163,-11.5137,51.2,5.776,0.14101562499999998,-9.873,46.8,5.736,0.15320512820512822,-9.33797,58.7,5.768,0.12282793867120953,-8.914,50.0,5.732,0.1433,-10.108,46.7,5.732,0.15342612419700213,-10.158
09-05-2025-Fri 17-45-16-PM,41.6,5.748,0.17271634615384618,-11.697,45.0,5.76,0.16,-10.108,51.5,5.752,0.1396116504854369,-10.353,52.6,5.776,0.13726235741444867,-9.20401,48.1,5.728,0.14885654885654884,-8.947,59.7,5.764,0.12068676716917923,-7.73036,50.8,5.728,0.14094488188976378,-9.617,47.2,5.728,0.15169491525423726,-10.5432,41.6,5.748,0.17271634615384618,-13.2866,45.0,5.76,0.16,-11.714,51.5,5.752,0.1396116504854369,-11.7478,52.6,5.776,0.13726235741444867,-10.286,48.1,5.728,0.14885654885654884,-9.90704,59.7,5.764,0.12068676716917923,-9.405,50.8,5.728,0.14094488188976378,-10.5765,47.2,5.728,0.15169491525423726,-10.56
09-05-2025-Fri 17-45-18-PM,40.2,5.756,0.17898009950248756,-11.664,43.8,5.764,0.1644977168949772,-9.97408,50.1,5.756,0.14361277445109782,-10.342,51.1,5.78,0.1413894324853229,-9.23743,46.5,5.732,0.15408602150537637,-8.947,58.2,5.772,0.12396907216494846,-7.79744,49.3,5.728,0.14523326572008116,-9.561,46.4,5.732,0.15441810344827586,-10.5432,40.2,5.756,0.17898009950248756,-13.3534,43.8,5.764,0.1644977168949772,-11.714,50.1,5.756,0.14361277445109782,-11.8148,51.1,5.78,0.1413894324853229,-10.286,46.5,5.732,0.15408602150537637,-9.80672,58.2,5.772,0.12396907216494846,-9.315,49.3,5.728,0.14523326572008116,-10.3423,46.4,5.732,0.15441810344827586,-10.443
09-05-2025-Fri 17-45-21-PM,39.9,5.756,0.18032581453634086,-11.614,43.4,5.764,0.16601382488479263,-10.0076,49.6,5.76,0.14516129032258066,-10.364,50.4,5.78,0.14335317460317462,-9.27099,46.3,5.736,0.15485961123110153,-8.97,57.9,5.768,0.12452504317789291,-7.76394,49.0,5.732,0.14622448979591837,-9.628,46.1,5.736,0.15553145336225596,-10.5432,39.9,5.756,0.18032581453634086,-13.2197,43.4,5.764,0.16601382488479263,-11.681,49.6,5.76,0.14516129032258066,-11.8148,50.4,5.78,0.14335317460317462,-10.32,46.3,5.736,0.15485961123110153,-9.87369,57.9,5.768,0.12452504317789291,-9.405,49.0,5.732,0.14622448979591837,-10.5765,46.1,5.736,0.15553145336225596,-10.56
09-05-2025-Fri 17-45-23-PM,39.9,5.756,0.18032581453634086,-11.697,43.4,5.76,0.1658986175115207,-10.0745,49.2,5.76,0.14634146341463414,-10.387,50.5,5.78,0.14306930693069306,-9.20401,46.2,5.736,0.15519480519480516,-8.936,57.4,5.768,0.12560975609756098,-7.79744,49.2,5.732,0.145630081300813,-9.628,45.9,5.732,0.15610021786492376,-10.6101,39.9,5.756,0.18032581453634086,-13.32,43.4,5.76,0.1658986175115207,-11.759,49.2,5.76,0.14634146341463414,-11.8817,50.5,5.78,0.14306930693069306,-10.297,46.2,5.736,0.15519480519480516,-9.80672,57.4,5.768,0.12560975609756098,-9.36,49.2,5.732,0.145630081300813,-10.4762,45.9,5.732,0.15610021786492376,-10.543
09-05-2025-Fri 17-45-25-PM,39.8,5.756,0.18077889447236184,-11.664,43.2,5.764,0.1667824074074074,-10.041,49.2,5.76,0.14634146341463414,-10.364,50.6,5.78,0.14278656126482214,-9.23743,46.1,5.74,0.15563991323210413,-8.947,57.6,5.772,0.12526041666666668,-7.83094,48.8,5.728,0.14672131147540984,-9.684,46.2,5.736,0.15519480519480516,-10.5432,39.8,5.756,0.18077889447236184,-13.2866,43.2,5.764,0.1667824074074074,-11.714,49.2,5.76,0.14634146341463414,-11.8148,50.6,5.78,0.14278656126482214,-10.275,46.1,5.74,0.15563991323210413,-9.77323,57.6,5.772,0.12526041666666668,-9.427,48.8,5.728,0.14672131147540984,-10.677,46.2,5.736,0.15519480519480516,-10.61
09-05-2025-Fri 17-45-49-PM,40.5,5.756,0.17765432098765435,-11.731,43.5,5.76,0.16551724137931037,-10.1415,50.0,5.756,0.1439,-10.498,50.5,5.78,0.14306930693069306,-9.37146,46.3,5.736,0.15485961123110153,-9.092,58.0,5.768,0.1243103448275862,-7.9649,49.5,5.728,0.14464646464646463,-9.784,46.1,5.732,0.15542299349240782,-10.7439,40.5,5.756,0.17765432098765435,-13.32,43.5,5.76,0.16551724137931037,-11.814,50.0,5.756,0.1439,-11.982,50.5,5.78,0.14306930693069306,-10.431,46.3,5.736,0.15485961123110153,-9.94059,58.0,5.768,0.1243103448275862,-9.516,49.5,5.728,0.14464646464646463,-10.6435,46.1,5.732,0.15542299349240782,-10.694
09-05-2025-Fri 17-45-51-PM,39.7,5.756,0.1812342569269521,-11.798,42.9,5.764,0.16794871794871796,-10.175,49.4,5.76,0.145748987854251,-10.487,50.2,5.78,0.14392430278884463,-9.40487,45.7,5.736,0.15689277899343543,-9.103,57.3,5.768,0.12582897033158813,-7.9649,48.8,5.728,0.14672131147540984,-9.806,45.9,5.736,0.1562091503267974,-10.7774,39.7,5.756,0.1812342569269521,-13.4203,42.9,5.764,0.16794871794871796,-11.826,49.4,5.76,0.145748987854251,-11.8817,50.2,5.78,0.14392430278884463,-10.409,45.7,5.736,0.15689277899343543,-9.94059,57.3,5.768,0.12582897033158813,-9.527,48.8,5.728,0.14672131147540984,-10.677,45.9,5.736,0.1562091503267974,-10.727
09-05-2025-Fri 17-45-54-PM,39.5,5.76,0.1822784810126582,-11.798,43.1,5.764,0.167169373549884,-10.2085,49.2,5.764,0.14644308943089432,-10.532,49.8,5.78,0.1450803212851406,-9.40487,45.5,5.74,0.15769230769230771,-9.126,57.3,5.772,0.12591623036649216,-7.9649,49.0,5.732,0.14622448979591837,-9.773,45.8,5.736,0.15655021834061134,-10.7105,39.5,5.76,0.1822784810126582,-13.3869,43.1,5.764,0.167169373549884,-11.859,49.2,5.764,0.14644308943089432,-11.982,49.8,5.78,0.1450803212851406,-10.465,45.5,5.74,0.15769230769230771,-10.0076,57.3,5.772,0.12591623036649216,-9.539,49.0,5.732,0.14622448979591837,-10.6435,45.8,5.736,0.15655021834061134,-10.677
09-05-2025-Fri 17-45-56-PM,39.7,5.76,0.18136020151133497,-11.848,43.0,5.764,0.16755813953488374,-10.2753,49.6,5.76,0.14516129032258066,-10.532,50.0,5.78,0.1445,-9.33797,45.6,5.736,0.15723684210526315,-9.036,57.2,5.772,0.12613636363636363,-7.89782,48.7,5.736,0.14722792607802876,-9.784,45.9,5.736,0.1562091503267974,-10.677,39.7,5.76,0.18136020151133497,-13.4203,43.0,5.764,0.16755813953488374,-11.893,49.6,5.76,0.14516129032258066,-11.982,50.0,5.78,0.1445,-10.398,45.6,5.736,0.15723684210526315,-9.87369,57.2,5.772,0.12613636363636363,-9.516,48.7,5.736,0.14722792607802876,-10.7774,45.9,5.736,0.1562091503267974,-10.727
09-05-2025-Fri 17-45-58-PM,39.7,5.76,0.18136020151133497,-11.764,42.9,5.768,0.16806526806526806,-10.175,49.0,5.76,0.14693877551020407,-10.509,50.0,5.784,0.1446,-9.40487,45.9,5.736,0.1562091503267974,-9.182,56.8,5.772,0.12702464788732395,-7.9649,48.8,5.732,0.1468237704918033,-9.885,45.9,5.736,0.1562091503267974,-10.7439,39.7,5.76,0.18136020151133497,-13.3534,42.9,5.768,0.16806526806526806,-11.826,49.0,5.76,0.14693877551020407,-11.9486,50.0,5.784,0.1446,-10.509,45.9,5.736,0.1562091503267974,-10.175,56.8,5.772,0.12702464788732395,-9.695,48.8,5.732,0.1468237704918033,-10.9447,45.9,5.736,0.1562091503267974,-10.844
09-05-2025-Fri 17-47-57-PM,41.6,5.752,0.17283653846153846,-12.333,44.7,5.76,0.1610738255033557,-10.9112,50.8,5.752,0.14153543307086616,-11.101,51.6,5.776,0.13992248062015505,-9.97408,47.8,5.728,0.14979079497907952,-9.773,58.7,5.764,0.1227427597955707,-8.70175,50.3,5.728,0.14234592445328031,-10.442,46.8,5.728,0.152991452991453,-11.4132,41.6,5.752,0.17283653846153846,-13.7547,44.7,5.76,0.1610738255033557,-12.361,50.8,5.752,0.14153543307086616,-12.4169,51.6,5.776,0.13992248062015505,-11.011,47.8,5.728,0.14979079497907952,-10.6435,58.7,5.764,0.1227427597955707,-10.186,50.3,5.728,0.14234592445328031,-11.2125,46.8,5.728,0.152991452991453,-11.313
09-05-2025-Fri 17-48-00-PM,40.2,5.756,0.17898009950248756,-12.3,43.6,5.764,0.16525229357798168,-10.8444,49.7,5.756,0.14476861167002011,-11.09,50.7,5.78,0.14250493096646943,-10.0076,46.3,5.732,0.1547516198704104,-9.773,57.1,5.772,0.12635726795096322,-8.76874,48.8,5.728,0.14672131147540984,-10.465,46.0,5.732,0.1557608695652174,-11.3798,40.2,5.756,0.17898009950248756,-13.7547,43.6,5.764,0.16525229357798168,-12.339,49.7,5.756,0.14476861167002011,-12.4169,50.7,5.78,0.14250493096646943,-10.989,46.3,5.732,0.1547516198704104,-10.5432,57.1,5.772,0.12635726795096322,-10.186,48.8,5.728,0.14672131147540984,-11.2458,46.0,5.732,0.1557608695652174,-11.313
09-05-2025-Fri 17-48-02-PM,39.9,5.756,0.18032581453634086,-12.3,43.0,5.764,0.16755813953488374,-10.8444,48.8,5.76,0.1475409836065574,-11.078,50.0,5.784,0.1446,-9.97408,45.2,5.74,0.15873893805309736,-9.762,56.7,5.772,0.12724867724867725,-8.63476,48.3,5.732,0.14834368530020706,-10.375,45.5,5.736,0.1575824175824176,-11.4132,39.9,5.756,0.18032581453634086,-13.7547,43.0,5.764,0.16755813953488374,-12.339,48.8,5.76,0.1475409836065574,-12.4169,50.0,5.784,0.1446,-11.023,45.2,5.74,0.15873893805309736,-10.677,56.7,5.772,0.12724867724867725,-10.13,48.3,5.732,0.14834368530020706,-11.0785,45.5,5.736,0.1575824175824176,-11.246
09-05-2025-Fri 17-49-19-PM,38.3,5.756,0.18785900783289822,-13.303,43.0,5.764,0.16755813953488374,-11.4802,49.3,5.76,0.1460446247464503,-11.982,49.8,5.784,0.14518072289156628,-10.8109,46.0,5.736,0.15586956521739131,-10.465,57.0,5.772,0.12657894736842107,-9.20401,48.5,5.732,0.1477319587628866,-11.156,45.3,5.736,0.15827814569536425,-11.982,38.3,5.756,0.18785900783289822,-15.1254,43.0,5.764,0.16755813953488374,-13.42,49.3,5.76,0.1460446247464503,-13.6544,49.8,5.784,0.14518072289156628,-11.948,46.0,5.736,0.15586956521739131,-11.3798,57.0,5.772,0.12657894736842107,-10.956,48.5,5.732,0.1477319587628866,-12.2831,45.3,5.736,0.15827814569536425,-12.133
09-05-2025-Fri 17-49-22-PM,37.0,5.764,0.19472972972972977,-13.353,41.5,5.768,0.17373493975903614,-11.5471,47.2,5.764,0.15264830508474575,-11.993,48.5,5.784,0.1490721649484536,-10.7439,44.4,5.744,0.1617117117117117,-10.465,55.3,5.776,0.1305605786618445,-9.23743,46.9,5.736,0.15287846481876333,-11.19,44.1,5.74,0.1626984126984127,-11.982,37.0,5.764,0.19472972972972977,-15.1588,41.5,5.768,0.17373493975903614,-13.465,47.2,5.764,0.15264830508474575,-13.6878,48.5,5.784,0.1490721649484536,-11.948,44.4,5.744,0.1617117117117117,-11.4132,55.3,5.776,0.1305605786618445,-11.0,46.9,5.736,0.15287846481876333,-12.35,44.1,5.74,0.1626984126984127,-12.166
09-05-2025-Fri 17-49-24-PM,36.6,5.764,0.19685792349726774,-13.42,40.9,5.768,0.17628361858190708,-11.5471,47.1,5.768,0.15307855626326963,-12.026,48.0,5.788,0.1507291666666667,-10.7774,43.8,5.744,0.16392694063926938,-10.409,54.9,5.776,0.13151183970856103,-9.23743,46.4,5.736,0.1545258620689655,-11.234,43.9,5.74,0.16343963553530752,-12.1159,36.6,5.764,0.19685792349726774,-15.2925,40.9,5.768,0.17628361858190708,-13.531,47.1,5.768,0.15307855626326963,-13.7547,48.0,5.788,0.1507291666666667,-11.915,43.8,5.744,0.16392694063926938,-11.2125,54.9,5.776,0.13151183970856103,-10.933,46.4,5.736,0.1545258620689655,-12.35,43.9,5.74,0.16343963553530752,-12.233
09-05-2025-Fri 17-50-22-PM,36.7,5.76,0.19618528610354222,-14.339,41.1,5.768,0.17542579075425788,-12.1828,47.0,5.768,0.15340425531914892,-12.774,48.2,5.784,0.15,-11.5805,44.5,5.744,0.16134831460674157,-11.257,55.4,5.78,0.13041516245487367,-9.94059,46.7,5.74,0.15364025695931477,-11.959,43.7,5.74,0.16418764302059496,-12.7849,36.7,5.76,0.19618528610354222,-16.4955,41.1,5.768,0.17542579075425788,-14.412,47.0,5.768,0.15340425531914892,-14.5572,48.2,5.784,0.15,-12.796,44.5,5.744,0.16134831460674157,-12.2496,55.4,5.78,0.13041516245487367,-11.781,46.7,5.74,0.15364025695931477,-13.1528,43.7,5.74,0.16418764302059496,-12.969
09-05-2025-Fri 17-50-25-PM,35.4,5.768,0.2036723163841808,-14.389,39.8,5.772,0.18128140703517592,-12.2831,45.6,5.768,0.1581140350877193,-12.796,46.8,5.788,0.15459401709401713,-11.5137,43.2,5.748,0.16631944444444444,-11.212,54.0,5.776,0.1337037037037037,-9.97408,45.1,5.74,0.15909090909090912,-12.037,42.3,5.744,0.16973995271867612,-12.8184,35.4,5.768,0.2036723163841808,-16.4955,39.8,5.772,0.18128140703517592,-14.456,45.6,5.768,0.1581140350877193,-14.5905,46.8,5.788,0.15459401709401713,-12.751,43.2,5.748,0.16631944444444444,-12.1493,54.0,5.776,0.1337037037037037,-11.814,45.1,5.74,0.15909090909090912,-13.32,42.3,5.744,0.16973995271867612,-13.069
09-05-2025-Fri 17-51-03-PM,35.6,5.764,0.20238764044943822,-14.774,39.5,5.772,0.18265822784810126,-12.6511,45.9,5.768,0.1570806100217865,-13.175,46.8,5.788,0.15459401709401713,-11.8482,43.1,5.748,0.16670533642691418,-11.558,53.9,5.78,0.13404452690166976,-10.3758,45.7,5.74,0.15700218818380743,-12.383,42.3,5.744,0.16973995271867612,-13.1863,35.6,5.764,0.20238764044943822,-16.8964,39.5,5.772,0.18265822784810126,-14.858,45.9,5.768,0.1570806100217865,-15.0251,46.8,5.788,0.15459401709401713,-13.108,43.1,5.748,0.16670533642691418,-12.4504,53.9,5.78,0.13404452690166976,-12.138,45.7,5.74,0.15700218818380743,-13.5875,42.3,5.744,0.16973995271867612,-13.387
09-05-2025-Fri 17-51-05-PM,34.8,5.768,0.20718390804597703,-14.774,38.5,5.776,0.18753246753246752,-12.6511,45.0,5.772,0.16033333333333336,-13.153,46.1,5.792,0.15704989154013013,-11.8482,42.2,5.748,0.17026066350710903,-11.614,52.9,5.784,0.13667296786389416,-10.4092,44.8,5.748,0.1603794642857143,-12.461,41.7,5.748,0.17230215827338127,-13.32,34.8,5.768,0.20718390804597703,-16.8964,38.5,5.776,0.18753246753246752,-14.835,45.0,5.772,0.16033333333333336,-14.9583,46.1,5.792,0.15704989154013013,-13.13,42.2,5.748,0.17026066350710903,-12.5841,52.9,5.784,0.13667296786389416,-12.216,44.8,5.748,0.1603794642857143,-13.6544,41.7,5.748,0.17230215827338127,-13.487
09-05-2025-Fri 17-53-52-PM,35.8,5.764,0.20125698324022348,-15.96,39.7,5.772,0.1817380352644836,-13.9554,45.5,5.768,0.15846153846153846,-14.39,46.5,5.788,0.15559139784946238,-13.0858,43.5,5.74,0.1649425287356322,-12.919,53.6,5.78,0.134794776119403,-11.7144,45.2,5.744,0.15884955752212387,-13.821,41.9,5.744,0.17136038186157518,-14.7243,35.8,5.764,0.20125698324022348,-17.9652,39.7,5.772,0.1817380352644836,-16.016,45.5,5.768,0.15846153846153846,-16.1279,46.5,5.788,0.15559139784946238,-14.39,43.5,5.74,0.1649425287356322,-13.9554,53.6,5.78,0.134794776119403,-13.565,45.2,5.744,0.15884955752212387,-15.0251,41.9,5.744,0.17136038186157518,-14.875
09-05-2025-Fri 17-53-54-PM,34.6,5.772,0.20852601156069367,-15.944,38.6,5.776,0.18704663212435232,-13.9219,44.3,5.772,0.1628668171557562,-14.39,45.6,5.792,0.1587719298245614,-13.0858,41.7,5.752,0.1724220623501199,-12.93,51.6,5.784,0.14011627906976742,-11.6809,43.8,5.748,0.164041095890411,-13.765,40.2,5.748,0.1787313432835821,-14.7576,34.6,5.772,0.20852601156069367,-17.9652,38.6,5.776,0.18704663212435232,-16.016,44.3,5.772,0.1628668171557562,-16.1614,45.6,5.792,0.1587719298245614,-14.423,41.7,5.752,0.1724220623501199,-14.0222,51.6,5.784,0.14011627906976742,-13.52,43.8,5.748,0.164041095890411,-14.858,40.2,5.748,0.1787313432835821,-14.808
09-05-2025-Fri 17-53-57-PM,34.1,5.772,0.21158357771261,-15.927,37.8,5.78,0.19113756613756613,-13.9219,43.2,5.776,0.16712962962962963,-14.39,45.2,5.796,0.16028761061946903,-13.1194,40.8,5.756,0.1763480392156863,-12.93,50.7,5.784,0.14260355029585797,-11.6809,43.2,5.752,0.16643518518518516,-13.81,39.9,5.756,0.18032581453634086,-14.7243,34.1,5.772,0.21158357771261,-17.9317,37.8,5.78,0.19113756613756613,-15.994,43.2,5.776,0.16712962962962963,-16.1279,45.2,5.796,0.16028761061946903,-14.412,40.8,5.756,0.1763480392156863,-13.9888,50.7,5.784,0.14260355029585797,-13.565,43.2,5.752,0.16643518518518516,-15.0251,39.9,5.756,0.18032581453634086,-14.875
09-05-2025-Fri 17-53-59-PM,33.7,5.776,0.2142433234421365,-15.977,37.6,5.784,0.1922872340425532,-13.9888,43.0,5.776,0.16790697674418606,-14.445,44.3,5.792,0.16343115124153498,-13.1528,40.6,5.756,0.17721674876847288,-12.952,50.2,5.788,0.14412350597609563,-11.6475,42.1,5.752,0.17078384798099763,-13.766,39.6,5.752,0.18156565656565654,-14.6908,33.7,5.776,0.2142433234421365,-17.9652,37.6,5.784,0.1922872340425532,-16.05,43.0,5.776,0.16790697674418606,-16.1948,44.3,5.792,0.16343115124153498,-14.468,40.6,5.756,0.17721674876847288,-14.0556,50.2,5.788,0.14412350597609563,-13.554,42.1,5.752,0.17078384798099763,-14.9583,39.6,5.752,0.18156565656565654,-14.825
09-05-2025-Fri 17-54-37-PM,34.0,5.772,0.21220588235294116,-16.111,37.6,5.78,0.19215425531914893,-14.089,43.3,5.776,0.16674364896073904,-14.601,44.4,5.796,0.16317567567567567,-13.3534,40.9,5.752,0.17579462102689486,-13.153,50.6,5.788,0.14298418972332017,-11.982,42.6,5.748,0.1686619718309859,-13.988,38.4,5.756,0.18736979166666667,-14.8914,34.0,5.772,0.21220588235294116,-18.1321,37.6,5.78,0.19215425531914893,-16.194,43.3,5.776,0.16674364896073904,-16.3618,44.4,5.796,0.16317567567567567,-14.613,40.9,5.752,0.17579462102689486,-14.1225,50.6,5.788,0.14298418972332017,-13.732,42.6,5.748,0.1686619718309859,-15.0919,38.4,5.756,0.18736979166666667,-14.992
09-05-2025-Fri 17-54-40-PM,33.0,5.776,0.21878787878787875,-16.111,36.4,5.78,0.19848901098901098,-14.089,42.3,5.78,0.1708037825059102,-14.613,43.5,5.796,0.16655172413793107,-13.3869,39.7,5.752,0.18110831234256924,-13.264,49.7,5.788,0.14557344064386318,-12.0155,41.9,5.752,0.17159904534606205,-13.966,38.0,5.752,0.1892105263157895,-14.9248,33.0,5.776,0.21878787878787875,-18.1321,36.4,5.78,0.19848901098901098,-16.194,42.3,5.78,0.1708037825059102,-16.3618,43.5,5.796,0.16655172413793107,-14.713,39.7,5.752,0.18110831234256924,-14.39,49.7,5.788,0.14557344064386318,-13.788,41.9,5.752,0.17159904534606205,-14.9583,38.0,5.752,0.1892105263157895,-14.942
09-05-2025-Fri 17-54-42-PM,33.0,5.776,0.21878787878787875,-16.127,36.5,5.78,0.19794520547945207,-14.1225,42.3,5.776,0.1706855791962175,-14.624,43.6,5.796,0.1661697247706422,-13.3869,39.8,5.752,0.18065326633165832,-13.231,49.4,5.788,0.1464574898785425,-12.049,41.6,5.756,0.17295673076923077,-14.089,38.7,5.756,0.1859173126614987,-15.0919,33.0,5.776,0.21878787878787875,-18.1321,36.5,5.78,0.19794520547945207,-16.205,42.3,5.776,0.1706855791962175,-16.3618,43.6,5.796,0.1661697247706422,-14.668,39.8,5.752,0.18065326633165832,-14.2562,49.4,5.788,0.1464574898785425,-13.81,41.6,5.756,0.17295673076923077,-15.1254,38.7,5.756,0.1859173126614987,-15.109
09-05-2025-Fri 17-54-44-PM,33.4,5.772,0.2160179640718563,-16.144,36.4,5.776,0.1983516483516483,-14.1225,42.0,5.78,0.17202380952380952,-14.635,43.0,5.796,0.16848837209302328,-13.3869,39.9,5.76,0.1804511278195489,-13.208,49.5,5.788,0.14616161616161616,-12.0155,41.6,5.752,0.17283653846153846,-14.055,38.7,5.756,0.1859173126614987,-15.1254,33.4,5.772,0.2160179640718563,-18.1655,36.4,5.776,0.1983516483516483,-16.228,42.0,5.78,0.17202380952380952,-16.3952,43.0,5.796,0.16848837209302328,-14.668,39.9,5.76,0.1804511278195489,-14.2228,49.5,5.788,0.14616161616161616,-13.754,41.6,5.752,0.17283653846153846,-15.0251,38.7,5.756,0.1859173126614987,-15.075
09-05-2025-Fri 17-54-47-PM,33.3,5.776,0.21681681681681686,-16.161,36.4,5.784,0.19862637362637361,-14.156,42.1,5.776,0.17149643705463186,-14.657,43.4,5.796,0.16693548387096777,-13.4203,39.5,5.752,0.18202531645569617,-13.242,49.4,5.788,0.1464574898785425,-12.0155,41.4,5.752,0.17367149758454103,-14.033,38.7,5.752,0.1857881136950904,-14.9583,33.3,5.776,0.21681681681681686,-18.1655,36.4,5.784,0.19862637362637361,-16.239,42.1,5.776,0.17149643705463186,-16.3952,43.4,5.796,0.16693548387096777,-14.702,39.5,5.752,0.18202531645569617,-14.2897,49.4,5.788,0.1464574898785425,-13.81,41.4,5.752,0.17367149758454103,-15.1254,38.7,5.752,0.1857881136950904,-15.042
09-05-2025-Fri 17-54-49-PM,33.3,5.776,0.21681681681681686,-16.127,36.4,5.776,0.1983516483516483,-14.089,42.4,5.78,0.1704009433962264,-14.601,43.1,5.8,0.16821345707656613,-13.32,39.7,5.756,0.1812342569269521,-13.164,49.3,5.788,0.14675456389452335,-11.9486,41.9,5.752,0.17159904534606205,-14.044,38.7,5.756,0.1859173126614987,-14.9583,33.3,5.776,0.21681681681681686,-18.1655,36.4,5.776,0.1983516483516483,-16.217,42.4,5.78,0.1704009433962264,-16.3952,43.1,5.8,0.16821345707656613,-14.646,39.7,5.756,0.1812342569269521,-14.2228,49.3,5.788,0.14675456389452335,-13.799,41.9,5.752,0.17159904534606205,-15.2257,38.7,5.756,0.1859173126614987,-15.092
09-05-2025-Fri 17-54-51-PM,33.2,5.776,0.21746987951807228,-16.194,36.3,5.78,0.19903581267217632,-14.1894,42.4,5.776,0.17028301886792452,-14.679,43.5,5.796,0.16655172413793107,-13.4203,39.5,5.752,0.18202531645569617,-13.253,49.5,5.792,0.14626262626262626,-12.0155,41.9,5.756,0.17171837708830548,-14.1,38.8,5.752,0.1853092783505155,-15.0919,33.2,5.776,0.21746987951807228,-18.1989,36.3,5.78,0.19903581267217632,-16.272,42.4,5.776,0.17028301886792452,-16.4286,43.5,5.796,0.16655172413793107,-14.724,39.5,5.752,0.18202531645569617,-14.3231,49.5,5.792,0.14626262626262626,-13.844,41.9,5.756,0.17171837708830548,-15.1922,38.8,5.752,0.1853092783505155,-15.142
09-05-2025-Fri 17-56-21-PM,34.6,5.772,0.20852601156069367,-16.445,38.0,5.776,0.19,-14.3565,42.9,5.776,0.16829836829836828,-15.069,44.3,5.796,0.16354401805869073,-13.9554,41.0,5.756,0.17548780487804877,-13.833,50.6,5.784,0.14288537549407115,-12.7849,43.2,5.752,0.16643518518518516,-14.624,37.5,5.752,0.1917333333333333,-15.6602,34.6,5.772,0.20852601156069367,-18.5328,38.0,5.776,0.19,-16.595,42.9,5.776,0.16829836829836828,-16.8964,44.3,5.796,0.16354401805869073,-15.203,41.0,5.756,0.17548780487804877,-14.7576,50.6,5.784,0.14288537549407115,-14.323,43.2,5.752,0.16643518518518516,-15.4261,37.5,5.752,0.1917333333333333,-15.543
09-05-2025-Fri 17-56-23-PM,33.3,5.772,0.21666666666666673,-16.445,36.4,5.78,0.19848901098901098,-14.39,41.9,5.78,0.17243436754176614,-15.103,43.2,5.796,0.16770833333333332,-14.0222,39.7,5.76,0.18136020151133497,-13.788,49.2,5.792,0.14715447154471545,-12.6511,42.0,5.752,0.17119047619047617,-14.579,36.3,5.756,0.19820936639118458,-15.493,33.3,5.772,0.21666666666666673,-18.4994,36.4,5.78,0.19848901098901098,-16.595,41.9,5.78,0.17243436754176614,-16.8964,43.2,5.796,0.16770833333333332,-15.203,39.7,5.76,0.18136020151133497,-14.6908,49.2,5.792,0.14715447154471545,-14.312,42.0,5.752,0.17119047619047617,-15.5932,36.3,5.756,0.19820936639118458,-15.543
09-05-2025-Fri 17-56-25-PM,32.5,5.78,0.22230769230769232,-16.445,35.9,5.78,0.20125348189415043,-14.39,41.5,5.78,0.1740963855421687,-15.103,42.4,5.796,0.170872641509434,-13.9888,39.3,5.756,0.1830788804071247,-13.855,48.6,5.792,0.14897119341563783,-12.6845,41.5,5.756,0.17337349397590363,-14.635,37.2,5.76,0.19354838709677416,-15.6267,32.5,5.78,0.22230769230769232,-18.4994,35.9,5.78,0.20125348189415043,-16.606,41.5,5.78,0.1740963855421687,-16.9297,42.4,5.796,0.170872641509434,-15.27,39.3,5.756,0.1830788804071247,-14.8914,48.6,5.792,0.14897119341563783,-14.39,41.5,5.756,0.17337349397590363,-15.5932,37.2,5.76,0.19354838709677416,-15.61
09-05-2025-Fri 17-56-28-PM,32.9,5.776,0.21945288753799394,-16.445,35.9,5.78,0.20125348189415043,-14.3565,41.3,5.78,0.1749394673123487,-15.081,42.4,5.8,0.17099056603773582,-13.9554,39.1,5.76,0.18414322250639384,-13.821,48.4,5.792,0.14958677685950414,-12.6176,41.3,5.76,0.17433414043583537,-14.612,37.0,5.76,0.1945945945945946,-15.6267,32.9,5.776,0.21945288753799394,-18.5328,35.9,5.78,0.20125348189415043,-16.606,41.3,5.78,0.1749394673123487,-16.9297,42.4,5.8,0.17099056603773582,-15.259,39.1,5.76,0.18414322250639384,-14.8914,48.4,5.792,0.14958677685950414,-14.367,41.3,5.76,0.17433414043583537,-15.5932,37.0,5.76,0.1945945945945946,-15.61
09-05-2025-Fri 17-56-30-PM,32.7,5.78,0.22094801223241592,-16.445,36.0,5.784,0.20083333333333336,-14.3565,41.3,5.784,0.17506053268765132,-15.092,42.1,5.796,0.17209026128266036,-13.9888,38.9,5.76,0.18508997429305915,-13.933,48.2,5.792,0.15020746887966804,-12.718,41.2,5.756,0.1746359223300971,-14.646,36.8,5.76,0.1956521739130435,-15.5599,32.7,5.78,0.22094801223241592,-18.5328,36.0,5.784,0.20083333333333336,-16.606,41.3,5.784,0.17506053268765132,-16.9297,42.1,5.796,0.17209026128266036,-15.337,38.9,5.76,0.18508997429305915,-15.0919,48.2,5.792,0.15020746887966804,-14.49,41.2,5.756,0.1746359223300971,-15.6602,36.8,5.76,0.1956521739130435,-15.61
09-05-2025-Fri 17-56-32-PM,32.8,5.776,0.22012195121951222,-16.461,35.8,5.784,0.20195530726256983,-14.39,41.3,5.784,0.17506053268765132,-15.125,42.0,5.8,0.1726190476190476,-14.0556,39.0,5.76,0.1846153846153846,-13.877,48.1,5.792,0.1505197505197505,-12.718,41.0,5.76,0.17560975609756097,-14.657,37.0,5.76,0.1945945945945946,-15.6602,32.8,5.776,0.22012195121951222,-18.5328,35.8,5.784,0.20195530726256983,-16.618,41.3,5.784,0.17506053268765132,-16.9297,42.0,5.8,0.1726190476190476,-15.281,39.0,5.76,0.1846153846153846,-14.858,48.1,5.792,0.1505197505197505,-14.39,41.0,5.76,0.17560975609756097,-15.5932,37.0,5.76,0.1945945945945946,-15.627
09-05-2025-Fri 17-56-35-PM,32.8,5.776,0.22012195121951222,-16.428,36.0,5.784,0.20083333333333336,-14.3231,41.3,5.78,0.1749394673123487,-15.069,42.2,5.796,0.1716824644549763,-13.9888,38.6,5.76,0.18652849740932642,-13.821,48.1,5.792,0.1505197505197505,-12.6176,40.8,5.752,0.17622549019607844,-14.713,37.1,5.76,0.19407008086253366,-15.7269,32.8,5.776,0.22012195121951222,-18.5328,36.0,5.784,0.20083333333333336,-16.584,41.3,5.78,0.1749394673123487,-16.8964,42.2,5.796,0.1716824644549763,-15.248,38.6,5.76,0.18652849740932642,-14.858,48.1,5.792,0.1505197505197505,-14.423,40.8,5.752,0.17622549019607844,-15.7938,37.1,5.76,0.19407008086253366,-15.76
09-05-2025-Fri 18-04-43-PM,34.4,5.776,0.20988372093023255,-17.246,36.6,5.788,0.1976775956284153,-14.9248,41.7,5.78,0.17326139088729017,-16.128,43.1,5.8,0.16821345707656613,-14.9917,40.0,5.76,0.18,-15.716,49.2,5.792,0.14715447154471545,-15.1922,41.6,5.752,0.17283653846153846,-16.785,37.6,5.76,0.19148936170212763,-17.5977,34.4,5.776,0.20988372093023255,-19.5677,36.6,5.788,0.1976775956284153,-17.653,41.7,5.78,0.17326139088729017,-18.466,43.1,5.8,0.16821345707656613,-16.807,40.0,5.76,0.18,-16.9632,49.2,5.792,0.14715447154471545,-16.573,41.6,5.752,0.17283653846153846,-17.5644,37.6,5.76,0.19148936170212763,-17.581
09-05-2025-Fri 18-04-45-PM,33.5,5.78,0.21567164179104478,-17.213,35.8,5.788,0.2020949720670391,-14.8246,40.9,5.78,0.17665036674816625,-16.127,42.2,5.8,0.17180094786729858,-14.9917,39.3,5.76,0.18320610687022904,-15.682,47.7,5.796,0.15188679245283018,-15.1254,40.6,5.756,0.17721674876847288,-16.762,36.8,5.764,0.1957880434782609,-17.5644,33.5,5.78,0.21567164179104478,-19.601,35.8,5.788,0.2020949720670391,-17.664,40.9,5.78,0.17665036674816625,-18.5662,42.2,5.8,0.17180094786729858,-16.829,39.3,5.76,0.18320610687022904,-16.9297,47.7,5.796,0.15188679245283018,-16.551,40.6,5.756,0.17721674876847288,-17.5977,36.8,5.764,0.1957880434782609,-17.581
09-05-2025-Fri 18-04-47-PM,32.8,5.784,0.2204268292682927,-17.246,35.7,5.788,0.2026610644257703,-14.8246,40.2,5.788,0.17997512437810947,-16.116,41.5,5.804,0.17481927710843373,-14.9248,38.6,5.764,0.1866580310880829,-15.671,46.8,5.796,0.15480769230769234,-15.1588,39.7,5.764,0.18148614609571787,-16.774,36.1,5.76,0.19944598337950137,-17.6646,32.8,5.784,0.2204268292682927,-19.6679,35.7,5.788,0.2026610644257703,-17.697,40.2,5.788,0.17997512437810947,-18.5995,41.5,5.804,0.17481927710843373,-16.818,38.6,5.764,0.1866580310880829,-16.9297,46.8,5.796,0.15480769230769234,-16.529,39.7,5.764,0.18148614609571787,-17.4976,36.1,5.76,0.19944598337950137,-17.581
09-05-2025-Fri 18-04-50-PM,32.6,5.784,0.22177914110429445,-17.28,35.0,5.788,0.2067142857142857,-14.858,40.0,5.784,0.18075,-16.172,41.4,5.804,0.17524154589371982,-14.9917,37.8,5.768,0.19074074074074074,-15.638,46.1,5.796,0.1571583514099783,-15.1254,39.1,5.76,0.18414322250639384,-16.829,35.7,5.768,0.2019607843137255,-17.6312,32.6,5.784,0.22177914110429445,-19.7012,35.0,5.788,0.2067142857142857,-17.742,40.0,5.784,0.18075,-18.6664,41.4,5.804,0.17524154589371982,-16.818,37.8,5.768,0.19074074074074074,-16.7961,46.1,5.796,0.1571583514099783,-16.551,39.1,5.76,0.18414322250639384,-17.7314,35.7,5.768,0.2019607843137255,-17.681
09-05-2025-Fri 18-05-28-PM,30.8,5.788,0.23490259740259742,-17.814,33.2,5.792,0.2180722891566265,-15.1588,38.0,5.796,0.19065789473684214,-16.573,39.6,5.808,0.18333333333333332,-15.2925,35.9,5.776,0.2011142061281337,-16.039,44.2,5.8,0.16402714932126697,-15.493,37.6,5.768,0.19175531914893615,-17.241,34.4,5.772,0.2097383720930233,-17.9986,30.8,5.788,0.23490259740259742,-20.4688,33.2,5.792,0.2180722891566265,-18.298,38.0,5.796,0.19065789473684214,-19.2672,39.6,5.808,0.18333333333333332,-17.297,35.9,5.776,0.2011142061281337,-17.3306,44.2,5.8,0.16402714932126697,-17.019,37.6,5.768,0.19175531914893615,-18.2323,34.4,5.772,0.2097383720930233,-18.115
09-05-2025-Fri 18-05-30-PM,30.2,5.788,0.23956953642384107,-17.881,33.2,5.792,0.2180722891566265,-15.2257,38.1,5.792,0.1900262467191601,-16.629,39.6,5.808,0.18333333333333332,-15.3593,35.6,5.772,0.20266853932584272,-16.128,44.2,5.804,0.16414027149321267,-15.5599,37.2,5.768,0.19381720430107524,-17.286,33.7,5.772,0.21409495548961424,-17.9986,30.2,5.788,0.23956953642384107,-20.5355,33.2,5.792,0.2180722891566265,-18.354,38.1,5.792,0.1900262467191601,-19.3007,39.6,5.808,0.18333333333333332,-17.375,35.6,5.772,0.20266853932584272,-17.4642,44.2,5.804,0.16414027149321267,-17.108,37.2,5.768,0.19381720430107524,-18.2991,33.7,5.772,0.21409495548961424,-18.149
09-05-2025-Fri 18-07-18-PM,30.4,5.784,0.23782894736842106,-18.798,33.2,5.792,0.2180722891566265,-15.7603,38.0,5.792,0.1905263157894737,-17.341,39.5,5.808,0.18379746835443037,-15.8941,36.5,5.772,0.19767123287671237,-16.885,44.9,5.804,0.16158129175946548,-16.2282,38.3,5.768,0.1882506527415144,-18.154,34.0,5.776,0.21235294117647058,-18.8667,30.4,5.784,0.23782894736842106,-21.8366,33.2,5.792,0.2180722891566265,-19.322,38.0,5.792,0.1905263157894737,-20.3687,39.5,5.808,0.18379746835443037,-18.265,36.5,5.772,0.19767123287671237,-18.5328,44.9,5.804,0.16158129175946548,-18.043,38.3,5.768,0.1882506527415144,-19.3675,34.0,5.776,0.21235294117647058,-19.117
09-05-2025-Fri 18-07-21-PM,29.6,5.792,0.24459459459459457,-18.849,32.3,5.8,0.22445820433436534,-15.8272,37.0,5.796,0.19581081081081084,-17.374,38.1,5.812,0.19068241469816272,-15.9274,35.0,5.776,0.20628571428571427,-16.896,43.3,5.808,0.16766743648960739,-16.4286,36.8,5.772,0.19605978260869567,-18.288,32.5,5.78,0.22230769230769232,-19.0336,29.6,5.792,0.24459459459459457,-21.8699,32.3,5.8,0.22445820433436534,-19.355,37.0,5.796,0.19581081081081084,-20.3687,38.1,5.812,0.19068241469816272,-18.21,35.0,5.776,0.20628571428571427,-18.3325,43.3,5.808,0.16766743648960739,-18.054,36.8,5.772,0.19605978260869567,-19.4008,32.5,5.78,0.22230769230769232,-19.217
09-05-2025-Fri 18-08-34-PM,29.4,5.792,0.24625850340136055,-19.232,31.5,5.8,0.23015873015873017,-16.0611,36.9,5.8,0.1964769647696477,-17.731,37.9,5.812,0.19168865435356203,-16.2282,35.4,5.78,0.2040960451977401,-17.386,43.3,5.808,0.16766743648960739,-16.9632,37.1,5.776,0.19460916442048518,-18.711,32.7,5.776,0.22079510703363914,-19.3007,29.4,5.792,0.24625850340136055,-22.4036,31.5,5.8,0.23015873015873017,-19.789,36.9,5.8,0.1964769647696477,-20.9025,37.9,5.812,0.19168865435356203,-18.699,35.4,5.78,0.2040960451977401,-18.9669,43.3,5.808,0.16766743648960739,-18.599,37.1,5.776,0.19460916442048518,-19.8681,32.7,5.776,0.22079510703363914,-19.584
09-05-2025-Fri 18-08-37-PM,28.4,5.796,0.2551056338028169,-19.249,30.9,5.804,0.23478964401294503,-16.1279,35.8,5.8,0.20251396648044695,-17.742,36.8,5.816,0.19755434782608697,-16.1948,34.0,5.78,0.2125,-17.319,42.1,5.812,0.17256532066508315,-16.863,35.8,5.776,0.2016759776536313,-18.666,31.4,5.78,0.23009554140127392,-19.3675,28.4,5.796,0.2551056338028169,-22.3702,30.9,5.804,0.23478964401294503,-19.8,35.8,5.8,0.20251396648044695,-20.9025,36.8,5.816,0.19755434782608697,-18.666,34.0,5.78,0.2125,-18.9001,42.1,5.812,0.17256532066508315,-18.51,35.8,5.776,0.2016759776536313,-19.7679,31.4,5.78,0.23009554140127392,-19.568
09-05-2025-Fri 18-08-39-PM,28.2,5.796,0.2569148936170213,-19.232,30.5,5.804,0.2378688524590164,-16.0945,35.7,5.804,0.20322128851540616,-17.753,36.5,5.816,0.19917808219178085,-16.2282,33.9,5.78,0.21312684365781714,-17.42,41.8,5.808,0.1736842105263158,-17.03,35.9,5.78,0.20125348189415043,-18.733,31.5,5.784,0.22952380952380952,-19.3675,28.2,5.796,0.2569148936170213,-22.3702,30.5,5.804,0.2378688524590164,-19.8,35.7,5.804,0.20322128851540616,-20.9358,36.5,5.816,0.19917808219178085,-18.721,33.9,5.78,0.21312684365781714,-19.0003,41.8,5.808,0.1736842105263158,-18.611,35.9,5.78,0.20125348189415043,-19.8013,31.5,5.784,0.22952380952380952,-19.584
09-05-2025-Fri 18-10-53-PM,29.0,5.792,0.2496551724137931,-19.833,31.3,5.8,0.231629392971246,-16.5623,36.1,5.8,0.2008310249307479,-18.309,37.3,5.812,0.1947721179624665,-16.6625,34.8,5.78,0.20761494252873566,-18.121,42.5,5.808,0.1708235294117647,-17.8316,36.3,5.776,0.19889807162534434,-19.512,31.8,5.78,0.22720125786163523,-20.0016,29.0,5.792,0.2496551724137931,-23.1038,31.3,5.8,0.231629392971246,-20.456,36.1,5.8,0.2008310249307479,-21.7032,37.3,5.812,0.1947721179624665,-19.411,34.8,5.78,0.20761494252873566,-19.8681,42.5,5.808,0.1708235294117647,-19.467,36.3,5.776,0.19889807162534434,-20.7024,31.8,5.78,0.22720125786163523,-20.352
09-05-2025-Fri 18-10-55-PM,27.9,5.8,0.25985663082437277,-19.85,30.4,5.804,0.2386513157894737,-16.5956,34.7,5.804,0.20907780979827087,-18.309,36.3,5.816,0.20027548209366391,-16.6291,33.5,5.784,0.21582089552238806,-18.076,41.0,5.812,0.1771951219512195,-17.865,34.6,5.784,0.20895953757225436,-19.467,30.8,5.784,0.23474025974025975,-20.035,27.9,5.8,0.25985663082437277,-23.1038,30.4,5.804,0.2386513157894737,-20.468,34.7,5.804,0.20907780979827087,-21.7032,36.3,5.816,0.20027548209366391,-19.356,33.5,5.784,0.21582089552238806,-19.7346,41.0,5.812,0.1771951219512195,-19.367,34.6,5.784,0.20895953757225436,-20.5021,30.8,5.784,0.23474025974025975,-20.269
09-05-2025-Fri 18-10-58-PM,27.7,5.804,0.2619133574007221,-19.85,29.9,5.808,0.242809364548495,-16.5956,34.2,5.804,0.2121345029239766,-18.309,35.5,5.82,0.20492957746478876,-16.6291,32.7,5.784,0.22110091743119267,-18.132,40.2,5.816,0.18084577114427858,-17.865,34.1,5.78,0.21187683284457481,-19.49,30.3,5.788,0.2387788778877888,-20.035,27.7,5.804,0.2619133574007221,-23.1038,29.9,5.808,0.242809364548495,-20.468,34.2,5.804,0.2121345029239766,-21.7032,35.5,5.82,0.20492957746478876,-19.411,32.7,5.784,0.22110091743119267,-19.9015,40.2,5.816,0.18084577114427858,-19.445,34.1,5.78,0.21187683284457481,-20.5689,30.3,5.788,0.2387788778877888,-20.302
09-05-2025-Fri 18-11-00-PM,27.3,5.8,0.26556776556776557,-19.8,29.5,5.808,0.24610169491525427,-16.4955,34.4,5.804,0.21090116279069768,-18.265,35.3,5.816,0.20594900849858358,-16.5956,32.7,5.788,0.22125382262996943,-18.076,40.0,5.82,0.181875,-17.8984,34.0,5.784,0.21264705882352938,-19.49,30.3,5.788,0.2387788778877888,-20.035,27.3,5.8,0.26556776556776557,-23.1038,29.5,5.808,0.24610169491525427,-20.434,34.4,5.804,0.21090116279069768,-21.7032,35.3,5.816,0.20594900849858358,-19.344,32.7,5.788,0.22125382262996943,-19.7346,40.0,5.82,0.181875,-19.39,34.0,5.784,0.21264705882352938,-20.5355,30.3,5.788,0.2387788778877888,-20.285
09-05-2025-Fri 18-11-07-PM,27.3,5.8,0.26556776556776557,-19.883,29.5,5.808,0.24610169491525427,-16.6291,34.5,5.804,0.21028985507246375,-18.332,35.1,5.82,0.20726495726495728,-16.5956,32.5,5.784,0.22246153846153846,-18.054,39.8,5.816,0.1826633165829146,-17.8984,33.9,5.788,0.21342182890855457,-19.512,30.5,5.788,0.23721311475409837,-20.0684,27.3,5.8,0.26556776556776557,-23.1372,29.5,5.808,0.24610169491525427,-20.512,34.5,5.804,0.21028985507246375,-21.7698,35.1,5.82,0.20726495726495728,-19.344,32.5,5.784,0.22246153846153846,-19.6679,39.8,5.816,0.1826633165829146,-19.378,33.9,5.788,0.21342182890855457,-20.5689,30.5,5.788,0.23721311475409837,-20.319
09-05-2025-Fri 18-27-18-PM,30.4,5.796,0.23832236842105264,-21.385,31.4,5.8,0.23089171974522293,-18.9669,35.7,5.8,0.2030812324929972,-20.134,36.7,5.816,0.1980926430517711,-18.5662,34.4,5.78,0.21002906976744184,-19.979,41.4,5.812,0.17548309178743965,-19.601,36.6,5.776,0.1972677595628415,-20.858,31.6,5.784,0.22879746835443038,-20.8358,30.4,5.796,0.23832236842105264,-23.8039,31.4,5.8,0.23089171974522293,-21.88,35.7,5.8,0.2030812324929972,-22.8704,36.7,5.816,0.1980926430517711,-21.069,34.4,5.78,0.21002906976744184,-21.7698,41.4,5.812,0.17548309178743965,-21.169,36.6,5.776,0.1972677595628415,-22.1368,31.6,5.784,0.22879746835443038,-21.486
09-05-2025-Fri 18-27-21-PM,29.1,5.8,0.24914089347079035,-21.352,30.5,5.808,0.2380327868852459,-18.9334,34.8,5.804,0.2084770114942529,-20.123,36.2,5.816,0.20082872928176795,-18.5328,34.0,5.784,0.21264705882352938,-19.968,40.2,5.816,0.18084577114427858,-19.6345,35.4,5.78,0.2040960451977401,-20.913,30.4,5.784,0.23782894736842106,-20.8358,29.1,5.8,0.24914089347079035,-23.7705,30.5,5.808,0.2380327868852459,-21.869,34.8,5.804,0.2084770114942529,-22.9037,36.2,5.816,0.20082872928176795,-21.058,34.0,5.784,0.21264705882352938,-21.7365,40.2,5.816,0.18084577114427858,-21.214,35.4,5.78,0.2040960451977401,-22.2701,30.4,5.784,0.23782894736842106,-21.553
09-05-2025-Fri 18-27-23-PM,28.8,5.804,0.25190972222222224,-21.402,30.3,5.804,0.23943894389438947,-19.0336,34.5,5.804,0.21028985507246375,-20.168,35.8,5.82,0.20321229050279332,-18.5662,33.2,5.784,0.21777108433734937,-19.879,39.6,5.82,0.18371212121212122,-19.601,34.8,5.784,0.2077586206896552,-20.869,30.1,5.788,0.24036544850498337,-20.8358,28.8,5.804,0.25190972222222224,-23.7705,30.3,5.804,0.23943894389438947,-21.903,34.5,5.804,0.21028985507246375,-22.9037,35.8,5.82,0.20321229050279332,-20.98,33.2,5.784,0.21777108433734937,-21.4697,39.6,5.82,0.18371212121212122,-21.08,34.8,5.784,0.2077586206896552,-22.1701,30.1,5.788,0.24036544850498337,-21.503
09-05-2025-Fri 18-29-03-PM,26.4,5.804,0.2748106060606061,-22.352,29.2,5.808,0.24863013698630138,-19.5009,33.1,5.808,0.21933534743202415,-20.957,34.7,5.82,0.20965417867435157,-19.2005,32.2,5.788,0.22468944099378885,-20.524,38.8,5.816,0.18737113402061858,-19.9682,33.6,5.788,0.2153273809523809,-21.469,29.2,5.792,0.24794520547945204,-21.403,26.4,5.804,0.2748106060606061,-25.2035,29.2,5.808,0.24863013698630138,-22.958,33.1,5.808,0.21933534743202415,-24.1705,34.7,5.82,0.20965417867435157,-21.925,32.2,5.788,0.22468944099378885,-22.4036,38.8,5.816,0.18737113402061858,-21.803,33.6,5.788,0.2153273809523809,-23.0371,29.2,5.792,0.24794520547945204,-22.22
09-05-2025-Fri 18-29-05-PM,25.7,5.808,0.28249027237354085,-22.402,28.8,5.816,0.2524305555555556,-19.5343,32.8,5.812,0.22149390243902442,-20.98,34.1,5.824,0.21348973607038121,-19.2339,31.4,5.792,0.23057324840764334,-20.535,38.0,5.82,0.19144736842105264,-20.035,32.4,5.788,0.2233024691358025,-21.492,28.2,5.792,0.2567375886524823,-21.403,25.7,5.808,0.28249027237354085,-25.2701,28.8,5.816,0.2524305555555556,-22.992,32.8,5.812,0.22149390243902442,-24.1705,34.1,5.824,0.21348973607038121,-21.914,31.4,5.792,0.23057324840764334,-22.3369,38.0,5.82,0.19144736842105264,-21.803,32.4,5.788,0.2233024691358025,-23.0371,28.2,5.792,0.2567375886524823,-22.22
09-05-2025-Fri 18-29-08-PM,25.3,5.804,0.2867588932806324,-22.402,28.6,5.816,0.25419580419580423,-19.4675,32.2,5.812,0.22562111801242238,-21.002,33.9,5.824,0.21474926253687315,-19.3007,30.7,5.796,0.23599348534201958,-20.58,37.0,5.82,0.19662162162162167,-20.035,32.0,5.792,0.22625,-21.558,27.9,5.796,0.25967741935483873,-21.4362,25.3,5.804,0.2867588932806324,-25.3368,28.6,5.816,0.25419580419580423,-23.014,32.2,5.812,0.22562111801242238,-24.2372,33.9,5.824,0.21474926253687315,-21.98,30.7,5.796,0.23599348534201958,-22.4036,37.0,5.82,0.19662162162162167,-21.881,32.0,5.792,0.22625,-23.2038,27.9,5.796,0.25967741935483873,-22.32
09-05-2025-Fri 18-29-10-PM,25.1,5.808,0.2892430278884462,-22.469,28.2,5.812,0.25762411347517733,-19.5677,32.1,5.812,0.2263239875389408,-21.069,33.9,5.824,0.21474926253687315,-19.3675,30.4,5.796,0.23832236842105264,-20.58,36.6,5.82,0.1987704918032787,-20.035,31.4,5.796,0.23073248407643315,-21.547,27.6,5.796,0.2625,-21.4362,25.1,5.808,0.2892430278884462,-25.3702,28.2,5.812,0.25762411347517733,-23.069,32.1,5.812,0.2263239875389408,-24.2704,33.9,5.824,0.21474926253687315,-21.992,30.4,5.796,0.23832236842105264,-22.3369,36.6,5.82,0.1987704918032787,-21.847,31.4,5.796,0.23073248407643315,-23.1704,27.6,5.796,0.2625,-22.303
09-05-2025-Fri 18-29-55-PM,24.2,5.804,0.2997933884297521,-23.052,27.3,5.812,0.2661172161172161,-19.9015,31.4,5.812,0.23136942675159242,-21.513,32.8,5.828,0.22210365853658542,-19.7679,29.9,5.796,0.24230769230769234,-21.069,36.5,5.82,0.1993150684931507,-20.4021,31.5,5.792,0.22984126984126985,-22.081,27.2,5.792,0.2661764705882353,-21.8366,24.2,5.804,0.2997933884297521,-26.203,27.3,5.812,0.2661172161172161,-23.658,31.4,5.812,0.23136942675159242,-24.8703,32.8,5.828,0.22210365853658542,-22.558,29.9,5.796,0.24230769230769234,-23.0371,36.5,5.82,0.1993150684931507,-22.481,31.5,5.792,0.22984126984126985,-24.0039,27.2,5.792,0.2661764705882353,-22.92
09-05-2025-Fri 18-29-58-PM,23.7,5.808,0.30632911392405066,-23.086,26.8,5.816,0.27126865671641787,-19.9682,30.6,5.816,0.23758169934640522,-21.524,32.4,5.828,0.2248456790123457,-19.7012,29.5,5.796,0.2455932203389831,-21.047,35.6,5.828,0.20463483146067418,-20.4353,30.5,5.796,0.2375409836065574,-22.092,26.6,5.804,0.2727443609022556,-21.9033,23.7,5.808,0.30632911392405066,-26.203,26.8,5.816,0.27126865671641787,-23.692,30.6,5.816,0.23758169934640522,-24.9037,32.4,5.828,0.2248456790123457,-22.536,29.5,5.796,0.2455932203389831,-23.0038,35.6,5.828,0.20463483146067418,-22.459,30.5,5.796,0.2375409836065574,-23.9371,26.6,5.804,0.2727443609022556,-22.92
09-05-2025-Fri 18-30-00-PM,23.4,5.812,0.31047008547008553,-23.119,26.6,5.824,0.27368421052631575,-20.0016,30.5,5.82,0.23852459016393443,-21.536,32.1,5.832,0.22710280373831773,-19.7012,28.9,5.8,0.2508650519031142,-21.069,35.5,5.828,0.20521126760563385,-20.4021,30.3,5.796,0.23910891089108913,-22.025,26.1,5.804,0.27796934865900386,-21.9033,23.4,5.812,0.31047008547008553,-26.2363,26.6,5.824,0.27368421052631575,-23.714,30.5,5.82,0.23852459016393443,-24.9037,32.1,5.832,0.22710280373831773,-22.57,28.9,5.8,0.2508650519031142,-23.1038,35.5,5.828,0.20521126760563385,-22.425,30.3,5.796,0.23910891089108913,-23.7705,26.1,5.804,0.27796934865900386,-22.837
09-05-2025-Fri 18-30-02-PM,23.4,5.812,0.31047008547008553,-23.119,26.5,5.82,0.2745283018867925,-19.9682,30.7,5.82,0.23697068403908797,-21.558,31.9,5.828,0.22836990595611287,-19.8013,29.1,5.8,0.24914089347079035,-21.08,35.4,5.828,0.20579096045197742,-20.4353,30.3,5.8,0.23927392739273928,-22.003,26.1,5.808,0.27816091954022987,-21.9033,23.4,5.812,0.31047008547008553,-26.2695,26.5,5.82,0.2745283018867925,-23.714,30.7,5.82,0.23697068403908797,-24.9037,31.9,5.828,0.22836990595611287,-22.57,29.1,5.8,0.24914089347079035,-23.0038,35.4,5.828,0.20579096045197742,-22.37,30.3,5.8,0.23927392739273928,-23.6705,26.1,5.808,0.27816091954022987,-22.787
09-05-2025-Fri 18-30-05-PM,23.3,5.816,0.3120171673819742,-23.152,26.3,5.816,0.27642585551330795,-20.035,30.3,5.82,0.2400990099009901,-21.591,31.5,5.836,0.2315873015873016,-19.8013,29.1,5.8,0.24914089347079035,-21.058,35.3,5.828,0.20637393767705384,-20.4353,30.0,5.8,0.2416666666666667,-22.136,26.0,5.804,0.27903846153846157,-21.9033,23.3,5.816,0.3120171673819742,-26.2695,26.3,5.816,0.27642585551330795,-23.747,30.3,5.82,0.2400990099009901,-24.9369,31.5,5.836,0.2315873015873016,-22.558,29.1,5.8,0.24914089347079035,-22.937,35.3,5.828,0.20637393767705384,-22.481,30.0,5.8,0.2416666666666667,-24.0705,26.0,5.804,0.27903846153846157,-22.987
09-05-2025-Fri 18-30-07-PM,23.0,5.816,0.3160869565217391,-23.169,26.0,5.82,0.27980769230769237,-20.0684,30.6,5.824,0.23790849673202613,-21.613,31.8,5.832,0.22924528301886793,-19.8347,29.1,5.8,0.24914089347079035,-21.114,35.0,5.828,0.20814285714285713,-20.4353,30.3,5.8,0.23927392739273928,-22.092,25.8,5.804,0.2812015503875969,-21.9366,23.0,5.816,0.3160869565217391,-26.2695,26.0,5.82,0.27980769230769237,-23.758,30.6,5.824,0.23790849673202613,-24.9369,31.8,5.832,0.22924528301886793,-22.614,29.1,5.8,0.24914089347079035,-23.0705,35.0,5.828,0.20814285714285713,-22.47,30.3,5.8,0.23927392739273928,-23.9039,25.8,5.804,0.2812015503875969,-22.92
09-05-2025-Fri 18-30-10-PM,23.4,5.812,0.31047008547008553,-23.186,25.6,5.82,0.2841796875,-20.035,30.2,5.82,0.2408940397350994,-21.602,31.5,5.832,0.23142857142857143,-19.8013,28.6,5.8,0.2534965034965035,-21.147,35.3,5.824,0.20623229461756373,-20.4688,30.4,5.796,0.23832236842105264,-22.125,25.6,5.8,0.28320312499999994,-21.9366,23.4,5.812,0.31047008547008553,-26.3362,25.6,5.82,0.2841796875,-23.78,30.2,5.82,0.2408940397350994,-24.9703,31.5,5.832,0.23142857142857143,-22.647,28.6,5.8,0.2534965034965035,-23.1704,35.3,5.824,0.20623229461756373,-22.537,30.4,5.796,0.23832236842105264,-23.9705,25.6,5.8,0.28320312499999994,-22.954
09-05-2025-Fri 18-30-12-PM,22.9,5.816,0.3174672489082969,-23.186,25.8,5.824,0.28217054263565894,-20.0684,30.5,5.82,0.23852459016393443,-21.636,31.3,5.828,0.23274760383386583,-19.8347,28.5,5.8,0.2543859649122807,-21.136,35.3,5.828,0.20637393767705384,-20.4688,30.1,5.8,0.24086378737541528,-22.125,25.8,5.804,0.2812015503875969,-21.9366,22.9,5.816,0.3174672489082969,-26.3029,25.8,5.824,0.28217054263565894,-23.792,30.5,5.82,0.23852459016393443,-25.0037,31.3,5.828,0.23274760383386583,-22.647,28.5,5.8,0.2543859649122807,-23.1038,35.3,5.828,0.20637393767705384,-22.514,30.1,5.8,0.24086378737541528,-23.9705,25.8,5.804,0.2812015503875969,-22.954
09-05-2025-Fri 18-30-14-PM,22.8,5.812,0.318640350877193,-23.219,25.9,5.82,0.2808880308880309,-20.0684,30.5,5.82,0.23852459016393443,-21.613,31.2,5.832,0.23365384615384618,-19.7679,28.9,5.8,0.2508650519031142,-21.091,35.1,5.824,0.2074074074074074,-20.4688,30.2,5.8,0.24006622516556292,-22.181,25.7,5.804,0.282295719844358,-21.97,22.8,5.812,0.318640350877193,-26.3695,25.9,5.82,0.2808880308880309,-23.814,30.5,5.82,0.23852459016393443,-25.0037,31.2,5.832,0.23365384615384618,-22.603,28.9,5.8,0.2508650519031142,-23.0371,35.1,5.824,0.2074074074074074,-22.537,30.2,5.8,0.24006622516556292,-24.1038,25.7,5.804,0.282295719844358,-23.037
09-05-2025-Fri 18-30-59-PM,22.7,5.816,0.3202643171806167,-23.419,25.5,5.824,0.2854901960784314,-20.2352,30.3,5.82,0.2400990099009901,-21.869,30.8,5.832,0.2366883116883117,-20.0684,29.4,5.804,0.24676870748299323,-21.403,35.8,5.828,0.20349162011173186,-20.7357,30.7,5.8,0.23615635179153097,-22.448,26.2,5.804,0.27690839694656494,-22.2368,22.7,5.816,0.3202643171806167,-26.6026,25.5,5.824,0.2854901960784314,-24.047,30.3,5.82,0.2400990099009901,-25.3035,30.8,5.832,0.2366883116883117,-22.925,29.4,5.804,0.24676870748299323,-23.4039,35.8,5.828,0.20349162011173186,-22.837,30.7,5.8,0.23615635179153097,-24.3705,26.2,5.804,0.27690839694656494,-23.304
09-05-2025-Fri 18-31-02-PM,22.3,5.82,0.32623318385650224,-23.469,24.8,5.824,0.2935483870967742,-20.3687,29.5,5.82,0.24661016949152545,-21.914,30.3,5.832,0.24059405940594059,-20.035,28.3,5.8,0.25618374558303886,-21.358,34.6,5.832,0.21069364161849713,-20.7357,30.0,5.8,0.2416666666666667,-22.359,25.5,5.804,0.28450980392156866,-22.2368,22.3,5.82,0.32623318385650224,-26.5693,24.8,5.824,0.2935483870967742,-24.092,29.5,5.82,0.24661016949152545,-25.3368,30.3,5.832,0.24059405940594059,-22.892,28.3,5.8,0.25618374558303886,-23.3038,34.6,5.832,0.21069364161849713,-22.714,30.0,5.8,0.2416666666666667,-24.1038,25.5,5.804,0.28450980392156866,-23.17
09-05-2025-Fri 18-31-04-PM,22.0,5.82,0.3306818181818182,-23.452,24.8,5.828,0.29375000000000007,-20.3019,29.6,5.82,0.24577702702702703,-21.913,30.2,5.836,0.2415562913907285,-20.1016,28.4,5.804,0.25545774647887326,-21.469,34.5,5.832,0.21130434782608692,-20.7357,29.9,5.8,0.24247491638795984,-22.492,25.2,5.808,0.2880952380952381,-22.2368,22.0,5.82,0.3306818181818182,-26.6026,24.8,5.828,0.29375000000000007,-24.08,29.6,5.82,0.24577702702702703,-25.3368,30.2,5.836,0.2415562913907285,-23.003,28.4,5.804,0.25545774647887326,-23.5705,34.5,5.832,0.21130434782608692,-22.937,29.9,5.8,0.24247491638795984,-24.5038,25.2,5.808,0.2880952380952381,-23.37
09-05-2025-Fri 18-32-21-PM,21.9,5.82,0.3321917808219178,-23.752,24.7,5.824,0.29473684210526313,-20.7024,29.3,5.82,0.24829351535836178,-22.336,29.6,5.836,0.2464527027027027,-20.4688,28.9,5.804,0.25103806228373704,-21.881,35.1,5.832,0.2076923076923077,-21.0694,30.7,5.8,0.23615635179153097,-22.914,26.0,5.804,0.27903846153846157,-22.6036,21.9,5.82,0.3321917808219178,-26.8025,24.7,5.824,0.29473684210526313,-24.447,29.3,5.82,0.24829351535836178,-25.8366,29.6,5.836,0.2464527027027027,-23.47,28.9,5.804,0.25103806228373704,-24.1038,35.1,5.832,0.2076923076923077,-23.414,30.7,5.8,0.23615635179153097,-25.0703,26.0,5.804,0.27903846153846157,-23.837
09-05-2025-Fri 18-32-23-PM,21.2,5.82,0.3431603773584906,-23.769,23.7,5.828,0.3073839662447258,-20.7357,28.4,5.824,0.2563380281690141,-22.347,28.8,5.836,0.2532986111111111,-20.5021,27.8,5.808,0.26115107913669067,-21.892,34.1,5.836,0.21392961876832847,-21.0694,29.6,5.804,0.2451013513513514,-22.848,24.9,5.808,0.29156626506024097,-22.6036,21.2,5.82,0.3431603773584906,-26.8025,23.7,5.828,0.3073839662447258,-24.447,28.4,5.824,0.2563380281690141,-25.8033,28.8,5.836,0.2532986111111111,-23.47,27.8,5.808,0.26115107913669067,-24.1038,34.1,5.836,0.21392961876832847,-23.348,29.6,5.804,0.2451013513513514,-24.8703,24.9,5.808,0.29156626506024097,-23.737
09-05-2025-Fri 18-32-26-PM,21.1,5.824,0.34502369668246446,-23.769,23.5,5.828,0.31,-20.7357,28.6,5.828,0.2547202797202797,-22.336,28.9,5.84,0.25259515570934254,-20.4353,27.6,5.808,0.26304347826086955,-21.814,33.7,5.836,0.21646884272997036,-21.0694,29.3,5.804,0.24761092150170652,-22.914,24.5,5.812,0.29653061224489796,-22.6036,21.1,5.824,0.34502369668246446,-26.8025,23.5,5.828,0.31,-24.458,28.6,5.828,0.2547202797202797,-25.8366,28.9,5.84,0.25259515570934254,-23.403,27.6,5.808,0.26304347826086955,-23.9371,33.7,5.836,0.21646884272997036,-23.359,29.3,5.804,0.24761092150170652,-25.0703,24.5,5.812,0.29653061224489796,-23.837
09-05-2025-Fri 18-32-28-PM,20.9,5.824,0.34832535885167465,-23.752,23.7,5.832,0.3075949367088608,-20.7024,28.4,5.828,0.2565140845070423,-22.325,28.6,5.84,0.25524475524475526,-20.4353,27.5,5.808,0.264,-21.847,33.8,5.836,0.21582840236686396,-21.0694,29.3,5.808,0.2477815699658703,-22.881,24.5,5.812,0.29653061224489796,-22.6036,20.9,5.824,0.34832535885167465,-26.8025,23.7,5.832,0.3075949367088608,-24.447,28.4,5.828,0.2565140845070423,-25.8366,28.6,5.84,0.25524475524475526,-23.436,27.5,5.808,0.264,-24.0372,33.8,5.836,0.21582840236686396,-23.359,29.3,5.808,0.2477815699658703,-24.9703,24.5,5.812,0.29653061224489796,-23.787
09-05-2025-Fri 18-32-31-PM,20.8,5.824,0.35000000000000003,-23.752,23.4,5.828,0.3113247863247864,-20.7357,28.3,5.828,0.2574204946996466,-22.358,28.6,5.84,0.25524475524475526,-20.5021,27.4,5.808,0.26496350364963506,-21.858,33.4,5.836,0.2184131736526946,-21.1026,28.7,5.808,0.2529616724738676,-22.87,24.2,5.808,0.3,-22.6036,20.8,5.824,0.35000000000000003,-26.7691,23.4,5.828,0.3113247863247864,-24.447,28.3,5.828,0.2574204946996466,-25.8366,28.6,5.84,0.25524475524475526,-23.436,27.4,5.808,0.26496350364963506,-23.9705,33.4,5.836,0.2184131736526946,-23.326,28.7,5.808,0.2529616724738676,-24.9037,24.2,5.808,0.3,-23.754
09-05-2025-Fri 18-34-48-PM,20.4,5.82,0.35661764705882354,-24.219,22.4,5.828,0.3252232142857143,-21.503,27.8,5.824,0.2618705035971223,-22.981,27.4,5.836,0.2662408759124088,-21.1026,28.2,5.804,0.2572695035460993,-22.548,34.4,5.832,0.21191860465116277,-21.5364,30.0,5.804,0.24183333333333337,-23.514,25.4,5.812,0.28602362204724413,-23.1704,20.4,5.82,0.35661764705882354,-26.9356,22.4,5.828,0.3252232142857143,-24.925,27.8,5.824,0.2618705035971223,-26.3362,27.4,5.836,0.2662408759124088,-24.147,28.2,5.804,0.2572695035460993,-25.0037,34.4,5.832,0.21191860465116277,-24.126,30.0,5.804,0.24183333333333337,-25.8366,25.4,5.812,0.28602362204724413,-24.504
09-05-2025-Fri 18-34-51-PM,19.6,5.824,0.3714285714285714,-24.219,21.8,5.832,0.33440366972477065,-21.503,26.7,5.828,0.2728464419475656,-22.981,26.8,5.84,0.2723880597014925,-21.1026,27.4,5.808,0.26496350364963506,-22.548,33.2,5.836,0.21972891566265063,-21.5364,28.6,5.804,0.2536713286713287,-23.537,24.5,5.812,0.29653061224489796,-23.2038,19.6,5.824,0.3714285714285714,-26.9356,21.8,5.832,0.33440366972477065,-24.925,26.7,5.828,0.2728464419475656,-26.3362,26.8,5.84,0.2723880597014925,-24.147,27.4,5.808,0.26496350364963506,-25.0037,33.2,5.836,0.21972891566265063,-24.137,28.6,5.804,0.2536713286713287,-25.8699,24.5,5.812,0.29653061224489796,-24.537
09-05-2025-Fri 18-34-53-PM,19.3,5.82,0.37694300518134716,-24.169,21.6,5.832,0.3375,-21.4362,26.6,5.832,0.27406015037593984,-22.981,25.9,5.84,0.28185328185328185,-21.1694,26.4,5.808,0.275,-22.581,32.6,5.836,0.2237730061349693,-21.5364,28.1,5.808,0.25836298932384344,-23.526,23.6,5.812,0.30783898305084745,-23.1704,19.3,5.82,0.37694300518134716,-26.9023,21.6,5.832,0.3375,-24.892,26.6,5.832,0.27406015037593984,-26.3362,25.9,5.84,0.28185328185328185,-24.181,26.4,5.808,0.275,-25.037,32.6,5.836,0.2237730061349693,-24.148,28.1,5.808,0.25836298932384344,-25.8699,23.6,5.812,0.30783898305084745,-24.52
09-05-2025-Fri 18-34-56-PM,19.1,5.824,0.3811518324607329,-24.253,21.6,5.832,0.3375,-21.5697,26.3,5.828,0.2769961977186312,-23.025,25.9,5.84,0.28185328185328185,-21.136,26.8,5.812,0.2710820895522388,-22.592,32.4,5.836,0.22515432098765434,-21.5697,27.9,5.812,0.26039426523297493,-23.548,23.7,5.816,0.3067510548523207,-23.2038,19.1,5.824,0.3811518324607329,-26.9356,21.6,5.832,0.3375,-24.958,26.3,5.828,0.2769961977186312,-26.3695,25.9,5.84,0.28185328185328185,-24.192,26.8,5.812,0.2710820895522388,-25.0703,32.4,5.836,0.22515432098765434,-24.17,27.9,5.812,0.26039426523297493,-25.8699,23.7,5.816,0.3067510548523207,-24.537
09-05-2025-Fri 18-34-58-PM,18.7,5.824,0.3893048128342247,-24.236,21.4,5.832,0.3406542056074766,-21.5364,26.6,5.832,0.27406015037593984,-23.003,25.5,5.844,0.2864705882352942,-21.136,26.4,5.812,0.27518939393939396,-22.581,32.2,5.84,0.2267080745341615,-21.5697,27.7,5.812,0.262274368231047,-23.548,23.6,5.812,0.30783898305084745,-23.2038,18.7,5.824,0.3893048128342247,-26.9356,21.4,5.832,0.3406542056074766,-24.936,26.6,5.832,0.27406015037593984,-26.3362,25.5,5.844,0.2864705882352942,-24.17,26.4,5.812,0.27518939393939396,-25.037,32.2,5.84,0.2267080745341615,-24.159,27.7,5.812,0.262274368231047,-25.8699,23.6,5.812,0.30783898305084745,-24.537
09-05-2025-Fri 18-39-43-PM,15.9,5.832,0.45849056603773586,-26.368,18.0,5.836,0.40527777777777785,-23.6372,22.8,5.836,0.3199561403508772,-25.058,22.1,5.844,0.33054298642533936,-23.2371,26.6,5.816,0.2733082706766917,-24.525,32.0,5.84,0.228125,-22.9704,28.2,5.816,0.2578014184397163,-25.536,24.2,5.816,0.3004132231404959,-25.137,15.9,5.832,0.45849056603773586,-29.0994,18.0,5.836,0.40527777777777785,-27.012,22.8,5.836,0.3199561403508772,-28.3007,22.1,5.844,0.33054298642533936,-26.302,26.6,5.816,0.2733082706766917,-27.3685,32.0,5.84,0.228125,-26.28,28.2,5.816,0.2578014184397163,-28.5004,24.2,5.816,0.3004132231404959,-26.819
09-05-2025-Fri 18-39-45-PM,15.1,5.836,0.483112582781457,-26.418,17.5,5.84,0.4171428571428571,-23.7372,22.5,5.84,0.3244444444444444,-25.081,21.5,5.848,0.34,-23.2371,25.5,5.82,0.28529411764705886,-24.514,30.7,5.844,0.23794788273615639,-22.937,26.5,5.82,0.2745283018867925,-25.536,23.0,5.824,0.3165217391304348,-25.137,15.1,5.836,0.483112582781457,-29.0994,17.5,5.84,0.4171428571428571,-27.035,22.5,5.84,0.3244444444444444,-28.2673,21.5,5.848,0.34,-26.291,25.5,5.82,0.28529411764705886,-27.3685,30.7,5.844,0.23794788273615639,-26.28,26.5,5.82,0.2745283018867925,-28.5337,23.0,5.824,0.3165217391304348,-26.835
09-05-2025-Fri 18-42-28-PM,13.4,5.836,0.5444029850746269,-27.567,15.1,5.844,0.48377483443708613,-25.037,19.5,5.84,0.37435897435897436,-26.191,18.5,5.848,0.39513513513513515,-24.4371,24.6,5.824,0.2959349593495935,-25.691,29.9,5.844,0.24431438127090302,-23.8705,25.8,5.82,0.2819767441860465,-26.702,22.2,5.824,0.3279279279279279,-26.3695,13.4,5.836,0.5444029850746269,-30.0975,15.1,5.844,0.48377483443708613,-28.078,19.5,5.84,0.37435897435897436,-29.0994,18.5,5.848,0.39513513513513515,-27.434,24.6,5.824,0.2959349593495935,-28.7666,29.9,5.844,0.24431438127090302,-27.501,25.8,5.82,0.2819767441860465,-29.8647,22.2,5.824,0.3279279279279279,-28.117
09-05-2025-Fri 18-42-30-PM,12.6,5.84,0.5793650793650794,-27.567,14.8,5.848,0.49391891891891887,-25.037,18.9,5.844,0.3865079365079365,-26.18,18.3,5.852,0.3997267759562842,-24.4038,23.5,5.828,0.31,-25.68,28.4,5.848,0.25739436619718314,-23.8705,24.6,5.824,0.2959349593495935,-26.713,21.3,5.828,0.34201877934272307,-26.3695,12.6,5.84,0.5793650793650794,-30.0975,14.8,5.848,0.49391891891891887,-28.078,18.9,5.844,0.3865079365079365,-29.0994,18.3,5.852,0.3997267759562842,-27.423,23.5,5.828,0.31,-28.7666,28.4,5.848,0.25739436619718314,-27.512,24.6,5.824,0.2959349593495935,-29.898,21.3,5.828,0.34201877934272307,-28.134
09-05-2025-Fri 18-42-33-PM,12.4,5.844,0.5891129032258065,-27.601,14.2,5.848,0.5147887323943663,-25.1036,18.4,5.848,0.3972826086956522,-26.191,17.9,5.852,0.408659217877095,-24.3705,23.0,5.828,0.31673913043478263,-25.669,27.9,5.848,0.26200716845878136,-23.8705,23.8,5.824,0.30588235294117644,-26.735,20.5,5.828,0.3553658536585366,-26.4361,12.4,5.844,0.5891129032258065,-30.0975,14.2,5.848,0.5147887323943663,-28.1,18.4,5.848,0.3972826086956522,-29.0994,17.9,5.852,0.408659217877095,-27.412,23.0,5.828,0.31673913043478263,-28.7666,27.9,5.848,0.26200716845878136,-27.512,23.8,5.824,0.30588235294117644,-29.898,20.5,5.828,0.3553658536585366,-28.167
09-05-2025-Fri 18-42-35-PM,12.2,5.84,0.598360655737705,-27.651,13.8,5.848,0.5297101449275362,-25.1703,18.2,5.848,0.4016483516483516,-26.247,17.3,5.856,0.42312138728323706,-24.4705,22.9,5.828,0.3181222707423581,-25.714,27.4,5.852,0.2669708029197081,-23.8705,23.7,5.824,0.30717299578059076,-26.735,20.5,5.832,0.3556097560975609,-26.4028,12.2,5.84,0.598360655737705,-30.1309,13.8,5.848,0.5297101449275362,-28.134,18.2,5.848,0.4016483516483516,-29.0994,17.3,5.856,0.42312138728323706,-27.457,22.9,5.828,0.3181222707423581,-28.7999,27.4,5.852,0.2669708029197081,-27.534,23.7,5.824,0.30717299578059076,-29.9312,20.5,5.832,0.3556097560975609,-28.167
09-05-2025-Fri 18-42-37-PM,12.0,5.848,0.6091666666666666,-27.634,13.7,5.852,0.5339416058394162,-25.137,18.0,5.852,0.4063888888888889,-26.247,17.5,5.86,0.41857142857142854,-24.4705,22.9,5.836,0.3185589519650655,-25.725,27.6,5.856,0.2652173913043478,-23.9039,23.6,5.832,0.3088983050847457,-26.757,20.2,5.832,0.36089108910891093,-26.4361,12.0,5.848,0.6091666666666666,-30.1309,13.7,5.852,0.5339416058394162,-28.134,18.0,5.852,0.4063888888888889,-29.1327,17.5,5.86,0.41857142857142854,-27.468,22.9,5.836,0.3185589519650655,-28.7999,27.6,5.856,0.2652173913043478,-27.545,23.6,5.832,0.3088983050847457,-29.9312,20.2,5.832,0.36089108910891093,-28.184
09-05-2025-Fri 18-44-15-PM,11.9,5.844,0.6138655462184874,-28.283,13.1,5.852,0.5583969465648856,-25.8699,16.9,5.852,0.4328402366863906,-26.857,16.5,5.86,0.4439393939393939,-25.1703,23.1,5.828,0.31536796536796535,-26.324,28.0,5.852,0.26125,-24.3372,24.0,5.828,0.3035416666666667,-27.312,20.6,5.836,0.354126213592233,-27.1021,11.9,5.844,0.6138655462184874,-30.6963,13.1,5.852,0.5583969465648856,-28.699,16.9,5.852,0.4328402366863906,-29.532,16.5,5.86,0.4439393939393939,-28.056,23.1,5.828,0.31536796536796535,-29.4655,28.0,5.852,0.26125,-28.1,24.0,5.828,0.3035416666666667,-30.4968,20.6,5.836,0.354126213592233,-28.799
09-05-2025-Fri 18-44-17-PM,11.5,5.848,0.6356521739130434,-28.333,12.5,5.852,0.5852,-25.9364,16.4,5.852,0.4460365853658537,-26.88,15.8,5.86,0.46360759493670883,-25.1703,22.2,5.832,0.3283783783783784,-26.335,26.9,5.856,0.2721189591078067,-24.3372,23.0,5.832,0.3169565217391304,-27.323,20.1,5.836,0.3629353233830846,-27.1355,11.5,5.848,0.6356521739130434,-30.7296,12.5,5.852,0.5852,-28.733,16.4,5.852,0.4460365853658537,-29.532,15.8,5.86,0.46360759493670883,-28.067,22.2,5.832,0.3283783783783784,-29.4988,26.9,5.856,0.2721189591078067,-28.111,23.0,5.832,0.3169565217391304,-30.4968,20.1,5.836,0.3629353233830846,-28.816
09-05-2025-Fri 18-44-20-PM,11.0,5.848,0.6645454545454546,-28.333,12.4,5.856,0.5903225806451613,-25.9032,16.3,5.852,0.4487730061349693,-26.857,15.6,5.86,0.4695512820512821,-25.137,21.9,5.836,0.33310502283105026,-26.335,26.4,5.852,0.27708333333333335,-24.3705,22.6,5.832,0.3225663716814159,-27.334,19.8,5.832,0.3681818181818181,-27.1355,11.0,5.848,0.6645454545454546,-30.7628,12.4,5.856,0.5903225806451613,-28.733,16.3,5.852,0.4487730061349693,-29.532,15.6,5.86,0.4695512820512821,-28.056,21.9,5.836,0.33310502283105026,-29.4988,26.4,5.852,0.27708333333333335,-28.122,22.6,5.832,0.3225663716814159,-30.4968,19.8,5.832,0.3681818181818181,-28.816
09-05-2025-Fri 18-44-22-PM,11.1,5.848,0.6585585585585585,-28.383,12.3,5.856,0.5951219512195122,-26.0031,16.4,5.856,0.4463414634146342,-26.924,15.2,5.864,0.4822368421052632,-25.2035,21.7,5.836,0.3361751152073733,-26.369,26.3,5.86,0.2785171102661597,-24.3705,22.6,5.836,0.32278761061946903,-27.356,19.5,5.844,0.3746153846153847,-27.1688,11.1,5.848,0.6585585585585585,-30.7628,12.3,5.856,0.5951219512195122,-28.777,16.4,5.856,0.4463414634146342,-29.5653,15.2,5.864,0.4822368421052632,-28.1,21.7,5.836,0.3361751152073733,-29.532,26.3,5.86,0.2785171102661597,-28.144,22.6,5.836,0.32278761061946903,-30.5301,19.5,5.844,0.3746153846153847,-28.849
09-05-2025-Fri 18-46-21-PM,10.6,5.852,0.6900943396226416,-29.148,11.3,5.852,0.6473451327433628,-26.9023,15.0,5.852,0.48766666666666675,-27.612,14.1,5.86,0.5195035460992908,-25.9364,21.7,5.836,0.3361751152073733,-27.024,26.2,5.856,0.27938931297709924,-24.9037,22.6,5.832,0.3225663716814159,-27.989,19.5,5.836,0.3741025641025641,-27.9678,10.6,5.852,0.6900943396226416,-31.3947,11.3,5.852,0.6473451327433628,-29.432,15.0,5.852,0.48766666666666675,-29.9978,14.1,5.86,0.5195035460992908,-28.722,21.7,5.836,0.3361751152073733,-30.2307,26.2,5.856,0.27938931297709924,-28.743,22.6,5.832,0.3225663716814159,-31.0954,19.5,5.836,0.3741025641025641,-29.532
09-05-2025-Fri 18-46-23-PM,10.2,5.848,0.7166666666666667,-29.165,11.1,5.856,0.6594594594594594,-26.9023,14.7,5.856,0.4979591836734694,-27.623,14.0,5.864,0.5235714285714286,-25.9698,21.3,5.836,0.34248826291079815,-27.046,25.6,5.856,0.28593749999999996,-24.9369,21.9,5.832,0.33287671232876714,-27.989,18.9,5.84,0.3862433862433862,-27.9344,10.2,5.848,0.7166666666666667,-31.4279,11.1,5.856,0.6594594594594594,-29.443,14.7,5.856,0.4979591836734694,-29.9978,14.0,5.864,0.5235714285714286,-28.733,21.3,5.836,0.34248826291079815,-30.2307,25.6,5.856,0.28593749999999996,-28.754,21.9,5.832,0.33287671232876714,-31.0954,18.9,5.84,0.3862433862433862,-29.515
09-05-2025-Fri 18-46-26-PM,10.4,5.852,0.7033653846153847,-29.182,10.7,5.856,0.6841121495327103,-26.969,14.6,5.856,0.5013698630136986,-27.646,13.7,5.864,0.535036496350365,-25.9698,21.4,5.836,0.34088785046728975,-27.057,25.3,5.856,0.2893280632411067,-24.9703,21.7,5.836,0.3361751152073733,-28.022,18.6,5.84,0.3924731182795699,-28.0011,10.4,5.852,0.7033653846153847,-31.3947,10.7,5.856,0.6841121495327103,-29.454,14.6,5.856,0.5013698630136986,-29.9978,13.7,5.864,0.535036496350365,-28.733,21.4,5.836,0.34088785046728975,-30.2307,25.3,5.856,0.2893280632411067,-28.765,21.7,5.836,0.3361751152073733,-31.0954,18.6,5.84,0.3924731182795699,-29.548
09-05-2025-Fri 18-46-28-PM,9.9,5.848,0.7383838383838384,-29.165,10.8,5.86,0.6782407407407408,-26.9023,14.2,5.856,0.5154929577464789,-27.646,13.5,5.868,0.5433333333333333,-26.0031,21.0,5.84,0.3476190476190476,-27.068,25.2,5.86,0.2906746031746032,-24.9703,21.8,5.836,0.3346330275229358,-28.033,18.6,5.844,0.392741935483871,-28.0011,9.9,5.848,0.7383838383838384,-31.4279,10.8,5.86,0.6782407407407408,-29.454,14.2,5.856,0.5154929577464789,-30.0311,13.5,5.868,0.5433333333333333,-28.755,21.0,5.84,0.3476190476190476,-30.2307,25.2,5.86,0.2906746031746032,-28.777,21.8,5.836,0.3346330275229358,-31.1287,18.6,5.844,0.392741935483871,-29.565
09-05-2025-Fri 18-46-31-PM,10.1,5.852,0.7242574257425742,-29.215,10.8,5.86,0.6782407407407408,-27.0023,14.3,5.856,0.5118881118881119,-27.679,13.7,5.864,0.535036496350365,-26.0031,21.2,5.836,0.34410377358490574,-27.079,25.1,5.86,0.2918326693227092,-24.9703,21.7,5.832,0.33594470046082947,-28.022,18.8,5.84,0.3882978723404255,-28.0011,10.1,5.852,0.7242574257425742,-31.4279,10.8,5.86,0.6782407407407408,-29.487,14.3,5.856,0.5118881118881119,-30.0311,13.7,5.864,0.535036496350365,-28.766,21.2,5.836,0.34410377358490574,-30.2638,25.1,5.86,0.2918326693227092,-28.776,21.7,5.832,0.33594470046082947,-31.0954,18.8,5.84,0.3882978723404255,-29.548
09-05-2025-Fri 18-46-33-PM,9.8,5.852,0.7464285714285714,-29.232,11.0,5.86,0.6659090909090909,-27.0023,14.0,5.856,0.5228571428571429,-27.701,13.4,5.86,0.5466417910447762,-26.0697,20.9,5.836,0.349043062200957,-27.101,25.2,5.86,0.2906746031746032,-24.9703,21.9,5.836,0.33310502283105026,-28.044,18.6,5.84,0.3924731182795699,-28.0344,9.8,5.852,0.7464285714285714,-31.4612,11.0,5.86,0.6659090909090909,-29.498,14.0,5.856,0.5228571428571429,-30.0311,13.4,5.86,0.5466417910447762,-28.788,20.9,5.836,0.349043062200957,-30.2638,25.2,5.86,0.2906746031746032,-28.788,21.9,5.836,0.33310502283105026,-31.1287,18.6,5.84,0.3924731182795699,-29.582
09-05-2025-Fri 18-46-35-PM,10.3,5.856,0.7106796116504854,-29.232,10.5,5.856,0.6971428571428571,-27.0023,14.3,5.86,0.5122377622377623,-27.701,13.0,5.864,0.5638461538461539,-26.0697,21.1,5.836,0.34573459715639815,-27.101,25.1,5.86,0.2918326693227092,-24.9703,21.6,5.836,0.33773148148148147,-28.044,18.6,5.84,0.3924731182795699,-28.0344,10.3,5.856,0.7106796116504854,-31.4612,10.5,5.856,0.6971428571428571,-29.498,14.3,5.86,0.5122377622377623,-30.0311,13.0,5.864,0.5638461538461539,-28.788,21.1,5.836,0.34573459715639815,-30.2638,25.1,5.86,0.2918326693227092,-28.788,21.6,5.836,0.33773148148148147,-31.1287,18.6,5.84,0.3924731182795699,-29.582
09-05-2025-Fri 18-52-28-PM,9.8,5.852,0.7464285714285714,-31.161,10.0,5.856,0.7320000000000001,-29.3989,13.0,5.86,0.5634615384615386,-29.621,12.1,5.864,0.6057851239669422,-28.1676,21.7,5.832,0.33594470046082947,-28.866,26.1,5.856,0.2804597701149425,-26.7026,22.9,5.836,0.3185589519650655,-29.686,19.8,5.836,0.3684343434343434,-30.0311,9.8,5.852,0.7464285714285714,-32.9239,10.0,5.856,0.7320000000000001,-31.206,13.0,5.86,0.5634615384615386,-31.295,12.1,5.864,0.6057851239669422,-30.397,21.7,5.832,0.33594470046082947,-31.7272,26.1,5.856,0.2804597701149425,-30.252,22.9,5.836,0.3185589519650655,-32.3256,19.8,5.836,0.3684343434343434,-31.178
09-05-2025-Fri 18-52-30-PM,9.5,5.856,0.7705263157894737,-31.195,9.4,5.864,0.7797872340425532,-29.4655,12.3,5.86,0.5955284552845529,-29.632,11.7,5.864,0.6264957264957266,-28.1343,20.6,5.84,0.35436893203883496,-28.866,24.8,5.86,0.2953629032258065,-26.7359,21.6,5.84,0.3379629629629629,-29.709,18.7,5.84,0.39037433155080214,-30.0311,9.5,5.856,0.7705263157894737,-32.9239,9.4,5.864,0.7797872340425532,-31.228,12.3,5.86,0.5955284552845529,-31.295,11.7,5.864,0.6264957264957266,-30.385,20.6,5.84,0.35436893203883496,-31.7272,24.8,5.86,0.2953629032258065,-30.274,21.6,5.84,0.3379629629629629,-32.3589,18.7,5.84,0.39037433155080214,-31.195
09-05-2025-Fri 18-52-33-PM,9.2,5.856,0.7956521739130434,-31.161,9.3,5.86,0.7876344086021506,-29.3989,11.8,5.86,0.6207627118644067,-29.621,11.2,5.864,0.6544642857142857,-28.1676,20.2,5.84,0.36138613861386143,-28.866,23.8,5.86,0.3077731092436975,-26.7026,21.0,5.84,0.3476190476190476,-29.686,18.5,5.848,0.39513513513513515,-30.0311,9.2,5.856,0.7956521739130434,-32.9239,9.3,5.86,0.7876344086021506,-31.206,11.8,5.86,0.6207627118644067,-31.295,11.2,5.864,0.6544642857142857,-30.397,20.2,5.84,0.36138613861386143,-31.7272,23.8,5.86,0.3077731092436975,-30.252,21.0,5.84,0.3476190476190476,-32.3256,18.5,5.848,0.39513513513513515,-31.178
09-05-2025-Fri 18-52-35-PM,9.1,5.856,0.8043956043956044,-31.178,9.2,5.864,0.7967391304347826,-29.3989,11.8,5.86,0.6207627118644067,-29.621,10.9,5.868,0.6729357798165139,-28.1676,19.7,5.844,0.37081218274111677,-28.899,23.8,5.864,0.3079831932773109,-26.7691,20.4,5.84,0.357843137254902,-29.709,17.8,5.844,0.41039325842696633,-30.0311,9.1,5.856,0.8043956043956044,-32.9572,9.2,5.864,0.7967391304347826,-31.217,11.8,5.86,0.6207627118644067,-31.295,10.9,5.868,0.6729357798165139,-30.408,19.7,5.844,0.37081218274111677,-31.7604,23.8,5.864,0.3079831932773109,-30.285,20.4,5.84,0.357843137254902,-32.3256,17.8,5.844,0.41039325842696633,-31.178
09-05-2025-Fri 18-54-27-PM,9.1,5.852,0.8038461538461539,-31.627,9.2,5.86,0.7961956521739131,-29.9978,11.5,5.864,0.6373913043478261,-30.131,10.7,5.868,0.6855140186915888,-28.7666,20.4,5.84,0.357843137254902,-29.376,24.3,5.864,0.3016460905349794,-27.3019,21.6,5.84,0.3379629629629629,-30.152,18.7,5.844,0.39064171122994656,-30.5633,9.1,5.852,0.8038461538461539,-33.2562,9.2,5.86,0.7961956521739131,-31.627,11.5,5.864,0.6373913043478261,-31.6275,10.7,5.868,0.6855140186915888,-30.818,20.4,5.84,0.357843137254902,-32.0597,24.3,5.864,0.3016460905349794,-30.651,21.6,5.84,0.3379629629629629,-32.5915,18.7,5.844,0.39064171122994656,-31.577
09-05-2025-Fri 18-54-29-PM,8.9,5.86,0.8230337078651687,-31.66,8.8,5.864,0.8329545454545454,-30.0311,11.0,5.864,0.6663636363636364,-30.164,10.6,5.868,0.6919811320754716,-28.7999,19.5,5.844,0.3746153846153847,-29.398,23.5,5.864,0.3119148936170213,-27.3019,20.4,5.844,0.3580882352941177,-30.152,17.9,5.848,0.40837988826815647,-30.5633,8.9,5.86,0.8230337078651687,-33.2896,8.8,5.864,0.8329545454545454,-31.66,11.0,5.864,0.6663636363636364,-31.6607,10.6,5.868,0.6919811320754716,-30.851,19.5,5.844,0.3746153846153847,-32.0929,23.5,5.864,0.3119148936170213,-30.662,20.4,5.844,0.3580882352941177,-32.5915,17.9,5.848,0.40837988826815647,-31.577
09-05-2025-Fri 18-54-31-PM,8.4,5.86,0.8720238095238095,-31.677,8.4,5.864,0.8726190476190475,-30.0643,11.5,5.864,0.6373913043478261,-30.175,10.2,5.868,0.7191176470588236,-28.8332,19.2,5.844,0.3804687500000001,-29.409,23.0,5.864,0.31869565217391305,-27.3352,20.0,5.844,0.36525,-30.174,17.2,5.848,0.425,-30.5633,8.4,5.86,0.8720238095238095,-33.2896,8.4,5.864,0.8726190476190475,-31.66,11.5,5.864,0.6373913043478261,-31.6275,10.2,5.868,0.7191176470588236,-30.84,19.2,5.844,0.3804687500000001,-32.0597,23.0,5.864,0.31869565217391305,-30.673,20.0,5.844,0.36525,-32.6248,17.2,5.848,0.425,-31.594
09-05-2025-Fri 18-54-34-PM,8.4,5.86,0.8720238095238095,-31.66,8.3,5.868,0.8837349397590362,-30.0643,10.8,5.864,0.6787037037037037,-30.164,9.9,5.872,0.7414141414141413,-28.7999,19.2,5.848,0.38072916666666673,-29.398,22.7,5.868,0.32312775330396487,-27.3352,20.2,5.844,0.3616336633663367,-30.186,17.0,5.848,0.42999999999999994,-30.5965,8.4,5.86,0.8720238095238095,-33.2562,8.3,5.868,0.8837349397590362,-31.649,10.8,5.864,0.6787037037037037,-31.6275,9.9,5.872,0.7414141414141413,-30.829,19.2,5.848,0.38072916666666673,-32.0597,22.7,5.868,0.32312775330396487,-30.673,20.2,5.844,0.3616336633663367,-32.6248,17.0,5.848,0.42999999999999994,-31.611
09-05-2025-Fri 18-54-36-PM,8.5,5.856,0.8611764705882352,-31.71,8.6,5.864,0.8523255813953489,-30.1309,10.5,5.864,0.6980952380952381,-30.208,9.9,5.868,0.740909090909091,-28.8332,19.3,5.844,0.3784974093264249,-29.42,22.9,5.868,0.3203056768558952,-27.3352,20.0,5.844,0.36525,-30.174,16.9,5.852,0.4328402366863906,-30.5633,8.5,5.856,0.8611764705882352,-33.2896,8.6,5.864,0.8523255813953489,-31.694,10.5,5.864,0.6980952380952381,-31.6607,9.9,5.868,0.740909090909091,-30.862,19.3,5.844,0.3784974093264249,-32.0929,22.9,5.868,0.3203056768558952,-30.684,20.0,5.844,0.36525,-32.6248,16.9,5.852,0.4328402366863906,-31.594
09-05-2025-Fri 18-54-38-PM,8.1,5.86,0.904320987654321,-31.694,8.4,5.864,0.8726190476190475,-30.0975,10.5,5.864,0.6980952380952381,-30.197,9.8,5.872,0.7489795918367347,-28.8332,19.1,5.848,0.3827225130890052,-29.42,22.7,5.864,0.3229074889867842,-27.3352,19.9,5.848,0.3673366834170854,-30.186,17.0,5.848,0.42999999999999994,-30.5965,8.1,5.86,0.904320987654321,-33.2896,8.4,5.864,0.8726190476190475,-31.683,10.5,5.864,0.6980952380952381,-31.6607,9.8,5.872,0.7489795918367347,-30.862,19.1,5.848,0.3827225130890052,-32.0929,22.7,5.864,0.3229074889867842,-30.684,19.9,5.848,0.3673366834170854,-32.6248,17.0,5.848,0.42999999999999994,-31.611
09-05-2025-Fri 18-55-16-PM,8.4,5.86,0.8720238095238095,-31.843,8.4,5.864,0.8726190476190475,-30.2972,10.8,5.868,0.6791666666666667,-30.375,9.9,5.872,0.7414141414141413,-29.0329,19.8,5.848,0.3691919191919192,-29.576,23.6,5.864,0.310593220338983,-27.5018,20.5,5.844,0.35634146341463413,-30.33,17.9,5.848,0.40837988826815647,-30.7628,8.4,5.86,0.8720238095238095,-33.3892,8.4,5.864,0.8726190476190475,-31.827,10.8,5.868,0.6791666666666667,-31.7937,9.9,5.872,0.7414141414141413,-31.006,19.8,5.848,0.3691919191919192,-32.1927,23.6,5.864,0.310593220338983,-30.806,20.5,5.844,0.35634146341463413,-32.7245,17.9,5.848,0.40837988826815647,-31.744
09-05-2025-Fri 18-56-41-PM,7.7,5.856,0.9506493506493506,-33.006,7.7,5.864,0.9519480519480519,-31.0622,9.6,5.864,0.7635416666666668,-31.428,9.3,5.872,0.7892473118279568,-30.0311,19.2,5.844,0.3804687500000001,-30.452,22.8,5.864,0.32149122807017544,-28.3007,20.2,5.844,0.3616336633663367,-31.294,17.6,5.848,0.4153409090909091,-31.6275,7.7,5.856,0.9506493506493506,-34.9507,7.7,5.864,0.9519480519480519,-33.068,9.6,5.864,0.7635416666666668,-33.1898,9.3,5.872,0.7892473118279568,-32.082,19.2,5.844,0.3804687500000001,-33.0236,22.8,5.864,0.32149122807017544,-31.759,20.2,5.844,0.3616336633663367,-33.9541,17.6,5.848,0.4153409090909091,-32.791
09-05-2025-Fri 18-56-43-PM,7.4,5.86,0.9898648648648649,-33.073,7.3,5.868,1.0047945205479452,-31.162,9.9,5.868,0.740909090909091,-31.494,8.7,5.868,0.8431034482758623,-30.1309,18.6,5.848,0.39301075268817204,-30.507,22.5,5.868,0.326,-28.334,19.6,5.848,0.37295918367346936,-31.316,16.7,5.852,0.43802395209580847,-31.6275,7.4,5.86,0.9898648648648649,-34.9839,7.3,5.868,1.0047945205479452,-33.112,9.9,5.868,0.740909090909091,-33.1898,8.7,5.868,0.8431034482758623,-32.126,18.6,5.848,0.39301075268817204,-33.0569,22.5,5.868,0.326,-31.793,19.6,5.848,0.37295918367346936,-33.9874,16.7,5.852,0.43802395209580847,-32.807
09-05-2025-Fri 18-56-45-PM,7.4,5.864,0.9905405405405405,-33.09,7.4,5.868,0.9912162162162163,-31.162,9.5,5.868,0.7721052631578948,-31.505,8.8,5.868,0.8335227272727274,-30.1309,18.7,5.848,0.39090909090909093,-30.507,22.1,5.868,0.33190045248868777,-28.334,19.0,5.848,0.38473684210526315,-31.338,16.6,5.852,0.44066265060240967,-31.6939,7.4,5.864,0.9905405405405405,-35.0171,7.4,5.868,0.9912162162162163,-33.134,9.5,5.868,0.7721052631578948,-33.2231,8.8,5.868,0.8335227272727274,-32.137,18.7,5.848,0.39090909090909093,-33.0569,22.1,5.868,0.33190045248868777,-31.793,19.0,5.848,0.38473684210526315,-33.9874,16.6,5.852,0.44066265060240967,-32.841
09-05-2025-Fri 18-56-48-PM,7.0,5.86,1.0464285714285715,-33.106,7.3,5.868,1.0047945205479452,-31.162,9.0,5.868,0.8150000000000002,-31.505,8.5,5.876,0.8641176470588235,-30.0975,18.0,5.848,0.40611111111111114,-30.529,21.6,5.868,0.33958333333333335,-28.4005,19.4,5.848,0.37680412371134026,-31.361,16.2,5.852,0.45154320987654323,-31.6607,7.0,5.86,1.0464285714285715,-35.0503,7.3,5.868,1.0047945205479452,-33.156,9.0,5.868,0.8150000000000002,-33.2562,8.5,5.876,0.8641176470588235,-32.148,18.0,5.848,0.40611111111111114,-33.09,21.6,5.868,0.33958333333333335,-31.837,19.4,5.848,0.37680412371134026,-34.0205,16.2,5.852,0.45154320987654323,-32.841
09-05-2025-Fri 18-56-50-PM,6.9,5.864,1.06231884057971,-33.106,7.2,5.868,1.0187500000000003,-31.162,9.2,5.872,0.7978260869565217,-31.516,8.7,5.872,0.8436781609195403,-30.1309,18.4,5.848,0.3972826086956522,-30.54,21.9,5.868,0.33493150684931505,-28.4005,18.8,5.848,0.3888297872340425,-31.383,16.3,5.856,0.44907975460122695,-31.6939,6.9,5.864,1.06231884057971,-35.0503,7.2,5.868,1.0187500000000003,-33.156,9.2,5.872,0.7978260869565217,-33.2562,8.7,5.872,0.8436781609195403,-32.159,18.4,5.848,0.3972826086956522,-33.09,21.9,5.868,0.33493150684931505,-31.848,18.8,5.848,0.3888297872340425,-34.0537,16.3,5.856,0.44907975460122695,-32.874
09-05-2025-Fri 18-58-43-PM,7.0,5.86,1.0464285714285715,-34.003,7.1,5.868,1.0330985915492958,-32.1262,9.2,5.868,0.7972826086956522,-32.458,8.7,5.872,0.8436781609195403,-31.1287,18.7,5.848,0.39090909090909093,-31.45,22.2,5.872,0.33063063063063064,-29.2657,19.7,5.844,0.37081218274111677,-32.336,16.7,5.852,0.43802395209580847,-32.658,7.0,5.86,1.0464285714285715,-35.8805,7.1,5.868,1.0330985915492958,-34.042,9.2,5.868,0.7972826086956522,-34.1202,8.7,5.872,0.8436781609195403,-33.068,18.7,5.848,0.39090909090909093,-33.9541,22.2,5.872,0.33063063063063064,-32.768,19.7,5.844,0.37081218274111677,-35.0834,16.7,5.852,0.43802395209580847,-33.871
09-05-2025-Fri 18-58-45-PM,6.7,5.864,1.0940298507462687,-33.987,6.5,5.872,1.1292307692307693,-32.0929,8.6,5.868,0.8529069767441861,-32.447,8.1,5.872,0.9061728395061729,-31.0622,18.0,5.848,0.40611111111111114,-31.427,21.4,5.872,0.34299065420560754,-29.2657,18.6,5.848,0.39301075268817204,-32.347,16.2,5.856,0.45185185185185184,-32.6913,6.7,5.864,1.0940298507462687,-35.8805,6.5,5.872,1.1292307692307693,-34.053,8.6,5.868,0.8529069767441861,-34.1867,8.1,5.872,0.9061728395061729,-33.068,18.0,5.848,0.40611111111111114,-33.9541,21.4,5.872,0.34299065420560754,-32.768,18.6,5.848,0.39301075268817204,-35.0834,16.2,5.856,0.45185185185185184,-33.887
09-05-2025-Fri 18-58-48-PM,6.5,5.868,1.1284615384615386,-34.02,6.5,5.872,1.1292307692307693,-32.1262,8.4,5.872,0.8738095238095237,-32.458,7.8,5.876,0.9416666666666668,-31.0622,17.9,5.852,0.408659217877095,-31.427,20.9,5.872,0.3511961722488039,-29.2657,18.3,5.852,0.3997267759562842,-32.347,15.9,5.852,0.460062893081761,-32.6913,6.5,5.868,1.1284615384615386,-35.9137,6.5,5.872,1.1292307692307693,-34.076,8.4,5.872,0.8738095238095237,-34.1867,7.8,5.876,0.9416666666666668,-33.068,17.9,5.852,0.408659217877095,-33.9541,20.9,5.872,0.3511961722488039,-32.768,18.3,5.852,0.3997267759562842,-35.0834,15.9,5.852,0.460062893081761,-33.887
09-05-2025-Fri 19-00-38-PM,6.4,5.864,1.1453125,-34.801,6.6,5.872,1.112121212121212,-32.9572,8.2,5.868,0.8945121951219513,-33.223,7.9,5.872,0.9291139240506329,-31.8602,18.1,5.848,0.4038674033149171,-32.203,21.3,5.868,0.34436619718309863,-30.0643,18.8,5.848,0.3888297872340425,-33.111,16.2,5.852,0.45154320987654323,-33.5221,6.4,5.864,1.1453125,-36.6441,6.6,5.872,1.112121212121212,-34.817,8.2,5.868,0.8945121951219513,-34.851,7.9,5.872,0.9291139240506329,-33.799,18.1,5.848,0.4038674033149171,-34.685,21.3,5.868,0.34436619718309863,-33.499,18.8,5.848,0.3888297872340425,-35.7476,16.2,5.852,0.45154320987654323,-34.635
09-05-2025-Fri 19-00-40-PM,6.3,5.864,1.1634920634920634,-34.767,6.2,5.872,1.1838709677419355,-32.9239,8.0,5.872,0.9175,-33.223,7.7,5.872,0.9532467532467532,-31.8935,17.1,5.852,0.4277777777777778,-32.225,20.4,5.872,0.3598039215686275,-30.0975,17.9,5.848,0.40837988826815647,-33.134,15.6,5.852,0.4689102564102564,-33.5221,6.3,5.864,1.1634920634920634,-36.6109,6.2,5.872,1.1838709677419355,-34.795,8.0,5.872,0.9175,-34.851,7.7,5.872,0.9532467532467532,-33.81,17.1,5.852,0.4277777777777778,-34.685,20.4,5.872,0.3598039215686275,-33.521,17.9,5.848,0.40837988826815647,-35.7809,15.6,5.852,0.4689102564102564,-34.652
09-05-2025-Fri 19-00-43-PM,6.2,5.864,1.1822580645161291,-34.817,6.1,5.872,1.2032786885245903,-32.9904,7.7,5.872,0.9532467532467532,-33.234,7.3,5.876,1.006164383561644,-31.8935,17.0,5.852,0.4302941176470588,-32.225,20.1,5.872,0.36517412935323385,-30.0975,17.2,5.852,0.4252906976744186,-33.145,15.1,5.852,0.48443708609271535,-33.5554,6.2,5.864,1.1822580645161291,-36.6441,6.1,5.872,1.2032786885245903,-34.817,7.7,5.872,0.9532467532467532,-34.8178,7.3,5.876,1.006164383561644,-33.799,17.0,5.852,0.4302941176470588,-34.685,20.1,5.872,0.36517412935323385,-33.521,17.2,5.852,0.4252906976744186,-35.7809,15.1,5.852,0.48443708609271535,-34.668
09-05-2025-Fri 19-00-45-PM,5.6,5.864,1.3089285714285714,-34.834,6.3,5.872,1.1650793650793652,-33.0236,7.8,5.872,0.941025641025641,-33.278,7.0,5.876,1.0492857142857144,-31.96,16.7,5.852,0.43802395209580847,-32.248,19.9,5.868,0.3685929648241207,-30.0975,17.2,5.852,0.4252906976744186,-33.156,15.1,5.856,0.4847682119205298,-33.5554,5.6,5.864,1.3089285714285714,-36.6441,6.3,5.872,1.1650793650793652,-34.84,7.8,5.872,0.941025641025641,-34.851,7.0,5.876,1.0492857142857144,-33.832,16.7,5.852,0.43802395209580847,-34.685,19.9,5.868,0.3685929648241207,-33.532,17.2,5.852,0.4252906976744186,-35.8141,15.1,5.856,0.4847682119205298,-34.685
09-05-2025-Fri 19-00-48-PM,6.0,5.868,1.2225,-34.834,5.7,5.868,1.2868421052631578,-32.9904,7.4,5.868,0.9912162162162163,-33.278,7.2,5.876,1.020138888888889,-31.96,16.6,5.852,0.44066265060240967,-32.27,19.8,5.872,0.37070707070707065,-30.1309,17.4,5.852,0.4204022988505748,-33.178,14.8,5.856,0.4945945945945946,-33.5886,6.0,5.868,1.2225,-36.6773,5.7,5.868,1.2868421052631578,-34.851,7.4,5.868,0.9912162162162163,-34.8842,7.2,5.876,1.020138888888889,-33.854,16.6,5.852,0.44066265060240967,-34.7181,19.8,5.872,0.37070707070707065,-33.554,17.4,5.852,0.4204022988505748,-35.8141,14.8,5.856,0.4945945945945946,-34.701
09-05-2025-Fri 19-00-50-PM,5.7,5.864,1.2859649122807018,-34.884,5.8,5.872,1.2655172413793105,-33.1233,7.4,5.872,0.9918918918918919,-33.322,7.0,5.872,1.0485714285714285,-31.9267,16.7,5.852,0.43802395209580847,-32.27,19.8,5.872,0.37070707070707065,-30.1641,17.0,5.852,0.4302941176470588,-33.2,14.8,5.86,0.49493243243243246,-33.6218,5.7,5.864,1.2859649122807018,-36.6441,5.8,5.872,1.2655172413793105,-34.895,7.4,5.872,0.9918918918918919,-34.9174,7.0,5.872,1.0485714285714285,-33.854,16.7,5.852,0.43802395209580847,-34.7181,19.8,5.872,0.37070707070707065,-33.565,17.0,5.852,0.4302941176470588,-35.8141,14.8,5.86,0.49493243243243246,-34.718
09-05-2025-Fri 19-00-53-PM,5.7,5.868,1.2868421052631578,-34.85,5.7,5.872,1.287719298245614,-32.9904,7.4,5.872,0.9918918918918919,-33.3,6.7,5.88,1.0970149253731343,-31.9932,16.7,5.852,0.43802395209580847,-32.281,19.9,5.876,0.36909547738693477,-30.1309,17.0,5.856,0.4305882352941176,-33.189,14.7,5.856,0.4979591836734694,-33.6218,5.7,5.868,1.2868421052631578,-36.7105,5.7,5.872,1.287719298245614,-34.873,7.4,5.872,0.9918918918918919,-34.9174,6.7,5.88,1.0970149253731343,-33.876,16.7,5.852,0.43802395209580847,-34.7181,19.9,5.876,0.36909547738693477,-33.554,17.0,5.856,0.4305882352941176,-35.8141,14.7,5.856,0.4979591836734694,-34.718
09-05-2025-Fri 19-01-26-PM,5.7,5.864,1.2859649122807018,-35.066,6.0,5.872,1.2233333333333334,-33.2896,7.0,5.872,1.0485714285714285,-33.5,7.2,5.876,1.020138888888889,-32.1262,17.0,5.852,0.4302941176470588,-32.469,20.0,5.872,0.36699999999999994,-30.3637,17.4,5.852,0.4204022988505748,-33.388,15.2,5.856,0.48157894736842105,-33.8212,5.7,5.864,1.2859649122807018,-36.8432,6.0,5.872,1.2233333333333334,-35.072,7.0,5.872,1.0485714285714285,-35.0834,7.2,5.876,1.020138888888889,-34.042,17.0,5.852,0.4302941176470588,-34.9174,20.0,5.872,0.36699999999999994,-33.754,17.4,5.852,0.4204022988505748,-35.9801,15.2,5.856,0.48157894736842105,-34.901
09-05-2025-Fri 19-01-28-PM,5.6,5.864,1.3089285714285714,-35.05,5.6,5.872,1.310714285714286,-33.2231,7.4,5.868,0.9912162162162163,-33.511,6.7,5.876,1.096268656716418,-32.2259,16.8,5.852,0.4354166666666667,-32.513,19.7,5.872,0.3725888324873097,-30.397,17.1,5.852,0.4277777777777778,-33.422,14.9,5.856,0.4912751677852349,-33.8544,5.6,5.864,1.3089285714285714,-36.8764,5.6,5.872,1.310714285714286,-35.061,7.4,5.868,0.9912162162162163,-35.0834,6.7,5.876,1.096268656716418,-34.076,16.8,5.852,0.4354166666666667,-34.9174,19.7,5.872,0.3725888324873097,-33.776,17.1,5.852,0.4277777777777778,-36.0134,14.9,5.856,0.4912751677852349,-34.934
09-05-2025-Fri 19-01-31-PM,6.0,5.868,1.2225,-35.083,5.5,5.872,1.3345454545454547,-33.2896,7.3,5.872,1.0054794520547945,-33.533,6.5,5.876,1.1300000000000001,-32.1927,16.7,5.856,0.4383233532934132,-32.513,19.4,5.872,0.3783505154639176,-30.397,16.9,5.852,0.4328402366863906,-33.433,14.7,5.86,0.4982993197278912,-33.8876,6.0,5.868,1.2225,-36.8764,5.5,5.872,1.3345454545454547,-35.094,7.3,5.872,1.0054794520547945,-35.1167,6.5,5.876,1.1300000000000001,-34.087,16.7,5.856,0.4383233532934132,-34.9507,19.4,5.872,0.3783505154639176,-33.787,16.9,5.852,0.4328402366863906,-36.0134,14.7,5.86,0.4982993197278912,-34.95
09-05-2025-Fri 19-04-45-PM,5.7,5.864,1.2859649122807018,-36.146,5.7,5.868,1.2868421052631578,-34.5521,7.2,5.868,1.0187500000000003,-34.663,6.5,5.872,1.1292307692307693,-33.4557,17.0,5.856,0.4305882352941176,-33.632,20.4,5.868,0.3595588235294118,-31.5942,18.0,5.852,0.4063888888888889,-34.43,15.5,5.852,0.4719354838709678,-34.9839,5.7,5.864,1.2859649122807018,-37.7392,5.7,5.868,1.2868421052631578,-36.09,7.2,5.868,1.0187500000000003,-35.9801,6.5,5.872,1.1292307692307693,-35.094,17.0,5.856,0.4305882352941176,-35.8473,20.4,5.868,0.3595588235294118,-34.717,18.0,5.852,0.4063888888888889,-36.7105,15.5,5.852,0.4719354838709678,-35.847
09-05-2025-Fri 19-04-48-PM,5.7,5.864,1.2859649122807018,-36.129,5.2,5.872,1.4115384615384616,-34.5189,6.6,5.872,1.112121212121212,-34.618,6.5,5.872,1.1292307692307693,-33.3892,15.9,5.848,0.45974842767295593,-33.632,19.3,5.872,0.38031088082901554,-31.6275,16.5,5.852,0.44333333333333336,-34.452,14.7,5.856,0.4979591836734694,-35.0171,5.7,5.864,1.2859649122807018,-37.7392,5.2,5.872,1.4115384615384616,-36.068,6.6,5.872,1.112121212121212,-35.9469,6.5,5.872,1.1292307692307693,-35.072,15.9,5.848,0.45974842767295593,-35.8805,19.3,5.872,0.38031088082901554,-34.74,16.5,5.852,0.44333333333333336,-36.7105,14.7,5.856,0.4979591836734694,-35.864
09-05-2025-Fri 19-04-50-PM,5.3,5.868,1.3839622641509433,-36.179,5.4,5.876,1.3601851851851854,-34.5852,6.4,5.872,1.1468749999999999,-34.652,6.3,5.876,1.165873015873016,-33.4224,16.0,5.848,0.45687500000000003,-33.655,19.0,5.876,0.38657894736842113,-31.6275,16.4,5.848,0.44573170731707323,-34.452,14.2,5.856,0.5154929577464789,-35.0171,5.3,5.868,1.3839622641509433,-37.7725,5.4,5.876,1.3601851851851854,-36.102,6.4,5.872,1.1468749999999999,-35.9469,6.3,5.876,1.165873015873016,-35.094,16.0,5.848,0.45687500000000003,-35.9137,19.0,5.876,0.38657894736842113,-34.751,16.4,5.848,0.44573170731707323,-36.7105,14.2,5.856,0.5154929577464789,-35.864
09-05-2025-Fri 19-04-52-PM,5.3,5.868,1.3839622641509433,-36.162,5.2,5.872,1.4115384615384616,-34.5852,6.5,5.872,1.1292307692307693,-34.674,6.2,5.876,1.1846774193548388,-33.4557,15.6,5.852,0.4689102564102564,-33.666,18.7,5.872,0.3925133689839573,-31.6275,16.3,5.852,0.4487730061349693,-34.474,14.2,5.856,0.5154929577464789,-35.0503,5.3,5.868,1.3839622641509433,-37.7392,5.2,5.872,1.4115384615384616,-36.102,6.5,5.872,1.1292307692307693,-35.9801,6.2,5.876,1.1846774193548388,-35.116,15.6,5.852,0.4689102564102564,-35.9137,18.7,5.872,0.3925133689839573,-34.762,16.3,5.852,0.4487730061349693,-36.7436,14.2,5.856,0.5154929577464789,-35.897
09-05-2025-Fri 19-06-07-PM,5.7,5.864,1.2859649122807018,-36.511,5.3,5.872,1.3849056603773584,-34.9839,6.5,5.868,1.1284615384615386,-35.072,6.3,5.876,1.165873015873016,-33.9208,16.5,5.852,0.44333333333333336,-34.064,19.4,5.872,0.3783505154639176,-32.0929,16.8,5.852,0.4354166666666667,-34.839,14.6,5.856,0.5013698630136986,-35.4155,5.7,5.864,1.2859649122807018,-38.038,5.3,5.872,1.3849056603773584,-36.445,6.5,5.868,1.1284615384615386,-36.3122,6.3,5.876,1.165873015873016,-35.471,16.5,5.852,0.44333333333333336,-36.1793,19.4,5.872,0.3783505154639176,-35.094,16.8,5.852,0.4354166666666667,-37.0092,14.6,5.856,0.5013698630136986,-36.212
09-05-2025-Fri 19-06-09-PM,5.2,5.868,1.4105769230769232,-36.544,4.7,5.872,1.5617021276595744,-35.0503,6.2,5.872,1.1838709677419355,-35.083,5.8,5.872,1.2655172413793105,-33.8876,15.5,5.856,0.47225806451612906,-34.064,18.5,5.876,0.3970270270270271,-32.0929,16.2,5.856,0.45185185185185184,-34.839,13.9,5.856,0.5266187050359712,-35.4488,5.2,5.868,1.4105769230769232,-38.038,4.7,5.872,1.5617021276595744,-36.467,6.2,5.872,1.1838709677419355,-36.3122,5.8,5.872,1.2655172413793105,-35.471,15.5,5.856,0.47225806451612906,-36.2125,18.5,5.876,0.3970270270270271,-35.094,16.2,5.856,0.45185185185185184,-36.976,13.9,5.856,0.5266187050359712,-36.212
09-05-2025-Fri 19-06-12-PM,5.3,5.864,1.3830188679245283,-36.577,5.0,5.872,1.4679999999999997,-35.0834,6.2,5.872,1.1838709677419355,-35.083,5.7,5.876,1.28859649122807,-33.8544,15.1,5.856,0.4847682119205298,-34.053,18.2,5.876,0.4035714285714285,-32.0929,15.8,5.856,0.46329113924050624,-34.839,13.5,5.86,0.5425925925925926,-35.4488,5.3,5.864,1.3830188679245283,-38.071,5.0,5.872,1.4679999999999997,-36.489,6.2,5.872,1.1838709677419355,-36.3122,5.7,5.876,1.28859649122807,-35.46,15.1,5.856,0.4847682119205298,-36.2125,18.2,5.876,0.4035714285714285,-35.094,15.8,5.856,0.46329113924050624,-36.976,13.5,5.86,0.5425925925925926,-36.212
09-05-2025-Fri 19-06-14-PM,5.0,5.864,1.466,-36.594,4.9,5.872,1.4979591836734694,-35.1167,6.0,5.876,1.2241666666666668,-35.094,6.0,5.876,1.2241666666666668,-33.8876,15.1,5.852,0.48443708609271535,-34.075,18.0,5.872,0.4077777777777778,-32.1262,15.5,5.852,0.4719354838709678,-34.872,13.5,5.856,0.5422222222222223,-35.482,5.0,5.864,1.466,-38.071,4.9,5.872,1.4979591836734694,-36.489,6.0,5.876,1.2241666666666668,-36.2789,6.0,5.876,1.2241666666666668,-35.46,15.1,5.852,0.48443708609271535,-36.2125,18.0,5.872,0.4077777777777778,-35.116,15.5,5.852,0.4719354838709678,-37.0092,13.5,5.856,0.5422222222222223,-36.246
09-05-2025-Fri 19-06-17-PM,5.0,5.868,1.4670000000000003,-36.594,4.5,5.876,1.6322222222222227,-35.1167,5.9,5.872,1.2440677966101692,-35.117,5.7,5.88,1.2894736842105263,-33.8876,15.2,5.856,0.48157894736842105,-34.098,18.1,5.876,0.4058011049723757,-32.1594,15.6,5.856,0.4692307692307693,-34.884,13.3,5.86,0.5507518796992481,-35.482,5.0,5.868,1.4670000000000003,-38.071,4.5,5.876,1.6322222222222227,-36.511,5.9,5.872,1.2440677966101692,-36.3454,5.7,5.88,1.2894736842105263,-35.493,15.2,5.856,0.48157894736842105,-36.2457,18.1,5.876,0.4058011049723757,-35.138,15.6,5.856,0.4692307692307693,-37.0092,13.3,5.86,0.5507518796992481,-36.246
09-05-2025-Fri 19-13-15-PM,5.4,5.864,1.3574074074074074,-37.971,4.7,5.876,1.5627659574468087,-36.8432,6.0,5.872,1.2233333333333334,-36.744,5.9,5.876,1.244915254237288,-35.7809,16.0,5.852,0.4571875,-35.847,19.2,5.872,0.3822916666666667,-34.2863,16.9,5.848,0.4325443786982249,-36.456,14.9,5.856,0.4912751677852349,-37.1088,5.4,5.864,1.3574074074074074,-39.0995,4.7,5.876,1.5627659574468087,-37.85,6.0,5.872,1.2233333333333334,-37.6066,5.9,5.876,1.244915254237288,-36.954,16.0,5.852,0.4571875,-37.4738,19.2,5.872,0.3822916666666667,-36.577,16.9,5.848,0.4325443786982249,-37.9716,14.9,5.856,0.4912751677852349,-37.54
09-05-2025-Fri 19-14-44-PM,4.8,5.868,1.5281250000000004,-38.784,4.1,5.872,1.7902439024390244,-37.3411,5.4,5.876,1.3601851851851854,-37.485,5.3,5.88,1.3867924528301887,-36.4781,15.1,5.86,0.48509933774834446,-36.467,17.9,5.872,0.4100558659217877,-34.8842,15.8,5.856,0.46329113924050624,-37.097,13.9,5.864,0.5273381294964028,-37.6066,4.8,5.868,1.5281250000000004,-40.227,4.1,5.872,1.7902439024390244,-38.734,5.4,5.876,1.3601851851851854,-38.6352,5.3,5.88,1.3867924528301887,-37.717,15.1,5.86,0.48509933774834446,-38.038,17.9,5.872,0.4100558659217877,-37.241,15.8,5.856,0.46329113924050624,-38.801,13.9,5.864,0.5273381294964028,-38.204
09-05-2025-Fri 19-14-47-PM,4.7,5.868,1.5606382978723405,-38.801,4.2,5.872,1.7476190476190474,-37.3411,5.3,5.876,1.3858490566037736,-37.518,4.9,5.88,1.4999999999999998,-36.5113,14.3,5.856,0.5118881118881119,-36.5,17.0,5.876,0.4320588235294118,-34.9174,14.9,5.856,0.4912751677852349,-37.13,13.3,5.86,0.5507518796992481,-37.6398,4.7,5.868,1.5606382978723405,-40.2602,4.2,5.872,1.7476190476190474,-38.768,5.3,5.876,1.3858490566037736,-38.7015,4.9,5.88,1.4999999999999998,-37.761,14.3,5.856,0.5118881118881119,-38.071,17.0,5.876,0.4320588235294118,-37.274,14.9,5.856,0.4912751677852349,-38.8342,13.3,5.86,0.5507518796992481,-38.237
09-05-2025-Fri 19-14-49-PM,4.6,5.868,1.5945652173913043,-38.85,4.0,5.876,1.83625,-37.4074,5.3,5.876,1.3858490566037736,-37.54,4.8,5.876,1.5302083333333334,-36.5113,14.0,5.86,0.5232142857142857,-36.5,16.6,5.88,0.4427710843373494,-34.9174,14.6,5.86,0.5017123287671234,-37.153,12.8,5.864,0.57265625,-37.673,4.6,5.868,1.5945652173913043,-40.2934,4.0,5.876,1.83625,-38.801,5.3,5.876,1.3858490566037736,-38.7015,4.8,5.876,1.5302083333333334,-37.761,14.0,5.86,0.5232142857142857,-38.071,16.6,5.88,0.4427710843373494,-37.285,14.6,5.86,0.5017123287671234,-38.8673,12.8,5.864,0.57265625,-38.27
09-05-2025-Fri 19-14-51-PM,4.4,5.872,1.6681818181818182,-38.884,3.9,5.876,1.8833333333333335,-37.4074,4.9,5.88,1.4999999999999998,-37.573,4.7,5.88,1.5638297872340425,-36.5445,14.1,5.856,0.5191489361702127,-36.533,16.6,5.876,0.44246987951807226,-34.9507,14.4,5.86,0.5086805555555556,-37.186,12.5,5.864,0.5863999999999999,-37.7062,4.4,5.872,1.6681818181818182,-40.3597,3.9,5.876,1.8833333333333335,-38.845,4.9,5.88,1.4999999999999998,-38.7678,4.7,5.88,1.5638297872340425,-37.806,14.1,5.856,0.5191489361702127,-38.1043,16.6,5.876,0.44246987951807226,-37.318,14.4,5.86,0.5086805555555556,-38.9005,12.5,5.864,0.5863999999999999,-38.303
09-05-2025-Fri 19-14-54-PM,4.4,5.872,1.6681818181818182,-38.933,3.9,5.876,1.8833333333333335,-37.4738,5.0,5.88,1.47,-37.629,4.7,5.88,1.5638297872340425,-36.6441,14.1,5.86,0.5195035460992908,-36.588,16.4,5.876,0.4478658536585367,-34.9839,14.4,5.86,0.5086805555555556,-37.23,12.5,5.86,0.5860000000000001,-37.7392,4.4,5.872,1.6681818181818182,-40.3927,3.9,5.876,1.8833333333333335,-38.878,5.0,5.88,1.47,-38.7678,4.7,5.88,1.5638297872340425,-37.85,14.1,5.86,0.5195035460992908,-38.1375,16.4,5.876,0.4478658536585367,-37.363,14.4,5.86,0.5086805555555556,-38.9669,12.5,5.86,0.5860000000000001,-38.353
09-05-2025-Fri 19-14-56-PM,4.0,5.868,1.83375,-38.933,4.1,5.88,1.7926829268292686,-37.4407,4.6,5.88,1.597826086956522,-37.629,4.6,5.88,1.597826086956522,-36.6109,13.9,5.86,0.5269784172661871,-36.588,16.4,5.876,0.4478658536585367,-34.9839,14.4,5.856,0.5083333333333334,-37.23,12.3,5.864,0.5959349593495935,-37.7392,4.0,5.868,1.83375,-40.426,4.1,5.88,1.7926829268292686,-38.9,4.6,5.88,1.597826086956522,-38.8342,4.6,5.88,1.597826086956522,-37.872,13.9,5.86,0.5269784172661871,-38.1707,16.4,5.876,0.4478658536585367,-37.374,14.4,5.856,0.5083333333333334,-38.9669,12.3,5.864,0.5959349593495935,-38.353
09-05-2025-Fri 19-16-27-PM,4.3,5.872,1.7069767441860464,-39.729,3.9,5.876,1.8833333333333335,-38.1707,4.9,5.876,1.4989795918367346,-38.414,4.6,5.876,1.5967391304347829,-37.3743,14.3,5.86,0.5122377622377623,-37.363,16.7,5.876,0.43982035928143715,-35.7809,14.4,5.86,0.5086805555555556,-38.104,12.8,5.86,0.572265625,-38.5687,4.3,5.872,1.7069767441860464,-41.2878,3.9,5.876,1.8833333333333335,-39.718,4.9,5.876,1.4989795918367346,-39.6965,4.6,5.876,1.5967391304347829,-38.668,14.3,5.86,0.5122377622377623,-38.9337,16.7,5.876,0.43982035928143715,-38.225,14.4,5.86,0.5086805555555556,-39.9618,12.8,5.86,0.572265625,-39.265
09-05-2025-Fri 19-16-29-PM,4.0,5.872,1.835,-39.746,3.6,5.88,2.0416666666666665,-38.1707,4.7,5.876,1.5627659574468087,-38.436,4.7,5.88,1.5638297872340425,-37.4074,13.5,5.86,0.5425925925925926,-37.385,16.0,5.88,0.45937500000000003,-35.8141,14.3,5.86,0.5122377622377623,-38.126,12.3,5.864,0.5959349593495935,-38.5687,4.0,5.872,1.835,-41.321,3.6,5.88,2.0416666666666665,-39.74,4.7,5.876,1.5627659574468087,-39.7295,4.7,5.88,1.5638297872340425,-38.69,13.5,5.86,0.5425925925925926,-38.9337,16.0,5.88,0.45937500000000003,-38.248,14.3,5.86,0.5122377622377623,-39.9949,12.3,5.864,0.5959349593495935,-39.282
09-05-2025-Fri 19-16-31-PM,4.2,5.872,1.7476190476190474,-39.779,3.7,5.876,1.9851351351351352,-38.2039,4.6,5.88,1.597826086956522,-38.458,4.5,5.88,1.6333333333333335,-37.4407,13.2,5.86,0.5549242424242424,-37.385,15.7,5.88,0.4681528662420382,-35.7809,13.6,5.86,0.5386029411764707,-38.137,11.9,5.864,0.6159663865546218,-38.602,4.2,5.872,1.7476190476190474,-41.3541,3.7,5.876,1.9851351351351352,-39.762,4.6,5.88,1.597826086956522,-39.7295,4.5,5.88,1.6333333333333335,-38.701,13.2,5.86,0.5549242424242424,-38.9337,15.7,5.88,0.4681528662420382,-38.248,13.6,5.86,0.5386029411764707,-40.0281,11.9,5.864,0.6159663865546218,-39.315
09-05-2025-Fri 19-17-24-PM,4.0,5.868,1.83375,-40.127,3.7,5.88,1.9864864864864864,-38.602,4.8,5.88,1.53125,-38.812,4.5,5.884,1.6344444444444446,-37.7392,13.8,5.864,0.531159420289855,-37.75,16.0,5.88,0.45937500000000003,-36.2125,14.0,5.86,0.5232142857142857,-38.535,12.3,5.868,0.5963414634146342,-39.0,4.0,5.868,1.83375,-41.6524,3.7,5.88,1.9864864864864864,-40.116,4.8,5.88,1.53125,-40.0944,4.5,5.884,1.6344444444444446,-39.044,13.8,5.864,0.531159420289855,-39.2986,16.0,5.88,0.45937500000000003,-38.635,14.0,5.86,0.5232142857142857,-40.3927,12.3,5.868,0.5963414634146342,-39.696
09-05-2025-Fri 19-17-26-PM,3.8,5.872,1.931578947368421,-40.16,3.4,5.88,2.1617647058823533,-38.602,4.2,5.88,1.7499999999999998,-38.845,4.4,5.884,1.6715909090909091,-37.8389,13.2,5.864,0.5553030303030303,-37.783,15.6,5.88,0.47115384615384615,-36.2125,13.5,5.864,0.542962962962963,-38.535,11.9,5.868,0.6163865546218488,-39.0,3.8,5.872,1.931578947368421,-41.7186,3.4,5.88,2.1617647058823533,-40.138,4.2,5.88,1.7499999999999998,-40.0944,4.4,5.884,1.6715909090909091,-39.077,13.2,5.864,0.5553030303030303,-39.2986,15.6,5.88,0.47115384615384615,-38.635,13.5,5.864,0.542962962962963,-40.3927,11.9,5.868,0.6163865546218488,-39.696
09-05-2025-Fri 19-17-28-PM,4.2,5.872,1.7476190476190474,-40.177,3.7,5.88,1.9864864864864864,-38.6352,4.2,5.88,1.7499999999999998,-38.867,4.3,5.884,1.71046511627907,-37.8389,12.9,5.864,0.5682170542635658,-37.783,14.8,5.884,0.49695945945945946,-36.2125,13.3,5.868,0.5515037593984963,-38.546,11.9,5.868,0.6163865546218488,-39.0332,4.2,5.872,1.7476190476190474,-41.7186,3.7,5.88,1.9864864864864864,-40.16,4.2,5.88,1.7499999999999998,-40.1275,4.3,5.884,1.71046511627907,-39.088,12.9,5.864,0.5682170542635658,-39.2986,14.8,5.884,0.49695945945945946,-38.635,13.3,5.868,0.5515037593984963,-40.3927,11.9,5.868,0.6163865546218488,-39.713
09-05-2025-Fri 19-19-32-PM,3.8,5.872,1.931578947368421,-40.873,3.4,5.88,2.1617647058823533,-39.3979,4.3,5.88,1.7093023255813953,-39.597,4.0,5.884,1.83875,-38.602,13.3,5.86,0.5507518796992481,-38.546,15.5,5.88,0.4741935483870968,-37.0092,13.6,5.86,0.5386029411764707,-39.287,11.9,5.868,0.6163865546218488,-39.8291,3.8,5.872,1.931578947368421,-42.3482,3.4,5.88,2.1617647058823533,-40.846,4.3,5.88,1.7093023255813953,-40.7906,4.0,5.884,1.83875,-39.807,13.3,5.86,0.5507518796992481,-40.0281,15.5,5.88,0.4741935483870968,-39.353,13.6,5.86,0.5386029411764707,-41.0227,11.9,5.868,0.6163865546218488,-40.426
09-05-2025-Fri 19-19-35-PM,3.8,5.872,1.931578947368421,-40.923,3.3,5.88,2.227272727272727,-39.4643,3.9,5.88,1.8846153846153846,-39.63,4.0,5.884,1.83875,-38.602,12.5,5.864,0.5863999999999999,-38.546,14.7,5.88,0.5,-37.0092,13.2,5.864,0.5553030303030303,-39.298,11.5,5.864,0.6373913043478261,-39.8291,3.8,5.872,1.931578947368421,-42.3813,3.3,5.88,2.227272727272727,-40.89,3.9,5.88,1.8846153846153846,-40.8237,4.0,5.884,1.83875,-39.818,12.5,5.864,0.5863999999999999,-40.0281,14.7,5.88,0.5,-39.364,13.2,5.864,0.5553030303030303,-41.0558,11.5,5.864,0.6373913043478261,-40.442
09-05-2025-Fri 19-19-37-PM,3.4,5.872,2.158823529411765,-40.939,3.1,5.88,2.370967741935484,-39.4643,4.1,5.88,1.7926829268292686,-39.641,4.0,5.884,1.83875,-38.6352,12.2,5.86,0.6004098360655739,-38.569,14.5,5.88,0.5068965517241378,-37.0424,12.8,5.864,0.57265625,-39.32,11.1,5.868,0.6608108108108108,-39.8623,3.4,5.872,2.158823529411765,-42.4145,3.1,5.88,2.370967741935484,-40.901,4.1,5.88,1.7926829268292686,-40.8237,4.0,5.884,1.83875,-39.829,12.2,5.86,0.6004098360655739,-40.0281,14.5,5.88,0.5068965517241378,-39.375,12.8,5.864,0.57265625,-41.0558,11.1,5.868,0.6608108108108108,-40.459
09-05-2025-Fri 19-19-39-PM,3.5,5.872,2.097142857142857,-40.89,3.3,5.884,2.228787878787879,-39.3649,3.7,5.884,1.9878378378378379,-39.597,3.7,5.884,1.9878378378378379,-38.602,12.2,5.864,0.6008196721311476,-38.569,14.2,5.88,0.517605633802817,-37.0755,12.5,5.864,0.5863999999999999,-39.331,10.8,5.868,0.6791666666666667,-39.8623,3.5,5.872,2.097142857142857,-42.4145,3.3,5.884,2.228787878787879,-40.868,3.7,5.884,1.9878378378378379,-40.8237,3.7,5.884,1.9878378378378379,-39.818,12.2,5.864,0.6008196721311476,-40.0281,14.2,5.88,0.517605633802817,-39.386,12.5,5.864,0.5863999999999999,-41.0558,10.8,5.868,0.6791666666666667,-40.459
09-05-2025-Fri 19-20-17-PM,3.5,5.872,2.097142857142857,-41.155,3.2,5.88,2.2968749999999996,-39.6965,3.9,5.884,1.8858974358974363,-39.829,3.7,5.884,1.9878378378378379,-38.7678,12.3,5.864,0.5959349593495935,-38.768,14.5,5.88,0.5068965517241378,-37.3079,12.8,5.864,0.57265625,-39.541,11.2,5.868,0.6549107142857143,-40.0944,3.5,5.872,2.097142857142857,-42.6133,3.2,5.88,2.2968749999999996,-41.111,3.9,5.884,1.8858974358974363,-41.0227,3.7,5.884,1.9878378378378379,-40.006,12.3,5.864,0.5959349593495935,-40.227,14.5,5.88,0.5068965517241378,-39.585,12.8,5.864,0.57265625,-41.2214,11.2,5.868,0.6549107142857143,-40.658
09-05-2025-Fri 19-20-19-PM,3.2,5.872,2.2937499999999997,-41.171,3.2,5.884,2.2984375,-39.7295,3.9,5.88,1.8846153846153846,-39.862,3.6,5.884,2.0430555555555556,-38.801,12.1,5.864,0.6057851239669422,-38.779,14.2,5.88,0.517605633802817,-37.3079,12.4,5.864,0.5911290322580646,-39.541,10.6,5.868,0.6919811320754716,-40.0944,3.2,5.872,2.2937499999999997,-42.6133,3.2,5.884,2.2984375,-41.133,3.9,5.88,1.8846153846153846,-41.0558,3.6,5.884,2.0430555555555556,-40.028,12.1,5.864,0.6057851239669422,-40.227,14.2,5.88,0.517605633802817,-39.585,12.4,5.864,0.5911290322580646,-41.2214,10.6,5.868,0.6919811320754716,-40.658
09-05-2025-Fri 19-20-22-PM,3.0,5.876,2.4483333333333337,-41.138,2.9,5.88,2.53448275862069,-39.6634,3.5,5.88,2.1,-39.851,3.6,5.884,2.0430555555555556,-38.8673,11.9,5.868,0.6163865546218488,-38.801,14.0,5.884,0.5253571428571429,-37.3079,12.4,5.864,0.5911290322580646,-39.563,10.5,5.868,0.6985714285714286,-40.1275,3.0,5.876,2.4483333333333337,-42.6133,2.9,5.88,2.53448275862069,-41.1,3.5,5.88,2.1,-41.0227,3.6,5.884,2.0430555555555556,-40.039,11.9,5.868,0.6163865546218488,-40.227,14.0,5.884,0.5253571428571429,-39.597,12.4,5.864,0.5911290322580646,-41.2547,10.5,5.868,0.6985714285714286,-40.691
09-05-2025-Fri 19-20-24-PM,3.3,5.872,2.224242424242424,-41.171,3.1,5.884,2.3725806451612907,-39.6965,3.7,5.88,1.9864864864864864,-39.862,3.5,5.884,2.1014285714285714,-38.8342,12.0,5.864,0.6108333333333333,-38.812,13.8,5.884,0.5329710144927536,-37.3743,12.2,5.864,0.6008196721311476,-39.574,10.6,5.872,0.6924528301886792,-40.1275,3.3,5.872,2.224242424242424,-42.6464,3.1,5.884,2.3725806451612907,-41.133,3.7,5.88,1.9864864864864864,-41.0558,3.5,5.884,2.1014285714285714,-40.039,12.0,5.864,0.6108333333333333,-40.227,13.8,5.884,0.5329710144927536,-39.608,12.2,5.864,0.6008196721311476,-41.2214,10.6,5.872,0.6924528301886792,-40.674
09-05-2025-Fri 19-20-27-PM,3.3,5.872,2.224242424242424,-41.188,2.9,5.88,2.53448275862069,-39.7295,3.3,5.884,2.228787878787879,-39.895,3.6,5.884,2.0430555555555556,-38.9005,11.6,5.868,0.6323275862068967,-38.834,13.6,5.884,0.5408088235294118,-37.3411,12.4,5.864,0.5911290322580646,-39.597,10.4,5.868,0.7052884615384616,-40.1607,3.3,5.872,2.224242424242424,-42.6464,2.9,5.88,2.53448275862069,-41.144,3.3,5.884,2.228787878787879,-41.0558,3.6,5.884,2.0430555555555556,-40.072,11.6,5.868,0.6323275862068967,-40.2602,13.6,5.884,0.5408088235294118,-39.63,12.4,5.864,0.5911290322580646,-41.2878,10.4,5.868,0.7052884615384616,-40.724
09-05-2025-Fri 19-20-29-PM,3.3,5.876,2.225757575757576,-41.205,3.0,5.884,2.451666666666667,-39.7628,3.5,5.884,2.1014285714285714,-39.917,3.5,5.88,2.1,-38.9337,11.6,5.868,0.6323275862068967,-38.867,13.8,5.884,0.5329710144927536,-37.3743,12.2,5.864,0.6008196721311476,-39.597,10.7,5.868,0.6855140186915888,-40.1607,3.3,5.876,2.225757575757576,-42.6464,3.0,5.884,2.451666666666667,-41.155,3.5,5.884,2.1014285714285714,-41.0558,3.5,5.88,2.1,-40.094,11.6,5.868,0.6323275862068967,-40.2934,13.8,5.884,0.5329710144927536,-39.641,12.2,5.864,0.6008196721311476,-41.2547,10.7,5.868,0.6855140186915888,-40.708
09-05-2025-Fri 19-20-32-PM,3.5,5.876,2.0985714285714288,-41.238,3.1,5.884,2.3725806451612907,-39.8291,3.4,5.88,2.1617647058823533,-39.951,3.4,5.888,2.164705882352941,-38.9337,11.8,5.864,0.621186440677966,-38.867,13.8,5.884,0.5329710144927536,-37.3743,12.1,5.868,0.6061983471074381,-39.608,10.7,5.868,0.6855140186915888,-40.1607,3.5,5.876,2.0985714285714288,-42.6464,3.1,5.884,2.3725806451612907,-41.188,3.4,5.88,2.1617647058823533,-41.089,3.4,5.888,2.164705882352941,-40.105,11.8,5.864,0.621186440677966,-40.2934,13.8,5.884,0.5329710144927536,-39.652,12.1,5.868,0.6061983471074381,-41.2878,10.7,5.868,0.6855140186915888,-40.724
09-05-2025-Fri 19-21-41-PM,3.3,5.876,2.225757575757576,-41.569,3.0,5.884,2.451666666666667,-40.1939,3.6,5.88,2.0416666666666665,-40.293,3.5,5.884,2.1014285714285714,-39.2986,12.2,5.864,0.6008196721311476,-39.232,14.2,5.88,0.517605633802817,-37.8057,12.8,5.864,0.57265625,-39.961,11.2,5.868,0.6549107142857143,-40.5585,3.3,5.876,2.225757575757576,-42.9445,3.0,5.884,2.451666666666667,-41.509,3.6,5.88,2.0416666666666665,-41.3872,3.5,5.884,2.1014285714285714,-40.426,12.2,5.864,0.6008196721311476,-40.5917,14.2,5.88,0.517605633802817,-39.972,12.8,5.864,0.57265625,-41.5198,11.2,5.868,0.6549107142857143,-41.039
09-05-2025-Fri 19-21-43-PM,3.2,5.876,2.2953125,-41.586,3.0,5.88,2.45,-40.1939,3.6,5.88,2.0416666666666665,-40.282,3.5,5.884,2.1014285714285714,-39.2654,11.8,5.864,0.621186440677966,-39.232,14.1,5.884,0.5216312056737589,-37.8057,12.4,5.864,0.5911290322580646,-39.95,10.5,5.872,0.699047619047619,-40.5254,3.2,5.876,2.2953125,-42.9776,3.0,5.88,2.45,-41.52,3.6,5.88,2.0416666666666665,-41.3872,3.5,5.884,2.1014285714285714,-40.426,11.8,5.864,0.621186440677966,-40.6249,14.1,5.884,0.5216312056737589,-39.983,12.4,5.864,0.5911290322580646,-41.5198,10.5,5.872,0.699047619047619,-41.023
09-05-2025-Fri 19-23-48-PM,3.4,5.872,2.158823529411765,-42.331,3.0,5.884,2.451666666666667,-40.89,3.4,5.884,2.1632352941176474,-41.022,3.7,5.884,1.9878378378378379,-39.9949,12.1,5.864,0.6057851239669422,-39.906,14.1,5.884,0.5216312056737589,-38.5356,12.6,5.864,0.5817460317460317,-40.613,10.9,5.868,0.6729357798165139,-41.2214,3.4,5.872,2.158823529411765,-43.7725,3.0,5.884,2.451666666666667,-42.282,3.4,5.884,2.1632352941176474,-42.1825,3.7,5.884,1.9878378378378379,-41.122,12.1,5.864,0.6057851239669422,-41.1884,14.1,5.884,0.5216312056737589,-40.602,12.6,5.864,0.5817460317460317,-42.0832,10.9,5.868,0.6729357798165139,-41.652
09-05-2025-Fri 19-23-51-PM,3.1,5.876,2.3693548387096777,-42.348,2.6,5.884,2.828846153846154,-40.89,3.4,5.88,2.1617647058823533,-41.078,3.4,5.884,2.1632352941176474,-40.0944,11.4,5.868,0.6434210526315789,-39.973,13.1,5.88,0.5610687022900764,-38.5687,11.8,5.868,0.6216101694915254,-40.658,10.3,5.868,0.712135922330097,-41.2547,3.1,5.876,2.3693548387096777,-43.8057,2.6,5.884,2.828846153846154,-42.315,3.4,5.88,2.1617647058823533,-42.2488,3.4,5.884,2.1632352941176474,-41.199,11.4,5.868,0.6434210526315789,-41.2547,13.1,5.88,0.5610687022900764,-40.658,11.8,5.868,0.6216101694915254,-42.1494,10.3,5.868,0.712135922330097,-41.702
09-05-2025-Fri 19-25-02-PM,2.6,5.88,2.8269230769230766,-43.557,2.6,5.884,2.828846153846154,-41.7518,3.2,5.884,2.2984375,-42.072,2.9,5.888,2.537931034482759,-40.9564,11.2,5.868,0.6549107142857143,-40.813,12.8,5.888,0.575,-39.3649,11.2,5.868,0.6549107142857143,-41.586,10.1,5.872,0.7267326732673267,-42.1494,2.6,5.88,2.8269230769230766,-45.3616,2.6,5.884,2.828846153846154,-43.54,3.2,5.884,2.2984375,-43.5076,2.9,5.888,2.537931034482759,-42.193,11.2,5.868,0.6549107142857143,-42.1163,12.8,5.888,0.575,-41.575,11.2,5.868,0.6549107142857143,-43.2426,10.1,5.872,0.7267326732673267,-42.696
09-05-2025-Fri 19-25-04-PM,2.7,5.88,2.7222222222222223,-43.54,2.5,5.884,2.9419999999999997,-41.6855,3.0,5.884,2.451666666666667,-42.105,2.9,5.888,2.537931034482759,-41.089,10.5,5.872,0.699047619047619,-40.868,12.2,5.884,0.6028688524590166,-39.3979,11.3,5.868,0.6491150442477875,-41.608,9.4,5.872,0.7808510638297872,-42.1494,2.7,5.88,2.7222222222222223,-45.3947,2.5,5.884,2.9419999999999997,-43.54,3.0,5.884,2.451666666666667,-43.5406,2.9,5.888,2.537931034482759,-42.249,10.5,5.872,0.699047619047619,-42.1163,12.2,5.884,0.6028688524590166,-41.597,11.3,5.868,0.6491150442477875,-43.2757,9.4,5.872,0.7808510638297872,-42.713
09-05-2025-Fri 19-25-07-PM,2.8,5.88,2.625,-43.573,2.3,5.884,3.197826086956522,-41.7518,3.0,5.888,2.453333333333333,-42.127,3.1,5.884,2.3725806451612907,-41.0558,10.3,5.872,0.7126213592233009,-40.868,12.2,5.888,0.6032786885245902,-39.3979,10.9,5.868,0.6729357798165139,-41.63,9.4,5.872,0.7808510638297872,-42.1825,2.8,5.88,2.625,-45.3947,2.3,5.884,3.197826086956522,-43.573,3.0,5.888,2.453333333333333,-43.5738,3.1,5.884,2.3725806451612907,-42.26,10.3,5.872,0.7126213592233009,-42.1494,12.2,5.888,0.6032786885245902,-41.619,10.9,5.868,0.6729357798165139,-43.3089,9.4,5.872,0.7808510638297872,-42.746
09-05-2025-Fri 19-25-09-PM,2.8,5.876,2.6232142857142864,-43.59,2.3,5.884,3.197826086956522,-41.7518,3.0,5.884,2.451666666666667,-42.138,3.0,5.892,2.455,-41.089,10.2,5.868,0.7191176470588236,-40.901,12.0,5.888,0.6133333333333333,-39.4312,10.6,5.872,0.6924528301886792,-41.663,9.3,5.876,0.789784946236559,-42.2156,2.8,5.876,2.6232142857142864,-45.4278,2.3,5.884,3.197826086956522,-43.584,3.0,5.884,2.451666666666667,-43.5738,3.0,5.892,2.455,-42.282,10.2,5.868,0.7191176470588236,-42.1825,12.0,5.888,0.6133333333333333,-41.652,10.6,5.872,0.6924528301886792,-43.342,9.3,5.876,0.789784946236559,-42.779
09-05-2025-Fri 19-26-23-PM,2.5,5.876,2.938,-44.252,2.2,5.888,3.3454545454545452,-42.4476,2.8,5.884,2.6267857142857145,-42.79,3.0,5.888,2.453333333333333,-41.6855,9.9,5.868,0.740909090909091,-41.52,11.5,5.888,0.64,-40.0944,10.6,5.872,0.6924528301886792,-42.337,9.0,5.876,0.8161111111111113,-42.9445,2.5,5.876,2.938,-46.0566,2.2,5.888,3.3454545454545452,-44.247,2.8,5.884,2.6267857142857145,-44.2361,3.0,5.888,2.453333333333333,-42.9,9.9,5.868,0.740909090909091,-42.7789,11.5,5.888,0.64,-42.282,10.6,5.872,0.6924528301886792,-43.9712,9.0,5.876,0.8161111111111113,-43.458
09-05-2025-Fri 19-28-28-PM,2.2,5.876,3.338636363636364,-45.229,1.9,5.884,3.8710526315789475,-43.5076,2.6,5.888,2.830769230769231,-43.761,2.7,5.888,2.7259259259259254,-42.6464,10.0,5.872,0.7339999999999999,-42.403,11.5,5.888,0.64,-41.1221,10.4,5.868,0.7052884615384616,-43.231,9.1,5.876,0.807142857142857,-43.9712,2.2,5.876,3.338636363636364,-46.9498,1.9,5.884,3.8710526315789475,-45.196,2.6,5.888,2.830769230769231,-45.13,2.7,5.888,2.7259259259259254,-43.739,10.0,5.872,0.7339999999999999,-43.4414,11.5,5.888,0.64,-43.055,10.4,5.868,0.7052884615384616,-44.6003,9.1,5.876,0.807142857142857,-44.286
09-05-2025-Fri 19-28-30-PM,2.2,5.884,3.3431818181818183,-45.245,2.0,5.888,3.68,-43.5076,2.8,5.888,2.6285714285714286,-43.794,2.7,5.888,2.7259259259259254,-42.7458,9.1,5.876,0.807142857142857,-42.447,10.8,5.888,0.6814814814814814,-41.1221,9.9,5.876,0.7419191919191919,-43.242,8.3,5.876,0.8849397590361445,-44.0043,2.2,5.884,3.3431818181818183,-46.9829,2.0,5.888,3.68,-45.207,2.8,5.888,2.6285714285714286,-45.13,2.7,5.888,2.7259259259259254,-43.783,9.1,5.876,0.807142857142857,-43.4745,10.8,5.888,0.6814814814814814,-43.066,9.9,5.876,0.7419191919191919,-44.6003,8.3,5.876,0.8849397590361445,-44.302
09-05-2025-Fri 19-28-32-PM,2.0,5.88,3.6750000000000003,-45.262,2.2,5.888,3.3454545454545452,-43.5076,2.7,5.888,2.7259259259259254,-43.805,2.5,5.888,2.944,-42.7458,9.0,5.876,0.8161111111111113,-42.447,10.6,5.888,0.6943396226415094,-41.1221,9.5,5.872,0.7726315789473686,-43.242,7.9,5.876,0.9297468354430379,-44.0043,2.0,5.88,3.6750000000000003,-47.0159,2.2,5.888,3.3454545454545452,-45.229,2.7,5.888,2.7259259259259254,-45.163,2.5,5.888,2.944,-43.794,9.0,5.876,0.8161111111111113,-43.4745,10.6,5.888,0.6943396226415094,-43.066,9.5,5.872,0.7726315789473686,-44.6003,7.9,5.876,0.9297468354430379,-44.302
09-05-2025-Fri 19-28-35-PM,2.0,5.884,3.6775,-45.278,2.1,5.888,3.5047619047619043,-43.5406,2.7,5.884,2.724074074074074,-43.816,2.3,5.892,3.2021739130434788,-42.7458,8.9,5.872,0.8247191011235956,-42.47,10.3,5.888,0.7145631067961165,-41.1552,9.5,5.872,0.7726315789473686,-43.264,7.9,5.876,0.9297468354430379,-44.0043,2.0,5.884,3.6775,-47.0159,2.1,5.888,3.5047619047619043,-45.24,2.7,5.884,2.724074074074074,-45.163,2.3,5.892,3.2021739130434788,-43.805,8.9,5.872,0.8247191011235956,-43.5076,10.3,5.888,0.7145631067961165,-43.099,9.5,5.872,0.7726315789473686,-44.6334,7.9,5.876,0.9297468354430379,-44.319
09-05-2025-Fri 19-30-51-PM,2.1,5.88,3.4999999999999996,-46.172,2.0,5.888,3.68,-44.5672,2.3,5.888,3.2,-44.755,2.4,5.888,3.066666666666667,-43.7062,9.2,5.872,0.7978260869565217,-43.287,10.4,5.892,0.708173076923077,-42.1494,9.5,5.872,0.7726315789473686,-44.059,8.1,5.876,0.9067901234567903,-44.9975,2.1,5.88,3.4999999999999996,-47.7767,2.0,5.888,3.68,-46.111,2.3,5.888,3.2,-45.9904,2.4,5.888,3.066666666666667,-44.567,9.2,5.872,0.7978260869565217,-44.0043,10.4,5.892,0.708173076923077,-43.728,9.5,5.872,0.7726315789473686,-45.0306,8.1,5.876,0.9067901234567903,-45.014
09-05-2025-Fri 19-30-53-PM,2.0,5.88,3.6750000000000003,-46.189,1.9,5.888,3.873684210526316,-44.5672,2.5,5.892,2.946,-44.766,2.4,5.888,3.066666666666667,-43.7394,8.6,5.872,0.8534883720930232,-43.32,9.8,5.892,0.7515306122448979,-42.1825,9.0,5.872,0.8155555555555556,-44.081,7.7,5.88,0.9545454545454546,-45.0306,2.0,5.88,3.6750000000000003,-47.8098,1.9,5.888,3.873684210526316,-46.122,2.5,5.892,2.946,-45.9904,2.4,5.888,3.066666666666667,-44.589,8.6,5.872,0.8534883720930232,-44.0374,9.8,5.892,0.7515306122448979,-43.75,9.0,5.872,0.8155555555555556,-45.0306,7.7,5.88,0.9545454545454546,-45.031
09-05-2025-Fri 19-30-56-PM,2.1,5.884,3.502380952380952,-46.205,2.1,5.888,3.5047619047619043,-44.6003,2.1,5.892,3.5071428571428567,-44.766,2.5,5.888,2.944,-43.7062,8.4,5.872,0.8738095238095237,-43.287,9.9,5.888,0.7434343434343434,-42.1825,8.9,5.876,0.8252808988764045,-44.081,7.5,5.88,0.98,-45.0306,2.1,5.884,3.502380952380952,-47.8098,2.1,5.888,3.5047619047619043,-46.134,2.1,5.892,3.5071428571428567,-45.9904,2.5,5.888,2.944,-44.556,8.4,5.872,0.8738095238095237,-43.9712,9.9,5.888,0.7434343434343434,-43.728,8.9,5.876,0.8252808988764045,-45.0306,7.5,5.88,0.98,-45.031
09-05-2025-Fri 19-30-58-PM,2.2,5.88,3.340909090909091,-46.222,1.9,5.892,3.8763157894736846,-44.6334,2.2,5.888,3.3454545454545452,-44.788,2.2,5.888,3.3454545454545452,-43.7062,8.3,5.876,0.8849397590361445,-43.309,9.6,5.892,0.7671875000000001,-42.2156,8.9,5.872,0.8247191011235956,-44.103,7.5,5.88,0.98,-45.0637,2.2,5.88,3.340909090909091,-47.8098,1.9,5.892,3.8763157894736846,-46.156,2.2,5.888,3.3454545454545452,-46.0234,2.2,5.888,3.3454545454545452,-44.578,8.3,5.876,0.8849397590361445,-44.0043,9.6,5.892,0.7671875000000001,-43.75,8.9,5.872,0.8247191011235956,-45.0306,7.5,5.88,0.98,-45.047
09-05-2025-Fri 19-31-00-PM,2.0,5.88,3.6750000000000003,-46.222,2.0,5.888,3.68,-44.6003,2.1,5.892,3.5071428571428567,-44.788,2.5,5.888,2.944,-43.7394,8.1,5.876,0.9067901234567903,-43.331,9.3,5.892,0.7919354838709677,-42.2156,8.4,5.876,0.8744047619047619,-44.114,7.1,5.88,1.035211267605634,-45.0969,2.0,5.88,3.6750000000000003,-47.8427,2.0,5.888,3.68,-46.155,2.1,5.892,3.5071428571428567,-46.0234,2.5,5.888,2.944,-44.6,8.1,5.876,0.9067901234567903,-44.0374,9.3,5.892,0.7919354838709677,-43.761,8.4,5.876,0.8744047619047619,-45.0306,7.1,5.88,1.035211267605634,-45.064
09-05-2025-Fri 19-34-32-PM,2.0,5.884,3.6775,-47.28,1.9,5.892,3.8763157894736846,-45.8911,2.1,5.892,3.5071428571428567,-45.946,2.2,5.896,3.35,-44.9644,7.8,5.88,0.9423076923076923,-44.291,9.4,5.892,0.7835106382978724,-43.5738,8.4,5.876,0.8744047619047619,-45.152,7.4,5.88,0.9932432432432432,-46.2551,2.0,5.884,3.6775,-48.6694,1.9,5.892,3.8763157894736846,-47.181,2.1,5.892,3.5071428571428567,-46.9829,2.2,5.896,3.35,-45.428,7.8,5.88,0.9423076923076923,-44.3354,9.4,5.892,0.7835106382978724,-44.512,8.4,5.876,0.8744047619047619,-45.6264,7.4,5.88,0.9932432432432432,-45.941
09-05-2025-Fri 19-34-35-PM,2.0,5.884,3.6775,-47.313,1.8,5.892,4.091666666666667,-45.9573,2.0,5.892,3.6825,-45.946,2.1,5.888,3.5047619047619043,-44.8982,7.5,5.876,0.9793333333333334,-44.28,8.6,5.892,0.8563953488372095,-43.5738,8.1,5.88,0.9074074074074074,-45.152,6.9,5.884,1.0659420289855073,-46.2551,2.0,5.884,3.6775,-48.6694,1.8,5.892,4.091666666666667,-47.203,2.0,5.892,3.6825,-46.9829,2.1,5.888,3.5047619047619043,-45.417,7.5,5.876,0.9793333333333334,-44.3685,8.6,5.892,0.8563953488372095,-44.523,8.1,5.88,0.9074074074074074,-45.6264,6.9,5.884,1.0659420289855073,-45.941
09-05-2025-Fri 19-34-37-PM,1.7,5.884,4.326470588235295,-47.297,1.7,5.892,4.332352941176471,-45.9573,1.9,5.892,3.8763157894736846,-45.968,2.1,5.892,3.5071428571428567,-44.9644,7.1,5.88,1.035211267605634,-44.302,8.4,5.896,0.8773809523809523,-43.6069,7.2,5.88,1.0208333333333333,-45.163,6.8,5.888,1.0823529411764705,-46.2882,1.7,5.884,4.326470588235295,-48.6364,1.7,5.892,4.332352941176471,-47.192,1.9,5.892,3.8763157894736846,-46.9829,2.1,5.892,3.5071428571428567,-45.428,7.1,5.88,1.035211267605634,-44.3354,8.4,5.896,0.8773809523809523,-44.512,7.2,5.88,1.0208333333333333,-45.5933,6.8,5.888,1.0823529411764705,-45.941
09-05-2025-Fri 19-34-39-PM,2.0,5.884,3.6775,-47.28,1.8,5.892,4.091666666666667,-45.8911,2.0,5.892,3.6825,-45.957,2.1,5.892,3.5071428571428567,-44.9975,7.2,5.872,1.0194444444444444,-44.313,8.0,5.892,0.920625,-43.6069,7.7,5.88,0.9545454545454546,-45.163,6.6,5.884,1.1143939393939395,-46.2882,2.0,5.884,3.6775,-48.6694,1.8,5.892,4.091666666666667,-47.181,2.0,5.892,3.6825,-46.9829,2.1,5.892,3.5071428571428567,-45.439,7.2,5.872,1.0194444444444444,-44.3354,8.0,5.892,0.920625,-44.512,7.7,5.88,0.9545454545454546,-45.5933,6.6,5.884,1.1143939393939395,-45.941
09-05-2025-Fri 19-34-41-PM,1.8,5.888,4.0888888888888895,-47.297,1.6,5.892,4.603125,-45.9573,1.9,5.892,3.8763157894736846,-45.979,1.9,5.892,3.8763157894736846,-44.9975,7.1,5.88,1.035211267605634,-44.324,8.1,5.892,0.9092592592592594,-43.64,7.4,5.88,0.9932432432432432,-45.196,6.6,5.884,1.1143939393939395,-46.3213,1.8,5.888,4.0888888888888895,-48.6364,1.6,5.892,4.603125,-47.192,1.9,5.892,3.8763157894736846,-46.9829,1.9,5.892,3.8763157894736846,-45.439,7.1,5.88,1.035211267605634,-44.3354,8.1,5.892,0.9092592592592594,-44.534,7.4,5.88,0.9932432432432432,-45.6264,6.6,5.884,1.1143939393939395,-45.974
09-05-2025-Fri 19-34-44-PM,1.9,5.884,3.8710526315789475,-47.33,1.7,5.892,4.332352941176471,-45.9904,2.0,5.896,3.685,-45.99,1.9,5.896,3.8789473684210525,-44.9975,6.9,5.876,1.0644927536231883,-44.324,8.0,5.892,0.920625,-43.64,7.6,5.88,0.9671052631578947,-45.196,6.4,5.888,1.15,-46.2882,1.9,5.884,3.8710526315789475,-48.6694,1.7,5.892,4.332352941176471,-47.214,2.0,5.896,3.685,-46.9829,1.9,5.896,3.8789473684210525,-45.439,6.9,5.876,1.0644927536231883,-44.3354,8.0,5.892,0.920625,-44.545,7.6,5.88,0.9671052631578947,-45.6595,6.4,5.888,1.15,-45.974
09-05-2025-Fri 19-36-27-PM,1.9,5.884,3.8710526315789475,-47.727,1.7,5.892,4.332352941176471,-46.4867,2.2,5.896,3.35,-46.442,1.9,5.896,3.8789473684210525,-45.494,7.3,5.88,1.0068493150684932,-44.744,8.3,5.892,0.8873493975903616,-44.2029,7.7,5.88,0.9545454545454546,-45.637,6.7,5.88,1.0970149253731343,-46.7845,1.9,5.884,3.8710526315789475,-48.9669,1.7,5.892,4.332352941176471,-47.6,2.2,5.896,3.35,-47.3467,1.9,5.896,3.8789473684210525,-45.792,7.3,5.88,1.0068493150684932,-44.534,8.3,5.892,0.8873493975903616,-44.887,7.7,5.88,0.9545454545454546,-45.9242,6.7,5.88,1.0970149253731343,-46.354
09-05-2025-Fri 19-36-29-PM,1.9,5.888,3.873684210526316,-47.71,1.8,5.896,4.094444444444445,-46.4536,2.0,5.892,3.6825,-46.454,2.0,5.892,3.6825,-45.527,6.8,5.88,1.0808823529411766,-44.777,8.0,5.892,0.920625,-44.2361,7.6,5.88,0.9671052631578947,-45.637,6.5,5.884,1.1315384615384616,-46.7845,1.9,5.888,3.873684210526316,-48.9669,1.8,5.896,4.094444444444445,-47.6,2.0,5.892,3.6825,-47.3799,2.0,5.892,3.6825,-45.825,6.8,5.88,1.0808823529411766,-44.5672,8.0,5.892,0.920625,-44.898,7.6,5.88,0.9671052631578947,-45.8911,6.5,5.884,1.1315384615384616,-46.338
09-05-2025-Fri 19-36-32-PM,1.7,5.888,4.329411764705882,-47.727,1.7,5.892,4.332352941176471,-46.4867,2.1,5.892,3.5071428571428567,-46.465,1.9,5.896,3.8789473684210525,-45.494,6.7,5.88,1.0970149253731343,-44.755,7.9,5.896,0.9329113924050633,-44.2361,7.1,5.876,1.0345070422535212,-45.648,6.4,5.884,1.14921875,-46.7845,1.7,5.888,4.329411764705882,-48.9669,1.7,5.892,4.332352941176471,-47.622,2.1,5.892,3.5071428571428567,-47.4129,1.9,5.896,3.8789473684210525,-45.814,6.7,5.88,1.0970149253731343,-44.534,7.9,5.896,0.9329113924050633,-44.898,7.1,5.876,1.0345070422535212,-45.9242,6.4,5.884,1.14921875,-46.354
09-05-2025-Fri 19-39-15-PM,2.1,5.888,3.5047619047619043,-48.173,1.6,5.892,4.603125,-47.0822,1.9,5.892,3.8763157894736846,-47.038,1.9,5.892,3.8763157894736846,-46.1888,7.0,5.88,1.05,-45.384,7.8,5.896,0.944871794871795,-44.9975,7.4,5.88,0.9932432432432432,-46.189,6.1,5.884,1.2057377049180331,-47.3137,2.1,5.888,3.5047619047619043,-49.2644,1.6,5.892,4.603125,-48.063,1.9,5.892,3.8763157894736846,-47.8427,1.9,5.892,3.8763157894736846,-46.332,7.0,5.88,1.05,-44.9644,7.8,5.896,0.944871794871795,-45.406,7.4,5.88,0.9932432432432432,-46.2551,6.1,5.884,1.2057377049180331,-46.784
09-05-2025-Fri 19-39-17-PM,1.7,5.888,4.329411764705882,-48.14,1.7,5.896,4.335294117647059,-47.0159,1.8,5.892,4.091666666666667,-47.016,1.4,5.892,5.260714285714285,-46.1888,6.7,5.88,1.0970149253731343,-45.395,7.6,5.896,0.9697368421052631,-45.0306,7.0,5.88,1.05,-46.211,6.2,5.884,1.1862903225806454,-47.3137,1.7,5.888,4.329411764705882,-49.2644,1.7,5.896,4.335294117647059,-48.041,1.8,5.892,4.091666666666667,-47.8427,1.4,5.892,5.260714285714285,-46.332,6.7,5.88,1.0970149253731343,-44.9644,7.6,5.896,0.9697368421052631,-45.428,7.0,5.88,1.05,-46.2882,6.2,5.884,1.1862903225806454,-46.801
09-05-2025-Fri 19-39-19-PM,1.8,5.888,4.0888888888888895,-48.14,1.6,5.896,4.606249999999999,-47.0159,1.8,5.896,4.094444444444445,-47.027,1.9,5.896,3.8789473684210525,-46.222,6.2,5.88,1.185483870967742,-45.406,7.4,5.9,0.9966216216216216,-45.0306,6.8,5.88,1.0808823529411766,-46.2,6.0,5.888,1.2266666666666666,-47.3137,1.8,5.888,4.0888888888888895,-49.2644,1.6,5.896,4.606249999999999,-48.041,1.8,5.896,4.094444444444445,-47.8427,1.9,5.896,3.8789473684210525,-46.343,6.2,5.88,1.185483870967742,-44.9644,7.4,5.9,0.9966216216216216,-45.417,6.8,5.88,1.0808823529411766,-46.2551,6.0,5.888,1.2266666666666666,-46.784
09-05-2025-Fri 19-39-22-PM,1.8,5.888,4.0888888888888895,-48.157,1.5,5.892,4.91,-47.0159,1.8,5.896,4.094444444444445,-47.016,1.7,5.892,4.332352941176471,-46.1888,6.2,5.884,1.1862903225806454,-45.417,7.3,5.896,1.0095890410958905,-45.0637,6.7,5.88,1.0970149253731343,-46.222,5.8,5.884,1.2681034482758622,-47.3467,1.8,5.888,4.0888888888888895,-49.2975,1.5,5.892,4.91,-48.052,1.8,5.896,4.094444444444445,-47.8427,1.7,5.892,4.332352941176471,-46.343,6.2,5.884,1.1862903225806454,-44.9975,7.3,5.896,1.0095890410958905,-45.439,6.7,5.88,1.0970149253731343,-46.2551,5.8,5.884,1.2681034482758622,-46.801
09-05-2025-Fri 19-39-24-PM,1.6,5.888,4.6,-48.173,1.7,5.892,4.332352941176471,-47.0822,1.6,5.892,4.603125,-47.038,1.8,5.896,4.094444444444445,-46.1888,5.9,5.88,1.2457627118644066,-45.417,7.2,5.896,1.0236111111111112,-45.0637,6.6,5.884,1.1143939393939395,-46.222,5.7,5.884,1.2903508771929826,-47.3467,1.6,5.888,4.6,-49.2644,1.7,5.892,4.332352941176471,-48.063,1.6,5.892,4.603125,-47.8427,1.8,5.896,4.094444444444445,-46.343,5.9,5.88,1.2457627118644066,-44.9975,7.2,5.896,1.0236111111111112,-45.439,6.6,5.884,1.1143939393939395,-46.2551,5.7,5.884,1.2903508771929826,-46.801
09-05-2025-Fri 19-41-51-PM,1.8,5.884,4.086111111111111,-48.52,1.6,5.892,4.603125,-47.5452,1.8,5.892,4.091666666666667,-47.446,1.7,5.896,4.335294117647059,-46.619,6.1,5.88,1.2049180327868854,-45.935,7.2,5.896,1.0236111111111112,-45.6595,6.7,5.88,1.0970149253731343,-46.674,5.6,5.884,1.3133928571428573,-47.7437,1.8,5.884,4.086111111111111,-49.4957,1.6,5.892,4.603125,-48.405,1.8,5.892,4.091666666666667,-48.1734,1.7,5.896,4.335294117647059,-46.773,6.1,5.88,1.2049180327868854,-45.527,7.2,5.896,1.0236111111111112,-45.935,6.7,5.88,1.0970149253731343,-46.619,5.6,5.884,1.3133928571428573,-47.181
09-05-2025-Fri 19-41-53-PM,1.6,5.884,4.596875,-48.537,1.7,5.896,4.335294117647059,-47.5452,2.1,5.896,3.509523809523809,-47.457,1.8,5.896,4.094444444444445,-46.6521,5.9,5.88,1.2457627118644066,-45.946,7.1,5.896,1.0380281690140847,-45.6595,6.4,5.88,1.1484374999999998,-46.663,5.9,5.888,1.247457627118644,-47.7106,1.6,5.884,4.596875,-49.5289,1.7,5.896,4.335294117647059,-48.416,2.1,5.896,3.509523809523809,-48.1734,1.8,5.896,4.094444444444445,-46.784,5.9,5.88,1.2457627118644066,-45.527,7.1,5.896,1.0380281690140847,-45.935,6.4,5.88,1.1484374999999998,-46.619,5.9,5.888,1.247457627118644,-47.165
09-05-2025-Fri 19-42-41-PM,1.6,5.892,4.603125,-49.198,1.6,5.9,4.609375,-47.8427,1.7,5.896,4.335294117647059,-48.03,1.8,5.896,4.094444444444445,-47.1813,5.7,5.884,1.2903508771929826,-46.42,6.8,5.896,1.0838235294117649,-46.0566,6.3,5.884,1.1674603174603175,-47.181,5.4,5.888,1.3629629629629627,-48.1405,1.6,5.892,4.603125,-50.5531,1.6,5.9,4.609375,-49.154,1.7,5.896,4.335294117647059,-49.0661,1.8,5.896,4.094444444444445,-47.424,5.7,5.884,1.2903508771929826,-46.0234,6.8,5.896,1.0838235294117649,-46.476,6.3,5.884,1.1674603174603175,-47.3467,5.4,5.888,1.3629629629629627,-47.744
09-05-2025-Fri 19-42-46-PM,1.3,5.892,5.665384615384616,-49.231,1.3,5.896,5.6692307692307695,-47.8759,1.5,5.896,4.913333333333333,-48.052,1.4,5.896,5.264285714285714,-47.1813,5.5,5.884,1.3372727272727276,-46.443,6.5,5.896,1.133846153846154,-46.0897,5.9,5.884,1.2466101694915255,-47.203,5.3,5.888,1.3886792452830188,-48.1734,1.3,5.892,5.665384615384616,-50.5862,1.3,5.896,5.6692307692307695,-49.187,1.5,5.896,4.913333333333333,-49.0992,1.4,5.896,5.264285714285714,-47.446,5.5,5.884,1.3372727272727276,-46.0566,6.5,5.896,1.133846153846154,-46.498,5.9,5.884,1.2466101694915255,-47.3467,5.3,5.888,1.3886792452830188,-47.76
09-05-2025-Fri 19-44-12-PM,1.4,5.892,5.260714285714285,-50.123,1.1,5.9,6.704545454545455,-48.6364,1.5,5.896,4.913333333333333,-48.912,1.9,5.9,3.8815789473684217,-48.0081,5.6,5.888,1.3142857142857143,-47.247,6.4,5.9,1.15234375,-46.8505,5.9,5.888,1.247457627118644,-48.085,4.8,5.888,1.5333333333333334,-48.9999,1.4,5.892,5.260714285714285,-51.6102,1.1,5.9,6.704545454545455,-50.112,1.5,5.896,4.913333333333333,-50.0906,1.9,5.9,3.8815789473684217,-48.327,5.6,5.888,1.3142857142857143,-46.8837,6.4,5.9,1.15234375,-47.38,5.9,5.888,1.247457627118644,-48.405,4.8,5.888,1.5333333333333334,-48.702
09-05-2025-Fri 19-44-14-PM,1.5,5.892,4.91,-50.123,1.2,5.9,6.145833333333334,-48.6033,1.5,5.9,4.916666666666667,-48.923,1.8,5.9,4.097222222222223,-48.0743,5.2,5.884,1.414423076923077,-47.292,6.1,5.904,1.2098360655737705,-46.8837,5.6,5.892,1.3151785714285713,-48.107,4.9,5.892,1.5030612244897958,-49.0331,1.5,5.892,4.91,-51.6431,1.2,5.9,6.145833333333334,-50.112,1.5,5.9,4.916666666666667,-50.0906,1.8,5.9,4.097222222222223,-48.361,5.2,5.884,1.414423076923077,-46.9167,6.1,5.904,1.2098360655737705,-47.402,5.6,5.892,1.3151785714285713,-48.405,4.9,5.892,1.5030612244897958,-48.719
09-05-2025-Fri 19-44-17-PM,1.6,5.896,4.606249999999999,-50.14,1.3,5.9,5.673076923076924,-48.6033,1.5,5.9,4.916666666666667,-48.945,1.4,5.9,5.267857142857143,-48.1074,5.0,5.884,1.4709999999999999,-47.303,5.9,5.904,1.2508474576271185,-46.8837,5.4,5.888,1.3629629629629627,-48.118,4.7,5.892,1.5670212765957447,-49.0661,1.6,5.896,4.606249999999999,-51.6762,1.3,5.9,5.673076923076924,-50.134,1.5,5.9,4.916666666666667,-50.1237,1.4,5.9,5.267857142857143,-48.383,5.0,5.884,1.4709999999999999,-46.9167,5.9,5.904,1.2508474576271185,-47.402,5.4,5.888,1.3629629629629627,-48.405,4.7,5.892,1.5670212765957447,-48.736
09-05-2025-Fri 19-44-19-PM,1.6,5.892,4.603125,-50.173,1.0,5.896,7.37,-48.6364,1.7,5.9,4.338235294117648,-48.967,1.6,5.9,4.609375,-48.1405,5.1,5.888,1.4431372549019608,-47.314,5.9,5.904,1.2508474576271185,-46.8837,5.6,5.884,1.3133928571428573,-48.129,4.5,5.892,1.636666666666667,-49.0661,1.6,5.892,4.603125,-51.7092,1.0,5.896,7.37,-50.156,1.7,5.9,4.338235294117648,-50.1237,1.6,5.9,4.609375,-48.394,5.1,5.888,1.4431372549019608,-46.9167,5.9,5.904,1.2508474576271185,-47.413,5.6,5.884,1.3133928571428573,-48.438,4.5,5.892,1.636666666666667,-48.752
09-05-2025-Fri 19-46-33-PM,1.3,5.896,5.6692307692307695,-51.048,1.3,5.904,5.676923076923077,-49.5619,1.4,5.904,5.271428571428571,-49.859,1.6,5.9,4.609375,-49.0331,5.1,5.892,1.4441176470588237,-48.24,6.0,5.908,1.2308333333333334,-47.8098,5.2,5.896,1.4173076923076924,-49.077,4.6,5.896,1.6021739130434782,-50.0576,1.3,5.896,5.6692307692307695,-52.5347,1.3,5.904,5.676923076923077,-51.026,1.4,5.904,5.271428571428571,-50.9825,1.6,5.9,4.609375,-49.297,5.1,5.892,1.4441176470588237,-47.8759,6.0,5.908,1.2308333333333334,-48.35,5.2,5.896,1.4173076923076924,-49.3636,4.6,5.896,1.6021739130434782,-49.711
09-05-2025-Fri 19-46-35-PM,1.4,5.896,5.264285714285714,-51.065,1.1,5.904,6.709090909090909,-49.5619,1.5,5.908,4.923333333333334,-49.87,1.5,5.904,4.92,-48.9999,4.9,5.892,1.5030612244897958,-48.24,5.5,5.908,1.3427272727272728,-47.8427,5.3,5.892,1.3896226415094342,-49.099,4.6,5.9,1.6032608695652175,-50.0576,1.4,5.896,5.264285714285714,-52.5678,1.1,5.904,6.709090909090909,-51.059,1.5,5.908,4.923333333333334,-51.0487,1.5,5.904,4.92,-49.308,4.9,5.892,1.5030612244897958,-47.8759,5.5,5.908,1.3427272727272728,-48.372,5.3,5.892,1.3896226415094342,-49.3967,4.6,5.9,1.6032608695652175,-49.727
09-05-2025-Fri 19-48-13-PM,1.0,5.9,7.375,-51.593,0.9,5.904,8.2,-50.1237,1.1,5.904,6.709090909090909,-50.399,1.2,5.904,6.15,-49.5289,4.6,5.892,1.6010869565217394,-48.824,5.1,5.908,1.448039215686275,-48.4711,5.1,5.896,1.4450980392156865,-49.705,4.3,5.9,1.7151162790697674,-50.7184,1.0,5.9,7.375,-53.0629,0.9,5.904,8.2,-51.577,1.1,5.904,6.709090909090909,-51.5441,1.2,5.904,6.15,-49.848,4.6,5.892,1.6010869565217394,-48.4711,5.1,5.908,1.448039215686275,-48.956,5.1,5.896,1.4450980392156865,-49.9254,4.3,5.9,1.7151162790697674,-50.322
09-05-2025-Fri 19-48-15-PM,1.1,5.896,6.7,-51.659,1.0,5.908,7.385,-50.2228,1.4,5.904,5.271428571428571,-50.443,1.4,5.908,5.275,-49.5289,4.7,5.892,1.5670212765957447,-48.835,5.1,5.908,1.448039215686275,-48.4711,4.8,5.896,1.5354166666666669,-49.694,4.1,5.9,1.7987804878048783,-50.7184,1.1,5.896,6.7,-53.0959,1.0,5.908,7.385,-51.632,1.4,5.904,5.271428571428571,-51.5771,1.4,5.908,5.275,-49.87,4.7,5.892,1.5670212765957447,-48.504,5.1,5.908,1.448039215686275,-48.956,4.8,5.896,1.5354166666666669,-49.8923,4.1,5.9,1.7987804878048783,-50.305
09-05-2025-Fri 19-48-17-PM,1.2,5.896,6.1416666666666675,-51.676,1.2,5.904,6.15,-50.2889,1.3,5.908,5.680769230769231,-50.498,1.3,5.908,5.680769230769231,-49.5949,4.4,5.892,1.6738636363636363,-48.868,4.8,5.908,1.538541666666667,-48.504,4.6,5.892,1.6010869565217394,-49.716,4.1,5.9,1.7987804878048783,-50.7184,1.2,5.896,6.1416666666666675,-53.0629,1.2,5.904,6.15,-51.654,1.3,5.908,5.680769230769231,-51.6102,1.3,5.908,5.680769230769231,-49.903,4.4,5.892,1.6738636363636363,-48.504,4.8,5.908,1.538541666666667,-48.978,4.6,5.892,1.6010869565217394,-49.9254,4.1,5.9,1.7987804878048783,-50.322
09-05-2025-Fri 19-48-39-PM,1.3,5.896,5.6692307692307695,-51.824,1.2,5.904,6.15,-50.4541,1.2,5.904,6.15,-50.608,1.0,5.908,7.385,-49.6941,4.1,5.896,1.7975609756097564,-48.989,5.1,5.912,1.4490196078431372,-48.6364,4.4,5.892,1.6738636363636363,-49.837,3.9,5.9,1.8910256410256412,-50.8505,1.3,5.896,5.6692307692307695,-53.1949,1.2,5.904,6.15,-51.775,1.2,5.904,6.15,-51.6762,1.0,5.908,7.385,-50.002,4.1,5.896,1.7975609756097564,-48.6364,5.1,5.912,1.4490196078431372,-49.099,4.4,5.892,1.6738636363636363,-50.0245,3.9,5.9,1.8910256410256412,-50.438
09-05-2025-Fri 19-48-41-PM,1.3,5.9,5.673076923076924,-51.791,0.8,5.908,9.231250000000001,-50.3549,1.3,5.908,5.680769230769231,-50.586,1.4,5.908,5.275,-49.7271,4.1,5.896,1.7975609756097564,-49.0,4.6,5.912,1.6065217391304347,-48.6364,4.7,5.896,1.5680851063829786,-49.848,3.9,5.9,1.8910256410256412,-50.8835,1.3,5.9,5.673076923076924,-53.2279,0.8,5.908,9.231250000000001,-51.753,1.3,5.908,5.680769230769231,-51.6762,1.4,5.908,5.275,-50.013,4.1,5.896,1.7975609756097564,-48.6364,4.6,5.912,1.6065217391304347,-49.099,4.7,5.896,1.5680851063829786,-50.0245,3.9,5.9,1.8910256410256412,-50.454
09-05-2025-Fri 19-49-41-PM,1.2,5.896,6.1416666666666675,-52.089,0.8,5.908,9.231250000000001,-50.7184,1.3,5.908,5.680769230769231,-50.883,1.3,5.904,5.676923076923077,-49.9914,4.2,5.892,1.7535714285714283,-49.33,5.1,5.908,1.448039215686275,-48.9999,4.5,5.896,1.637777777777778,-50.168,3.9,5.9,1.8910256410256412,-51.1808,1.2,5.896,6.1416666666666675,-53.4589,0.8,5.908,9.231250000000001,-52.039,1.3,5.908,5.680769230769231,-51.9404,1.3,5.904,5.676923076923077,-50.311,4.2,5.892,1.7535714285714283,-48.9999,5.1,5.908,1.448039215686275,-49.441,4.5,5.896,1.637777777777778,-50.3218,3.9,5.9,1.8910256410256412,-50.751
09-05-2025-Fri 19-49-43-PM,1.1,5.896,6.7,-52.105,0.7,5.908,10.55,-50.7184,1.2,5.9,6.145833333333334,-50.905,0.8,5.904,9.225,-50.0245,4.0,5.892,1.84125,-49.352,4.6,5.908,1.6054347826086959,-49.0331,3.9,5.896,1.88974358974359,-50.201,3.7,5.9,1.9932432432432432,-51.2139,1.1,5.896,6.7,-53.492,0.7,5.908,10.55,-52.061,1.2,5.9,6.145833333333334,-51.9733,0.8,5.904,9.225,-50.333,4.0,5.892,1.84125,-48.9999,4.6,5.908,1.6054347826086959,-49.463,3.9,5.896,1.88974358974359,-50.3549,3.7,5.9,1.9932432432432432,-50.784
09-05-2025-Fri 19-49-46-PM,1.1,5.896,6.7,-52.155,1.1,5.904,6.709090909090909,-50.8174,1.3,5.904,5.676923076923077,-50.949,1.1,5.904,6.709090909090909,-50.0245,3.7,5.896,1.9918918918918918,-49.364,4.8,5.908,1.538541666666667,-49.0331,4.2,5.896,1.7547619047619045,-50.201,3.7,5.9,1.9932432432432432,-51.2139,1.1,5.896,6.7,-53.492,1.1,5.904,6.709090909090909,-52.105,1.3,5.904,5.676923076923077,-52.0064,1.1,5.904,6.709090909090909,-50.355,3.7,5.896,1.9918918918918918,-49.0331,4.8,5.908,1.538541666666667,-49.474,4.2,5.896,1.7547619047619045,-50.3549,3.7,5.9,1.9932432432432432,-50.784
09-05-2025-Fri 19-51-29-PM,1.1,5.9,6.704545454545455,-52.6,1.0,5.908,7.385,-51.3459,1.0,5.908,7.385,-51.39,1.0,5.904,7.38,-50.4871,3.9,5.896,1.88974358974359,-49.881,4.6,5.912,1.6065217391304347,-49.5949,4.1,5.896,1.7975609756097564,-50.696,4.0,5.9,1.84375,-51.7092,1.1,5.9,6.704545454545455,-53.855,1.0,5.908,7.385,-52.512,1.0,5.908,7.385,-52.3366,1.0,5.904,7.38,-50.795,3.9,5.896,1.88974358974359,-49.5619,4.6,5.912,1.6065217391304347,-49.98,4.1,5.896,1.7975609756097564,-50.7844,4.0,5.9,1.84375,-51.247
09-05-2025-Fri 19-51-31-PM,1.3,5.9,5.673076923076924,-52.567,1.0,5.908,7.385,-51.3129,1.1,5.908,6.713636363636364,-51.412,1.2,5.908,6.154166666666668,-50.5531,4.1,5.896,1.7975609756097564,-49.903,4.4,5.912,1.6795454545454545,-49.5949,4.2,5.896,1.7547619047619045,-50.718,3.5,5.904,2.1085714285714285,-51.7423,1.3,5.9,5.673076923076924,-53.822,1.0,5.908,7.385,-52.502,1.1,5.908,6.713636363636364,-52.3696,1.2,5.908,6.154166666666668,-50.828,4.1,5.896,1.7975609756097564,-49.5619,4.4,5.912,1.6795454545454545,-49.991,4.2,5.896,1.7547619047619045,-50.8174,3.5,5.904,2.1085714285714285,-51.28
09-05-2025-Fri 19-51-34-PM,1.2,5.904,6.15,-52.567,1.1,5.908,6.713636363636364,-51.3129,1.2,5.908,6.154166666666668,-51.412,1.0,5.908,7.385,-50.5531,3.8,5.896,1.9394736842105262,-49.903,4.6,5.908,1.6054347826086959,-49.5949,4.0,5.896,1.8425,-50.707,3.4,5.9,2.169117647058824,-51.7423,1.2,5.904,6.15,-53.822,1.1,5.908,6.713636363636364,-52.502,1.2,5.908,6.154166666666668,-52.3696,1.0,5.908,7.385,-50.828,3.8,5.896,1.9394736842105262,-49.5619,4.6,5.908,1.6054347826086959,-49.98,4.0,5.896,1.8425,-50.7844,3.4,5.9,2.169117647058824,-51.263
09-05-2025-Fri 19-52-42-PM,1.0,5.896,7.37,-53.326,0.7,5.904,10.542857142857143,-51.7753,1.0,5.908,7.385,-52.072,1.0,5.904,7.38,-51.1148,3.9,5.896,1.88974358974359,-50.465,4.3,5.908,1.7174418604651163,-50.1237,3.6,5.896,2.0472222222222225,-51.324,3.5,5.896,2.1057142857142854,-52.2375,1.0,5.896,7.37,-54.8777,0.7,5.904,10.542857142857143,-53.327,1.0,5.908,7.385,-53.3269,1.0,5.904,7.38,-51.533,3.9,5.896,1.88974358974359,-50.1567,4.3,5.908,1.7174418604651163,-50.63,3.6,5.896,2.0472222222222225,-51.6102,3.5,5.896,2.1057142857142854,-51.924
09-05-2025-Fri 19-52-45-PM,0.9,5.9,8.194444444444446,-53.426,1.0,5.904,7.38,-51.8744,1.0,5.908,7.385,-52.16,0.9,5.908,8.205555555555557,-51.2469,3.6,5.896,2.0472222222222225,-50.531,4.0,5.908,1.84625,-50.1567,3.7,5.896,1.9918918918918918,-51.379,3.1,5.9,2.3790322580645165,-52.3035,0.9,5.9,8.194444444444446,-54.9766,1.0,5.904,7.38,-53.404,1.0,5.908,7.385,-53.3599,0.9,5.908,8.205555555555557,-51.599,3.6,5.896,2.0472222222222225,-50.1898,4.0,5.908,1.84625,-50.674,3.7,5.896,1.9918918918918918,-51.6762,3.1,5.9,2.3790322580645165,-51.99
09-05-2025-Fri 19-52-47-PM,0.7,5.9,10.535714285714286,-53.442,0.9,5.908,8.205555555555557,-51.9073,1.1,5.908,6.713636363636364,-52.193,1.2,5.908,6.154166666666668,-51.2469,3.3,5.896,2.2333333333333334,-50.553,3.9,5.912,1.894871794871795,-50.1898,4.0,5.896,1.8425,-51.412,3.4,5.9,2.169117647058824,-52.3366,0.7,5.9,10.535714285714286,-54.9766,0.9,5.908,8.205555555555557,-53.437,1.1,5.908,6.713636363636364,-53.4259,1.2,5.908,6.154166666666668,-51.632,3.3,5.896,2.2333333333333334,-50.2228,3.9,5.912,1.894871794871795,-50.707,4.0,5.896,1.8425,-51.7092,3.4,5.9,2.169117647058824,-52.023
09-05-2025-Fri 19-52-49-PM,1.0,5.9,7.375,-53.458,0.8,5.908,9.231250000000001,-51.8744,1.1,5.904,6.709090909090909,-52.215,0.7,5.908,10.55,-51.3129,3.4,5.896,2.1676470588235297,-50.597,3.9,5.912,1.894871794871795,-50.2228,3.6,5.896,2.0472222222222225,-51.456,3.1,5.9,2.3790322580645165,-52.3696,1.0,5.9,7.375,-55.0426,0.8,5.908,9.231250000000001,-53.459,1.1,5.904,6.709090909090909,-53.4589,0.7,5.908,10.55,-51.676,3.4,5.896,2.1676470588235297,-50.2558,3.9,5.912,1.894871794871795,-50.751,3.6,5.896,2.0472222222222225,-51.7753,3.1,5.9,2.3790322580645165,-52.072
09-05-2025-Fri 19-52-52-PM,1.1,5.9,6.704545454545455,-53.491,1.1,5.908,6.713636363636364,-51.8744,1.3,5.904,5.676923076923077,-52.215,1.1,5.904,6.709090909090909,-51.2799,3.2,5.896,2.3031249999999996,-50.608,3.9,5.908,1.893589743589744,-50.2558,3.6,5.896,2.0472222222222225,-51.478,3.1,5.9,2.3790322580645165,-52.4027,1.1,5.9,6.704545454545455,-55.1085,1.1,5.908,6.713636363636364,-53.492,1.3,5.904,5.676923076923077,-53.492,1.1,5.904,6.709090909090909,-51.687,3.2,5.896,2.3031249999999996,-50.2889,3.9,5.908,1.893589743589744,-50.773,3.6,5.896,2.0472222222222225,-51.7753,3.1,5.9,2.3790322580645165,-52.089
09-05-2025-Fri 19-52-54-PM,0.8,5.9,9.21875,-53.574,0.8,5.908,9.231250000000001,-51.9733,1.1,5.908,6.713636363636364,-52.303,0.9,5.908,8.205555555555557,-51.412,3.1,5.896,2.3774193548387097,-50.652,3.8,5.908,1.9434210526315792,-50.2558,3.5,5.896,2.1057142857142854,-51.489,3.2,5.9,2.3046875,-52.4027,0.8,5.9,9.21875,-55.1746,0.8,5.908,9.231250000000001,-53.558,1.1,5.908,6.713636363636364,-53.525,0.9,5.908,8.205555555555557,-51.742,3.1,5.896,2.3774193548387097,-50.2889,3.8,5.908,1.9434210526315792,-50.784,3.5,5.896,2.1057142857142854,-51.8082,3.2,5.9,2.3046875,-52.105
09-05-2025-Fri 19-52-56-PM,1.2,5.9,6.145833333333334,-53.59,1.0,5.908,7.385,-51.9404,1.0,5.908,7.385,-52.292,1.0,5.908,7.385,-51.379,3.2,5.9,2.3046875,-50.685,4.0,5.912,1.8475000000000001,-50.3218,3.5,5.896,2.1057142857142854,-51.544,3.2,5.9,2.3046875,-52.4686,1.2,5.9,6.145833333333334,-55.2405,1.0,5.908,7.385,-53.58,1.0,5.908,7.385,-53.558,1.0,5.908,7.385,-51.764,3.2,5.9,2.3046875,-50.3549,4.0,5.912,1.8475000000000001,-50.839,3.5,5.896,2.1057142857142854,-51.8414,3.2,5.9,2.3046875,-52.155
09-05-2025-Fri 19-52-59-PM,0.7,5.9,10.535714285714286,-53.607,1.0,5.908,7.385,-51.9404,1.0,5.908,7.385,-52.347,0.9,5.908,8.205555555555557,-51.478,2.9,5.896,2.5413793103448277,-50.729,3.9,5.912,1.894871794871795,-50.3218,3.4,5.896,2.1676470588235297,-51.577,3.3,5.9,2.234848484848485,-52.5017,0.7,5.9,10.535714285714286,-55.2734,1.0,5.908,7.385,-53.613,1.0,5.908,7.385,-53.6239,0.9,5.908,8.205555555555557,-51.83,2.9,5.896,2.5413793103448277,-50.388,3.9,5.912,1.894871794871795,-50.872,3.4,5.896,2.1676470588235297,-51.9073,3.3,5.9,2.234848484848485,-52.204
09-05-2025-Fri 19-55-14-PM,0.8,5.904,9.225,-55.025,0.9,5.912,8.21111111111111,-53.2938,1.0,5.912,7.390000000000001,-53.701,1.0,5.908,7.385,-52.7328,2.9,5.9,2.5431034482758625,-52.017,3.5,5.912,2.111428571428571,-51.6102,3.2,5.896,2.3031249999999996,-53.008,3.0,5.904,2.46,-53.9538,0.8,5.904,9.225,-56.7572,0.9,5.912,8.21111111111111,-55.042,1.0,5.912,7.390000000000001,-55.0756,1.0,5.908,7.385,-53.173,2.9,5.9,2.5431034482758625,-51.7092,3.5,5.912,2.111428571428571,-52.259,3.2,5.896,2.3031249999999996,-53.4589,3.0,5.904,2.46,-53.706
09-05-2025-Fri 19-55-17-PM,0.6,5.9,12.291666666666668,-55.075,0.6,5.908,12.308333333333335,-53.3599,1.0,5.912,7.390000000000001,-53.745,0.9,5.908,8.205555555555557,-52.7658,3.3,5.896,2.2333333333333334,-52.039,3.6,5.912,2.0527777777777776,-51.6431,3.1,5.9,2.3790322580645165,-53.03,3.0,5.904,2.46,-53.9869,0.6,5.9,12.291666666666668,-56.7902,0.6,5.908,12.308333333333335,-55.086,1.0,5.912,7.390000000000001,-55.1085,0.9,5.908,8.205555555555557,-53.195,3.3,5.896,2.2333333333333334,-51.7092,3.6,5.912,2.0527777777777776,-52.27,3.1,5.9,2.3790322580645165,-53.4589,3.0,5.904,2.46,-53.723
09-05-2025-Fri 19-55-21-PM,0.8,5.904,9.225,-55.108,0.8,5.908,9.231250000000001,-53.3599,0.7,5.912,10.557142857142859,-53.767,0.6,5.912,12.316666666666668,-52.7987,3.2,5.9,2.3046875,-52.072,3.5,5.912,2.111428571428571,-51.6762,2.9,5.9,2.5431034482758625,-53.041,2.7,5.904,2.7333333333333334,-53.9869,0.8,5.904,9.225,-56.8562,0.8,5.908,9.231250000000001,-55.119,0.7,5.912,10.557142857142859,-55.1416,0.6,5.912,12.316666666666668,-53.228,3.2,5.9,2.3046875,-51.7423,3.5,5.912,2.111428571428571,-52.292,2.9,5.9,2.5431034482758625,-53.4589,2.7,5.904,2.7333333333333334,-53.723
09-05-2025-Fri 19-57-14-PM,0.6,5.904,12.3,-55.949,1.0,5.908,7.385,-54.2838,0.8,5.908,9.231250000000001,-54.625,1.2,5.908,6.154166666666668,-53.6569,2.8,5.9,2.6339285714285716,-52.964,3.3,5.912,2.2393939393939393,-52.6007,3.1,5.9,2.3790322580645165,-53.954,2.7,5.904,2.7333333333333334,-54.9766,0.6,5.904,12.3,-57.6141,1.0,5.908,7.385,-55.944,0.8,5.908,9.231250000000001,-55.9329,1.2,5.908,6.154166666666668,-54.074,2.8,5.9,2.6339285714285716,-52.6337,3.3,5.912,2.2393939393939393,-53.173,3.1,5.9,2.3790322580645165,-54.2838,2.7,5.904,2.7333333333333334,-54.63
09-05-2025-Fri 19-57-16-PM,0.6,5.9,12.291666666666668,-55.982,0.6,5.912,12.316666666666668,-54.3168,1.0,5.908,7.385,-54.647,0.8,5.908,9.231250000000001,-53.6899,2.8,5.896,2.632142857142857,-52.986,3.5,5.916,2.112857142857143,-52.6337,2.9,5.9,2.5431034482758625,-53.965,2.7,5.904,2.7333333333333334,-54.9766,0.6,5.9,12.291666666666668,-57.6471,0.6,5.912,12.316666666666668,-55.966,1.0,5.908,7.385,-55.9329,0.8,5.908,9.231250000000001,-54.085,2.8,5.896,2.632142857142857,-52.6337,3.5,5.916,2.112857142857143,-53.184,2.9,5.9,2.5431034482758625,-54.2838,2.7,5.904,2.7333333333333334,-54.63
09-05-2025-Fri 19-57-18-PM,0.9,5.904,8.2,-56.015,0.6,5.912,12.316666666666668,-54.3828,0.6,5.912,12.316666666666668,-54.691,0.8,5.908,9.231250000000001,-53.7229,2.5,5.9,2.95,-53.008,3.1,5.912,2.383870967741936,-52.6337,2.7,5.896,2.7296296296296294,-53.987,2.5,5.904,2.952,-55.0096,0.9,5.904,8.2,-57.6471,0.6,5.912,12.316666666666668,-55.999,0.6,5.912,12.316666666666668,-55.966,0.8,5.908,9.231250000000001,-54.119,2.5,5.9,2.95,-52.6667,3.1,5.912,2.383870967741936,-53.206,2.7,5.896,2.7296296296296294,-54.3168,2.5,5.904,2.952,-54.663
09-05-2025-Fri 19-57-20-PM,0.8,5.904,9.225,-56.064,0.7,5.908,10.55,-54.4488,0.9,5.912,8.21111111111111,-54.713,0.8,5.912,9.2375,-53.7229,2.4,5.9,3.072916666666667,-53.019,3.1,5.916,2.385483870967742,-52.6667,2.8,5.9,2.6339285714285716,-54.02,2.3,5.904,3.208695652173913,-55.0426,0.8,5.904,9.225,-57.68,0.7,5.908,10.55,-56.032,0.9,5.912,8.21111111111111,-55.966,0.8,5.912,9.2375,-54.119,2.4,5.9,3.072916666666667,-52.6667,3.1,5.916,2.385483870967742,-53.228,2.8,5.9,2.6339285714285716,-54.3499,2.3,5.904,3.208695652173913,-54.696
09-05-2025-Fri 19-58-42-PM,0.9,5.9,8.194444444444446,-56.526,0.5,5.908,14.77,-54.9766,0.9,5.912,8.21111111111111,-55.229,0.7,5.908,10.55,-54.2838,2.3,5.9,3.206521739130435,-53.58,2.8,5.912,2.6392857142857147,-53.2279,2.7,5.896,2.7296296296296294,-54.526,2.3,5.904,3.208695652173913,-55.5703,0.9,5.9,8.194444444444446,-58.0754,0.5,5.908,14.77,-56.493,0.9,5.912,8.21111111111111,-56.4275,0.7,5.908,10.55,-54.646,2.3,5.9,3.206521739130435,-53.2279,2.8,5.912,2.6392857142857147,-53.745,2.7,5.896,2.7296296296296294,-54.7787,2.3,5.904,3.208695652173913,-55.174
09-05-2025-Fri 19-58-44-PM,0.8,5.904,9.225,-56.559,0.6,5.908,12.308333333333335,-55.0426,0.6,5.912,12.316666666666668,-55.284,0.7,5.908,10.55,-54.3828,2.4,5.9,3.072916666666667,-53.624,2.8,5.912,2.6392857142857147,-53.2609,2.6,5.9,2.836538461538462,-54.559,2.6,5.904,2.8384615384615386,-55.6362,0.8,5.904,9.225,-58.0754,0.6,5.908,12.308333333333335,-56.515,0.6,5.912,12.316666666666668,-56.4275,0.7,5.908,10.55,-54.679,2.4,5.9,3.072916666666667,-53.2279,2.8,5.912,2.6392857142857147,-53.756,2.6,5.9,2.836538461538462,-54.7787,2.6,5.904,2.8384615384615386,-55.207
09-05-2025-Fri 19-58-47-PM,1.0,5.904,7.38,-56.559,0.6,5.908,12.308333333333335,-55.0096,0.9,5.912,8.21111111111111,-55.207,0.9,5.908,8.205555555555557,-54.1849,2.1,5.9,3.5119047619047614,-53.569,2.7,5.916,2.7388888888888894,-53.2609,2.7,5.9,2.7314814814814814,-54.548,2.1,5.904,3.514285714285714,-55.6032,1.0,5.904,7.38,-58.1084,0.6,5.908,12.308333333333335,-56.515,0.9,5.912,8.21111111111111,-56.4275,0.9,5.908,8.205555555555557,-54.624,2.1,5.9,3.5119047619047614,-53.2609,2.7,5.916,2.7388888888888894,-53.767,2.7,5.9,2.7314814814814814,-54.7787,2.1,5.904,3.514285714285714,-55.191
09-05-2025-Fri 19-58-49-PM,0.4,5.904,18.45,-56.576,0.7,5.908,10.55,-55.0426,0.8,5.908,9.231250000000001,-55.251,0.9,5.912,8.21111111111111,-54.2838,2.2,5.9,3.3522727272727275,-53.613,2.6,5.916,2.84423076923077,-53.2938,2.5,5.9,2.95,-54.581,2.1,5.908,3.516666666666666,-55.6362,0.4,5.904,18.45,-58.1084,0.7,5.908,10.55,-56.526,0.8,5.908,9.231250000000001,-56.4275,0.9,5.912,8.21111111111111,-54.657,2.2,5.9,3.3522727272727275,-53.2609,2.6,5.916,2.84423076923077,-53.789,2.5,5.9,2.95,-54.8117,2.1,5.908,3.516666666666666,-55.224
09-05-2025-Fri 19-59-27-PM,0.8,5.904,9.225,-56.773,0.4,5.912,18.475,-55.3065,0.7,5.912,10.557142857142859,-55.504,0.9,5.908,8.205555555555557,-54.5478,2.2,5.9,3.3522727272727275,-53.877,2.4,5.916,3.0812500000000007,-53.558,2.2,5.904,3.3545454545454545,-54.812,2.2,5.904,3.3545454545454545,-55.8671,0.8,5.904,9.225,-58.2401,0.4,5.912,18.475,-56.735,0.7,5.912,10.557142857142859,-56.6583,0.9,5.908,8.205555555555557,-54.91,2.2,5.9,3.3522727272727275,-53.525,2.4,5.916,3.0812500000000007,-54.031,2.2,5.904,3.3545454545454545,-55.0096,2.2,5.904,3.3545454545454545,-55.438
09-05-2025-Fri 19-59-29-PM,0.6,5.904,12.3,-56.839,0.4,5.912,18.475,-55.4054,0.7,5.912,10.557142857142859,-55.526,0.7,5.908,10.55,-54.5478,2.0,5.904,3.69,-53.888,2.5,5.916,2.958,-53.558,2.2,5.904,3.3545454545454545,-54.823,2.1,5.904,3.514285714285714,-55.8671,0.6,5.904,12.3,-58.2731,0.4,5.912,18.475,-56.768,0.7,5.912,10.557142857142859,-56.6254,0.7,5.908,10.55,-54.91,2.0,5.904,3.69,-53.558,2.5,5.916,2.958,-54.053,2.2,5.904,3.3545454545454545,-55.0426,2.1,5.904,3.514285714285714,-55.455
09-05-2025-Fri 19-59-32-PM,0.9,5.904,8.2,-56.806,0.7,5.908,10.55,-55.3065,0.8,5.912,9.2375,-55.504,0.7,5.908,10.55,-54.5478,2.3,5.904,3.208695652173913,-53.888,2.5,5.912,2.9559999999999995,-53.558,2.5,5.9,2.95,-54.823,2.1,5.908,3.516666666666666,-55.9001,0.9,5.904,8.2,-58.306,0.7,5.908,10.55,-56.757,0.8,5.912,9.2375,-56.6583,0.7,5.908,10.55,-54.921,2.3,5.904,3.208695652173913,-53.558,2.5,5.912,2.9559999999999995,-54.042,2.5,5.9,2.95,-55.0096,2.1,5.908,3.516666666666666,-55.455
09-05-2025-Fri 19-59-34-PM,0.7,5.904,10.542857142857143,-56.839,0.5,5.912,14.780000000000001,-55.3724,0.6,5.912,12.316666666666668,-55.581,0.7,5.908,10.55,-54.7128,2.1,5.9,3.5119047619047614,-53.965,2.6,5.916,2.84423076923077,-53.6239,2.3,5.904,3.208695652173913,-54.866,2.0,5.908,3.6925,-55.9329,0.7,5.904,10.542857142857143,-58.306,0.5,5.912,14.780000000000001,-56.779,0.6,5.912,12.316666666666668,-56.6583,0.7,5.908,10.55,-54.976,2.1,5.9,3.5119047619047614,-53.558,2.6,5.916,2.84423076923077,-54.075,2.3,5.904,3.208695652173913,-55.0426,2.0,5.908,3.6925,-55.488
09-05-2025-Fri 20-02-07-PM,0.5,5.904,14.76,-57.515,0.6,5.908,12.308333333333335,-56.2626,0.5,5.912,14.780000000000001,-56.307,0.9,5.908,8.205555555555557,-55.3724,1.9,5.904,3.8842105263157896,-54.79,2.5,5.916,2.958,-54.5148,1.8,5.9,4.097222222222223,-55.647,1.9,5.904,3.8842105263157896,-56.6913,0.5,5.904,14.76,-58.7672,0.6,5.908,12.308333333333335,-57.438,0.5,5.912,14.780000000000001,-57.2846,0.9,5.908,8.205555555555557,-55.713,1.9,5.904,3.8842105263157896,-54.4818,2.5,5.916,2.958,-54.911,1.8,5.9,4.097222222222223,-55.7352,1.9,5.904,3.8842105263157896,-56.213
09-05-2025-Fri 20-02-09-PM,0.6,5.908,12.308333333333335,-57.548,0.5,5.912,14.780000000000001,-56.3287,0.6,5.912,12.316666666666668,-56.318,0.4,5.908,18.462500000000002,-55.3724,1.9,5.9,3.8815789473684217,-54.801,2.3,5.916,3.215217391304348,-54.5478,2.1,5.904,3.514285714285714,-55.658,2.2,5.904,3.3545454545454545,-56.7243,0.6,5.908,12.308333333333335,-58.7672,0.5,5.912,14.780000000000001,-57.449,0.6,5.912,12.316666666666668,-57.2515,0.4,5.908,18.462500000000002,-55.702,1.9,5.9,3.8815789473684217,-54.4818,2.3,5.916,3.215217391304348,-54.911,2.1,5.904,3.514285714285714,-55.7022,2.2,5.904,3.3545454545454545,-56.213
09-05-2025-Fri 20-02-11-PM,0.5,5.904,14.76,-57.515,0.5,5.912,14.780000000000001,-56.2626,0.8,5.912,9.2375,-56.351,0.8,5.908,9.231250000000001,-55.4714,1.9,5.9,3.8815789473684217,-54.834,2.4,5.916,3.0812500000000007,-54.5478,2.3,5.9,3.206521739130435,-55.658,1.7,5.908,4.344117647058824,-56.7243,0.5,5.904,14.76,-58.7672,0.5,5.912,14.780000000000001,-57.449,0.8,5.912,9.2375,-57.3175,0.8,5.908,9.231250000000001,-55.757,1.9,5.9,3.8815789473684217,-54.4818,2.4,5.916,3.0812500000000007,-54.911,2.3,5.9,3.206521739130435,-55.7022,1.7,5.908,4.344117647058824,-56.213
09-05-2025-Fri 20-02-14-PM,0.6,5.908,12.308333333333335,-57.531,0.5,5.912,14.780000000000001,-56.2957,0.6,5.916,12.325000000000003,-56.384,0.8,5.912,9.2375,-55.5374,1.9,5.904,3.8842105263157896,-54.878,2.3,5.916,3.215217391304348,-54.5808,2.1,5.904,3.514285714285714,-55.68,2.0,5.908,3.6925,-56.7572,0.6,5.908,12.308333333333335,-58.7672,0.5,5.912,14.780000000000001,-57.46,0.6,5.916,12.325000000000003,-57.3175,0.8,5.912,9.2375,-55.79,1.9,5.904,3.8842105263157896,-54.5148,2.3,5.916,3.215217391304348,-54.933,2.1,5.904,3.514285714285714,-55.7022,2.0,5.908,3.6925,-56.23
09-05-2025-Fri 20-03-11-PM,0.7,5.904,10.542857142857143,-58.289,0.4,5.908,18.462500000000002,-56.7902,0.5,5.908,14.77,-57.01,0.8,5.908,9.231250000000001,-56.0319,1.8,5.9,4.097222222222223,-55.372,2.1,5.912,3.519047619047619,-55.0426,2.1,5.9,3.5119047619047614,-56.241,1.8,5.904,4.1,-57.2187,0.7,5.904,10.542857142857143,-59.7882,0.4,5.908,18.462500000000002,-58.262,0.5,5.908,14.77,-58.2073,0.8,5.908,9.231250000000001,-56.427,1.8,5.9,4.097222222222223,-55.0426,2.1,5.912,3.519047619047619,-55.515,2.1,5.9,3.5119047619047614,-56.4606,1.8,5.904,4.1,-56.84
09-05-2025-Fri 20-03-13-PM,1.0,5.904,7.38,-58.339,0.4,5.912,18.475,-56.8232,0.8,5.912,9.2375,-57.032,0.6,5.908,12.308333333333335,-56.0319,1.6,5.9,4.609375,-55.394,2.1,5.916,3.5214285714285714,-55.0756,2.0,5.904,3.69,-56.274,2.1,5.904,3.514285714285714,-57.2515,1.0,5.904,7.38,-59.854,0.4,5.912,18.475,-58.306,0.8,5.912,9.2375,-58.2401,0.6,5.908,12.308333333333335,-56.449,1.6,5.9,4.609375,-55.0756,2.1,5.916,3.5214285714285714,-55.548,2.0,5.904,3.69,-56.4935,2.1,5.904,3.514285714285714,-56.872
09-05-2025-Fri 20-03-15-PM,0.7,5.904,10.542857142857143,-58.355,0.1,5.912,73.9,-56.7902,0.6,5.912,12.316666666666668,-57.065,0.4,5.912,18.475,-56.1309,1.9,5.904,3.8842105263157896,-55.449,2.2,5.916,3.3613636363636363,-55.1085,1.7,5.9,4.338235294117648,-56.318,1.9,5.904,3.8842105263157896,-57.2846,0.7,5.904,10.542857142857143,-59.9199,0.1,5.912,73.9,-58.328,0.6,5.912,12.316666666666668,-58.2731,0.4,5.912,18.475,-56.504,1.9,5.904,3.8842105263157896,-55.1085,2.2,5.916,3.3613636363636363,-55.592,1.7,5.9,4.338235294117648,-56.5595,1.9,5.904,3.8842105263157896,-56.922
09-05-2025-Fri 20-03-18-PM,0.4,5.904,18.45,-58.437,0.5,5.912,14.780000000000001,-56.9219,0.3,5.912,24.633333333333336,-57.142,0.6,5.908,12.308333333333335,-56.1638,1.7,5.9,4.338235294117648,-55.471,2.2,5.912,3.359090909090909,-55.1416,1.7,5.904,4.341176470588236,-56.34,1.8,5.908,4.102777777777779,-57.3175,0.4,5.904,18.45,-59.9528,0.5,5.912,14.780000000000001,-58.405,0.3,5.912,24.633333333333336,-58.339,0.6,5.908,12.308333333333335,-56.537,1.7,5.9,4.338235294117648,-55.1085,2.2,5.912,3.359090909090909,-55.603,1.7,5.904,4.341176470588236,-56.5595,1.8,5.908,4.102777777777779,-56.939
09-05-2025-Fri 20-03-37-PM,0.6,5.904,12.3,-58.717,0.4,5.908,18.462500000000002,-57.0868,0.8,5.912,9.2375,-57.383,0.8,5.908,9.231250000000001,-56.4275,2.0,5.9,3.6875,-55.735,2.1,5.916,3.5214285714285714,-55.3724,1.9,5.9,3.8815789473684217,-56.603,1.8,5.904,4.1,-57.5811,0.6,5.904,12.3,-60.3478,0.4,5.908,18.462500000000002,-58.69,0.8,5.912,9.2375,-58.6355,0.8,5.908,9.231250000000001,-56.823,2.0,5.9,3.6875,-55.4054,2.1,5.916,3.5214285714285714,-55.878,1.9,5.9,3.8815789473684217,-56.8562,1.8,5.904,4.1,-57.219
09-05-2025-Fri 20-03-39-PM,0.7,5.904,10.542857142857143,-58.767,0.5,5.908,14.77,-57.1198,0.8,5.912,9.2375,-57.394,0.7,5.912,10.557142857142859,-56.3946,1.8,5.9,4.097222222222223,-55.735,2.1,5.912,3.519047619047619,-55.4054,1.8,5.904,4.1,-56.625,1.6,5.904,4.6125,-57.5811,0.7,5.904,10.542857142857143,-60.4137,0.5,5.908,14.77,-58.734,0.8,5.912,9.2375,-58.6684,0.7,5.912,10.557142857142859,-56.823,1.8,5.9,4.097222222222223,-55.4054,2.1,5.912,3.519047619047619,-55.9,1.8,5.904,4.1,-56.8891,1.6,5.904,4.6125,-57.235
09-05-2025-Fri 20-03-42-PM,0.5,5.904,14.76,-58.8,0.2,5.908,36.925000000000004,-57.1528,0.6,5.912,12.316666666666668,-57.438,0.8,5.908,9.231250000000001,-56.4275,1.7,5.904,4.341176470588236,-55.768,2.0,5.912,3.6950000000000003,-55.4383,1.9,5.9,3.8815789473684217,-56.658,1.9,5.904,3.8842105263157896,-57.6141,0.5,5.904,14.76,-60.4466,0.2,5.908,36.925000000000004,-58.778,0.6,5.912,12.316666666666668,-58.7342,0.8,5.908,9.231250000000001,-56.867,1.7,5.904,4.341176470588236,-55.4383,2.0,5.912,3.6950000000000003,-55.933,1.9,5.9,3.8815789473684217,-56.9219,1.9,5.904,3.8842105263157896,-57.268
09-05-2025-Fri 20-05-56-PM,0.3,5.9,24.583333333333336,-60.133,0.4,5.912,18.475,-58.5037,0.6,5.912,12.316666666666668,-58.723,0.6,5.908,12.308333333333335,-57.6471,1.6,5.9,4.609375,-57.021,1.7,5.916,4.3500000000000005,-56.7243,1.9,5.9,3.8815789473684217,-58.009,1.5,5.908,4.923333333333334,-59.0307,0.3,5.9,24.583333333333336,-61.763,0.4,5.912,18.475,-60.095,0.6,5.912,12.316666666666668,-60.0186,0.6,5.908,12.308333333333335,-58.119,1.6,5.9,4.609375,-56.6913,1.7,5.916,4.3500000000000005,-57.23,1.9,5.9,3.8815789473684217,-58.2731,1.5,5.908,4.923333333333334,-58.652
09-05-2025-Fri 20-05-58-PM,0.4,5.904,18.45,-60.067,0.6,5.912,12.316666666666668,-58.339,0.2,5.912,36.95,-58.69,0.2,5.908,36.925000000000004,-57.68,1.4,5.9,5.267857142857143,-57.043,1.8,5.916,4.108333333333333,-56.7243,1.8,5.9,4.097222222222223,-58.042,1.2,5.9,6.145833333333334,-59.0636,0.4,5.904,18.45,-61.7959,0.6,5.912,12.316666666666668,-60.062,0.2,5.912,36.95,-60.0515,0.2,5.908,36.925000000000004,-58.152,1.4,5.9,5.267857142857143,-56.7243,1.8,5.916,4.108333333333333,-57.263,1.8,5.9,4.097222222222223,-58.339,1.2,5.9,6.145833333333334,-58.701
09-05-2025-Fri 20-06-01-PM,0.4,5.9,18.4375,-60.1,0.5,5.912,14.780000000000001,-58.4048,0.5,5.912,14.780000000000001,-58.778,0.3,5.908,24.61666666666667,-57.8448,1.5,5.9,4.916666666666667,-57.12,1.9,5.916,3.892105263157895,-56.7572,1.6,5.904,4.6125,-58.053,1.5,5.908,4.923333333333334,-59.0636,0.4,5.9,18.4375,-61.7959,0.5,5.912,14.780000000000001,-60.095,0.5,5.912,14.780000000000001,-60.0845,0.3,5.908,24.61666666666667,-58.229,1.5,5.9,4.916666666666667,-56.7572,1.9,5.916,3.892105263157895,-57.284,1.6,5.904,4.6125,-58.339,1.5,5.908,4.923333333333334,-58.701
09-05-2025-Fri 20-08-16-PM,0.3,5.904,24.6,-61.137,0.2,5.912,36.95,-59.5906,0.2,5.912,36.95,-59.843,0.3,5.908,24.61666666666667,-58.8331,1.4,5.9,5.267857142857143,-58.196,1.6,5.916,4.621875,-57.8778,1.2,5.904,6.15,-59.151,1.1,5.908,6.713636363636364,-60.1503,0.3,5.904,24.6,-62.684,0.2,5.912,36.95,-61.126,0.2,5.912,36.95,-61.1049,0.3,5.908,24.61666666666667,-59.272,1.4,5.9,5.267857142857143,-57.8778,1.6,5.916,4.621875,-58.394,1.2,5.904,6.15,-59.4259,1.1,5.908,6.713636363636364,-59.788
09-05-2025-Fri 20-08-19-PM,0.4,5.904,18.45,-61.17,0.2,5.908,36.925000000000004,-59.6236,0.5,5.908,14.77,-59.854,0.6,5.908,12.308333333333335,-58.8331,1.2,5.9,6.145833333333334,-58.196,1.4,5.916,5.2821428571428575,-57.8778,1.5,5.904,4.92,-59.151,1.5,5.904,4.92,-60.1503,0.4,5.904,18.45,-62.717,0.2,5.908,36.925000000000004,-61.149,0.5,5.908,14.77,-61.1049,0.6,5.908,12.308333333333335,-59.272,1.2,5.9,6.145833333333334,-57.8778,1.4,5.916,5.2821428571428575,-58.394,1.5,5.904,4.92,-59.4259,1.5,5.904,4.92,-59.788
09-05-2025-Fri 20-08-21-PM,0.2,5.9,36.875,-61.17,0.3,5.908,24.61666666666667,-59.6236,0.4,5.908,18.462500000000002,-59.854,0.3,5.908,24.61666666666667,-58.8331,1.3,5.9,5.673076923076924,-58.207,1.3,5.912,5.684615384615385,-57.9106,1.5,5.904,4.92,-59.184,1.4,5.904,5.271428571428571,-60.1833,0.2,5.9,36.875,-62.717,0.3,5.908,24.61666666666667,-61.149,0.4,5.908,18.462500000000002,-61.1049,0.3,5.908,24.61666666666667,-59.272,1.3,5.9,5.673076923076924,-57.8778,1.3,5.912,5.684615384615385,-58.416,1.5,5.904,4.92,-59.4589,1.4,5.904,5.271428571428571,-59.821
09-05-2025-Fri 20-08-23-PM,0.4,5.9,18.4375,-61.22,0.2,5.912,36.95,-59.6894,0.6,5.912,12.316666666666668,-59.909,0.7,5.908,10.55,-58.899,1.1,5.904,6.709090909090909,-58.251,1.4,5.916,5.2821428571428575,-57.9106,1.5,5.904,4.92,-59.206,1.5,5.908,4.923333333333334,-60.2161,0.4,5.9,18.4375,-62.7499,0.2,5.912,36.95,-61.192,0.6,5.912,12.316666666666668,-61.1378,0.7,5.908,10.55,-59.327,1.1,5.904,6.709090909090909,-57.9437,1.4,5.916,5.2821428571428575,-58.449,1.5,5.904,4.92,-59.4918,1.5,5.908,4.923333333333334,-59.854
09-05-2025-Fri 20-08-26-PM,0.4,5.904,18.45,-61.187,0.1,5.908,73.85000000000001,-59.6236,0.6,5.912,12.316666666666668,-59.887,0.3,5.908,24.61666666666667,-58.8661,1.2,5.904,6.15,-58.251,1.7,5.912,4.347058823529412,-57.9437,1.2,5.9,6.145833333333334,-59.217,0.9,5.908,8.205555555555557,-60.2161,0.4,5.904,18.45,-62.7499,0.1,5.908,73.85000000000001,-61.181,0.6,5.912,12.316666666666668,-61.1707,0.3,5.908,24.61666666666667,-59.327,1.2,5.904,6.15,-57.9437,1.7,5.912,4.347058823529412,-58.46,1.2,5.9,6.145833333333334,-59.4918,0.9,5.908,8.205555555555557,-59.854
09-05-2025-Fri 20-08-28-PM,0.4,5.904,18.45,-61.203,0.4,5.908,18.462500000000002,-59.6564,0.3,5.912,24.633333333333336,-59.909,0.2,5.908,36.925000000000004,-58.899,1.3,5.9,5.673076923076924,-58.273,1.5,5.916,4.93,-57.9766,1.1,5.9,6.704545454545455,-59.239,1.2,5.904,6.15,-60.2161,0.4,5.904,18.45,-62.7499,0.4,5.908,18.462500000000002,-61.192,0.3,5.912,24.633333333333336,-61.1707,0.2,5.908,36.925000000000004,-59.338,1.3,5.9,5.673076923076924,-57.9437,1.5,5.916,4.93,-58.482,1.1,5.9,6.704545454545455,-59.5248,1.2,5.904,6.15,-59.87
09-05-2025-Fri 20-09-35-PM,0.4,5.9,18.4375,-61.582,0.2,5.912,36.95,-60.1174,0.1,5.912,73.9,-60.348,0.3,5.908,24.61666666666667,-59.3271,1.4,5.9,5.267857142857143,-58.734,1.5,5.912,4.926666666666667,-58.4378,1.1,5.904,6.709090909090909,-59.711,1.3,5.908,5.680769230769231,-60.7099,0.4,5.9,18.4375,-63.0459,0.2,5.912,36.95,-61.587,0.1,5.912,73.9,-61.5985,0.3,5.908,24.61666666666667,-59.788,1.4,5.9,5.267857142857143,-58.4378,1.5,5.912,4.926666666666667,-58.954,1.1,5.904,6.709090909090909,-59.9857,1.3,5.908,5.680769230769231,-60.348
09-05-2025-Fri 20-09-38-PM,0.5,5.904,14.76,-61.598,0.5,5.912,14.780000000000001,-60.1174,0.7,5.908,10.55,-60.348,0.4,5.908,18.462500000000002,-59.3601,0.9,5.9,8.194444444444446,-58.789,1.3,5.912,5.684615384615385,-58.5037,1.1,5.9,6.704545454545455,-59.744,1.4,5.908,5.275,-60.7099,0.5,5.904,14.76,-63.0788,0.5,5.912,14.780000000000001,-61.587,0.7,5.908,10.55,-61.5656,0.4,5.908,18.462500000000002,-59.81,0.9,5.9,8.194444444444446,-58.5037,1.3,5.912,5.684615384615385,-59.009,1.1,5.9,6.704545454545455,-60.0186,1.4,5.908,5.275,-60.364
09-05-2025-Fri 20-09-40-PM,0.4,5.9,18.4375,-61.648,0.4,5.908,18.462500000000002,-60.1833,0.3,5.912,24.633333333333336,-60.359,0.5,5.904,14.76,-59.2942,1.1,5.904,6.709090909090909,-58.767,1.2,5.912,6.158333333333334,-58.5037,1.1,5.904,6.709090909090909,-59.755,1.1,5.908,6.713636363636364,-60.7428,0.4,5.9,18.4375,-63.1117,0.4,5.908,18.462500000000002,-61.631,0.3,5.912,24.633333333333336,-61.5985,0.5,5.904,14.76,-59.799,1.1,5.904,6.709090909090909,-58.5037,1.2,5.912,6.158333333333334,-59.009,1.1,5.904,6.709090909090909,-60.0186,1.1,5.908,6.713636363636364,-60.381
09-05-2025-Fri 20-09-42-PM,0.4,5.9,18.4375,-61.631,0.1,5.908,73.85000000000001,-60.1503,0.3,5.912,24.633333333333336,-60.381,0.6,5.908,12.308333333333335,-59.3929,0.9,5.9,8.194444444444446,-58.8,1.1,5.916,6.722727272727273,-58.5037,1.0,5.904,7.38,-59.733,1.1,5.908,6.713636363636364,-60.7099,0.4,5.9,18.4375,-63.1117,0.1,5.908,73.85000000000001,-61.62,0.3,5.912,24.633333333333336,-61.5985,0.6,5.908,12.308333333333335,-59.832,0.9,5.9,8.194444444444446,-58.5037,1.1,5.916,6.722727272727273,-58.998,1.0,5.904,7.38,-59.9857,1.1,5.908,6.713636363636364,-60.348
09-05-2025-Fri 20-09-45-PM,0.4,5.904,18.45,-61.648,0.4,5.908,18.462500000000002,-60.1833,0.4,5.908,18.462500000000002,-60.392,0.4,5.908,18.462500000000002,-59.3601,0.9,5.904,8.2,-58.8,1.5,5.912,4.926666666666667,-58.5037,1.1,5.904,6.709090909090909,-59.788,1.3,5.908,5.680769230769231,-60.8087,0.4,5.904,18.45,-63.1117,0.4,5.908,18.462500000000002,-61.642,0.4,5.908,18.462500000000002,-61.6314,0.4,5.908,18.462500000000002,-59.843,0.9,5.904,8.2,-58.5367,1.5,5.912,4.926666666666667,-59.031,1.1,5.904,6.709090909090909,-60.0515,1.3,5.908,5.680769230769231,-60.43
09-05-2025-Fri 20-09-47-PM,0.3,5.904,24.6,-61.648,0.2,5.912,36.95,-60.1833,0.2,5.912,36.95,-60.436,0.6,5.908,12.308333333333335,-59.4918,0.9,5.9,8.194444444444446,-58.855,1.5,5.916,4.93,-58.5367,1.3,5.9,5.673076923076924,-59.788,1.1,5.908,6.713636363636364,-60.7758,0.3,5.904,24.6,-63.1117,0.2,5.912,36.95,-61.642,0.2,5.912,36.95,-61.6314,0.6,5.908,12.308333333333335,-59.887,0.9,5.9,8.194444444444446,-58.5367,1.5,5.916,4.93,-59.042,1.3,5.9,5.673076923076924,-60.0515,1.1,5.908,6.713636363636364,-60.414
09-05-2025-Fri 20-09-49-PM,0.3,5.904,24.6,-61.713,0.3,5.912,24.633333333333336,-60.3149,0.3,5.912,24.633333333333336,-60.446,0.5,5.912,14.780000000000001,-59.3601,0.7,5.9,10.535714285714286,-58.822,1.4,5.912,5.278571428571429,-58.5367,1.3,5.9,5.673076923076924,-59.81,1.1,5.904,6.709090909090909,-60.8087,0.3,5.904,24.6,-63.1117,0.3,5.912,24.633333333333336,-61.697,0.3,5.912,24.633333333333336,-61.6643,0.5,5.912,14.780000000000001,-59.865,0.7,5.9,10.535714285714286,-58.5696,1.4,5.912,5.278571428571429,-59.064,1.3,5.9,5.673076923076924,-60.0845,1.1,5.904,6.709090909090909,-60.447
09-05-2025-Fri 20-11-18-PM,0.6,5.904,12.3,-62.108,0.1,5.912,73.9,-60.7758,0.3,5.908,24.61666666666667,-60.94,0.1,5.908,73.85000000000001,-59.9528,1.0,5.904,7.38,-59.426,1.3,5.912,5.684615384615385,-59.1625,1.0,5.9,7.375,-60.359,1.1,5.904,6.709090909090909,-61.3352,0.6,5.904,12.3,-63.4405,0.1,5.912,73.9,-62.103,0.3,5.908,24.61666666666667,-62.092,0.1,5.908,73.85000000000001,-60.402,1.0,5.904,7.38,-59.1625,1.3,5.912,5.684615384615385,-59.634,1.0,5.9,7.375,-60.5783,1.1,5.904,6.709090909090909,-60.957
09-05-2025-Fri 20-11-20-PM,0.4,5.9,18.4375,-62.141,0.3,5.908,24.61666666666667,-60.8416,0.0,5.912,inf,-60.962,0.3,5.912,24.633333333333336,-59.9528,0.7,5.904,10.542857142857143,-59.437,1.3,5.916,5.68846153846154,-59.1625,0.9,5.904,8.2,-60.381,1.0,5.908,7.385,-61.3681,0.4,5.9,18.4375,-63.4405,0.3,5.908,24.61666666666667,-62.125,0.0,5.912,inf,-62.092,0.3,5.912,24.633333333333336,-60.413,0.7,5.904,10.542857142857143,-59.1954,1.3,5.916,5.68846153846154,-59.656,0.9,5.904,8.2,-60.6112,1.0,5.908,7.385,-60.99
09-05-2025-Fri 20-11-22-PM,0.3,5.904,24.6,-62.141,0.5,5.912,14.780000000000001,-60.8087,0.3,5.908,24.61666666666667,-60.951,0.2,5.908,36.925000000000004,-59.9528,1.0,5.904,7.38,-59.448,1.1,5.916,6.722727272727273,-59.1625,1.2,5.904,6.15,-60.37,1.2,5.904,6.15,-61.3681,0.3,5.904,24.6,-63.4734,0.5,5.912,14.780000000000001,-62.125,0.3,5.908,24.61666666666667,-62.092,0.2,5.908,36.925000000000004,-60.424,1.0,5.904,7.38,-59.2283,1.1,5.916,6.722727272727273,-59.656,1.2,5.904,6.15,-60.5783,1.2,5.904,6.15,-60.973
09-05-2025-Fri 20-11-24-PM,0.5,5.9,14.75,-62.125,0.4,5.908,18.462500000000002,-60.8087,0.2,5.908,36.925000000000004,-60.962,0.4,5.908,18.462500000000002,-59.9528,0.8,5.9,9.21875,-59.459,1.3,5.916,5.68846153846154,-59.1954,1.1,5.904,6.709090909090909,-60.403,1.1,5.908,6.713636363636364,-61.4011,0.5,5.9,14.75,-63.4405,0.4,5.908,18.462500000000002,-62.125,0.2,5.908,36.925000000000004,-62.1249,0.4,5.908,18.462500000000002,-60.435,0.8,5.9,9.21875,-59.2283,1.3,5.916,5.68846153846154,-59.678,1.1,5.904,6.709090909090909,-60.6112,1.1,5.908,6.713636363636364,-61.006
09-05-2025-Fri 20-11-27-PM,0.3,5.904,24.6,-62.108,0.3,5.908,24.61666666666667,-60.7758,0.3,5.912,24.633333333333336,-60.973,0.4,5.908,18.462500000000002,-60.0186,1.0,5.9,7.375,-59.492,1.2,5.916,6.162500000000001,-59.2283,1.0,5.904,7.38,-60.414,0.8,5.908,9.231250000000001,-61.4011,0.3,5.904,24.6,-63.4405,0.3,5.908,24.61666666666667,-62.114,0.3,5.912,24.633333333333336,-62.1249,0.4,5.908,18.462500000000002,-60.457,1.0,5.9,7.375,-59.2283,1.2,5.916,6.162500000000001,-59.689,1.0,5.904,7.38,-60.6112,0.8,5.908,9.231250000000001,-61.006
09-05-2025-Fri 20-11-29-PM,0.4,5.904,18.45,-62.141,0.3,5.908,24.61666666666667,-60.8416,0.2,5.912,36.95,-60.995,0.2,5.912,36.95,-60.0186,0.8,5.9,9.21875,-59.492,1.2,5.912,6.158333333333334,-59.1954,0.9,5.9,8.194444444444446,-60.414,0.8,5.908,9.231250000000001,-61.434,0.4,5.904,18.45,-63.4405,0.3,5.908,24.61666666666667,-62.136,0.2,5.912,36.95,-62.1249,0.2,5.912,36.95,-60.468,0.8,5.9,9.21875,-59.2613,1.2,5.912,6.158333333333334,-59.689,0.9,5.9,8.194444444444446,-60.6112,0.8,5.908,9.231250000000001,-61.023
09-05-2025-Fri 20-11-31-PM,0.6,5.904,12.3,-62.158,0.3,5.908,24.61666666666667,-60.8416,0.3,5.912,24.633333333333336,-61.006,0.5,5.912,14.780000000000001,-60.0515,1.0,5.9,7.375,-59.514,1.2,5.916,6.162500000000001,-59.2283,1.0,5.9,7.375,-60.435,1.1,5.904,6.709090909090909,-61.434,0.6,5.904,12.3,-63.4734,0.3,5.908,24.61666666666667,-62.147,0.3,5.912,24.633333333333336,-62.1249,0.5,5.912,14.780000000000001,-60.479,1.0,5.9,7.375,-59.2613,1.2,5.916,6.162500000000001,-59.711,1.0,5.9,7.375,-60.6441,1.1,5.904,6.709090909090909,-61.039
09-05-2025-Fri 20-12-11-PM,0.3,5.904,24.6,-62.306,0.3,5.908,24.61666666666667,-61.072,0.2,5.908,36.925000000000004,-61.192,0.2,5.912,36.95,-60.2161,1.3,5.9,5.673076923076924,-59.733,1.0,5.916,7.3950000000000005,-59.4589,1.1,5.904,6.709090909090909,-60.622,0.8,5.908,9.231250000000001,-61.5985,0.3,5.904,24.6,-63.5391,0.3,5.908,24.61666666666667,-62.3,0.2,5.908,36.925000000000004,-62.2894,0.2,5.912,36.95,-60.677,1.3,5.9,5.673076923076924,-59.5248,1.0,5.916,7.3950000000000005,-59.931,1.1,5.904,6.709090909090909,-60.8087,0.8,5.908,9.231250000000001,-61.204
09-05-2025-Fri 20-12-16-PM,0.5,5.904,14.76,-62.338,0.4,5.912,18.475,-61.1049,0.2,5.912,36.95,-61.225,0.4,5.912,18.475,-60.2491,0.9,5.904,8.2,-59.755,1.1,5.916,6.722727272727273,-59.4589,1.3,5.904,5.676923076923077,-60.655,1.1,5.904,6.709090909090909,-61.6314,0.5,5.904,14.76,-63.572,0.4,5.912,18.475,-62.333,0.2,5.912,36.95,-62.3223,0.4,5.912,18.475,-60.71,0.9,5.904,8.2,-59.5576,1.1,5.916,6.722727272727273,-59.964,1.3,5.904,5.676923076923077,-60.8745,1.1,5.904,6.709090909090909,-61.253
09-05-2025-Fri 20-12-21-PM,0.6,5.9,12.291666666666668,-62.322,0.4,5.912,18.475,-61.072,0.5,5.912,14.780000000000001,-61.214,0.2,5.908,36.925000000000004,-60.2491,1.1,5.904,6.709090909090909,-59.777,0.9,5.916,8.216666666666667,-59.4918,1.1,5.9,6.704545454545455,-60.677,1.1,5.908,6.713636363636364,-61.6643,0.6,5.9,12.291666666666668,-63.572,0.4,5.912,18.475,-62.322,0.5,5.912,14.780000000000001,-62.3223,0.2,5.908,36.925000000000004,-60.721,1.1,5.904,6.709090909090909,-59.5906,0.9,5.916,8.216666666666667,-59.986,1.1,5.9,6.704545454545455,-60.8745,1.1,5.908,6.713636363636364,-61.269
09-05-2025-Fri 20-12-25-PM,0.5,5.908,14.77,-62.338,0.3,5.908,24.61666666666667,-61.1049,0.3,5.916,24.650000000000006,-61.247,0.4,5.912,18.475,-60.3149,0.6,5.904,12.3,-59.81,1.4,5.916,5.2821428571428575,-59.5248,0.8,5.904,9.225,-60.699,0.8,5.908,9.231250000000001,-61.6971,0.5,5.908,14.77,-63.572,0.3,5.908,24.61666666666667,-62.333,0.3,5.916,24.650000000000006,-62.3223,0.4,5.912,18.475,-60.743,0.6,5.904,12.3,-59.5906,1.4,5.916,5.2821428571428575,-59.997,0.8,5.904,9.225,-60.8745,0.8,5.908,9.231250000000001,-61.286
09-05-2025-Fri 20-13-34-PM,0.3,5.904,24.6,-62.93,0.5,5.912,14.780000000000001,-61.5326,0.2,5.912,36.95,-61.796,0.2,5.908,36.925000000000004,-60.8416,0.7,5.9,10.535714285714286,-60.359,1.3,5.916,5.68846153846154,-60.0515,0.9,5.904,8.2,-61.247,0.8,5.904,9.225,-62.1578,0.3,5.904,24.6,-64.328,0.5,5.912,14.780000000000001,-62.958,0.2,5.912,36.95,-63.0129,0.2,5.908,36.925000000000004,-61.346,0.7,5.9,10.535714285714286,-60.1833,1.3,5.916,5.68846153846154,-60.589,0.9,5.904,8.2,-61.5326,0.8,5.904,9.225,-61.845
09-05-2025-Fri 20-13-36-PM,0.2,5.904,36.9,-62.98,0.2,5.912,36.95,-61.5656,0.3,5.908,24.61666666666667,-61.818,0.7,5.912,10.557142857142859,-60.8416,0.9,5.9,8.194444444444446,-60.359,1.0,5.92,7.4,-60.0515,0.7,5.9,10.535714285714286,-61.269,1.0,5.904,7.38,-62.1906,0.2,5.904,36.9,-64.3938,0.2,5.912,36.95,-63.002,0.3,5.908,24.61666666666667,-63.0459,0.7,5.912,10.557142857142859,-61.357,0.9,5.9,8.194444444444446,-60.1833,1.0,5.92,7.4,-60.6,0.7,5.9,10.535714285714286,-61.5656,1.0,5.904,7.38,-61.878
09-05-2025-Fri 20-13-38-PM,0.5,5.9,14.75,-63.046,0.1,5.912,73.9,-61.6643,0.1,5.908,73.85000000000001,-61.905,0.4,5.908,18.462500000000002,-60.9404,0.8,5.9,9.21875,-60.414,0.8,5.912,9.2375,-60.0845,0.9,5.9,8.194444444444446,-61.313,1.0,5.908,7.385,-62.2236,0.5,5.9,14.75,-64.4267,0.1,5.912,73.9,-63.068,0.1,5.908,73.85000000000001,-63.1117,0.4,5.908,18.462500000000002,-61.423,0.8,5.9,9.21875,-60.2161,0.8,5.912,9.2375,-60.644,0.9,5.9,8.194444444444446,-61.6314,1.0,5.908,7.385,-61.927
09-05-2025-Fri 20-13-41-PM,0.3,5.904,24.6,-63.078,0.4,5.908,18.462500000000002,-61.6643,0.0,5.912,inf,-61.938,0.2,5.908,36.925000000000004,-60.9732,0.6,5.9,12.291666666666668,-60.458,0.7,5.912,10.557142857142859,-60.1503,1.0,5.904,7.38,-61.346,0.9,5.904,8.2,-62.2236,0.3,5.904,24.6,-64.4924,0.4,5.908,18.462500000000002,-63.111,0.0,5.912,inf,-63.1774,0.2,5.908,36.925000000000004,-61.467,0.6,5.9,12.291666666666668,-60.2491,0.7,5.912,10.557142857142859,-60.688,1.0,5.904,7.38,-61.6643,0.9,5.904,8.2,-61.944
09-05-2025-Fri 20-13-43-PM,0.1,5.904,73.8,-63.128,0.4,5.912,18.475,-61.6643,0.2,5.912,36.95,-61.982,0.3,5.908,24.61666666666667,-61.039,0.7,5.9,10.535714285714286,-60.479,0.9,5.916,8.216666666666667,-60.1174,1.1,5.9,6.704545454545455,-61.368,0.6,5.904,12.3,-62.2565,0.1,5.904,73.8,-64.5911,0.4,5.912,18.475,-63.166,0.2,5.912,36.95,-63.2432,0.3,5.908,24.61666666666667,-61.521,0.7,5.9,10.535714285714286,-60.282,0.9,5.916,8.216666666666667,-60.71,1.1,5.9,6.704545454545455,-61.7301,0.6,5.904,12.3,-61.993
09-05-2025-Fri 20-14-23-PM,0.4,5.904,18.45,-63.802,0.3,5.912,24.633333333333336,-62.1578,0.1,5.908,73.85000000000001,-62.563,0.4,5.908,18.462500000000002,-61.5985,0.7,5.904,10.542857142857143,-61.028,1.0,5.916,7.3950000000000005,-60.6441,0.9,5.9,8.194444444444446,-61.949,0.7,5.908,10.55,-62.8157,0.4,5.904,18.45,-65.4455,0.3,5.912,24.633333333333336,-63.846,0.1,5.908,73.85000000000001,-63.9337,0.4,5.908,18.462500000000002,-62.125,0.7,5.904,10.542857142857143,-60.8416,1.0,5.916,7.3950000000000005,-61.291,0.9,5.9,8.194444444444446,-62.3881,0.7,5.908,10.55,-62.602
09-05-2025-Fri 20-14-25-PM,0.0,5.9,inf,-63.802,0.2,5.912,36.95,-62.092,0.2,5.912,36.95,-62.552,0.2,5.912,36.95,-61.5985,0.8,5.904,9.225,-61.028,1.1,5.912,6.718181818181818,-60.6441,0.7,5.9,10.535714285714286,-61.982,0.9,5.904,8.2,-62.8485,0.0,5.9,inf,-65.5112,0.2,5.912,36.95,-63.857,0.2,5.912,36.95,-63.9666,0.2,5.912,36.95,-62.136,0.8,5.904,9.225,-60.8416,1.1,5.912,6.718181818181818,-61.313,0.7,5.9,10.535714285714286,-62.4539,0.9,5.904,8.2,-62.651
09-05-2025-Fri 20-14-28-PM,0.1,5.904,73.8,-63.851,0.2,5.912,36.95,-62.1578,0.3,5.912,24.633333333333336,-62.585,0.2,5.908,36.925000000000004,-61.5985,0.6,5.904,12.3,-61.05,0.6,5.916,12.325000000000003,-60.677,1.1,5.9,6.704545454545455,-62.015,0.9,5.904,8.2,-62.9144,0.1,5.904,73.8,-65.544,0.2,5.912,36.95,-63.9,0.3,5.912,24.633333333333336,-63.9993,0.2,5.908,36.925000000000004,-62.157,0.6,5.904,12.3,-60.8745,0.6,5.916,12.325000000000003,-61.335,1.1,5.9,6.704545454545455,-62.4539,0.9,5.904,8.2,-62.684
09-05-2025-Fri 20-15-22-PM,0.3,5.9,24.583333333333336,-64.476,0.3,5.912,24.633333333333336,-62.7828,0.2,5.912,36.95,-63.232,0.2,5.908,36.925000000000004,-62.2894,0.7,5.9,10.535714285714286,-61.675,0.6,5.916,12.325000000000003,-61.2695,0.6,5.9,12.291666666666668,-62.629,1.0,5.908,7.385,-63.5062,0.3,5.9,24.583333333333336,-66.1682,0.3,5.912,24.633333333333336,-64.525,0.2,5.912,36.95,-64.6239,0.2,5.908,36.925000000000004,-62.793,0.7,5.9,10.535714285714286,-61.4669,0.6,5.916,12.325000000000003,-61.949,0.6,5.9,12.291666666666668,-63.1117,1.0,5.908,7.385,-63.309
09-05-2025-Fri 20-15-25-PM,0.5,5.904,14.76,-64.508,0.1,5.908,73.85000000000001,-62.8485,0.6,5.912,12.316666666666668,-63.221,0.3,5.912,24.633333333333336,-62.1906,0.5,5.9,14.75,-61.653,1.0,5.916,7.3950000000000005,-61.2695,0.8,5.9,9.21875,-62.651,0.9,5.908,8.205555555555557,-63.5391,0.5,5.904,14.76,-66.1682,0.1,5.908,73.85000000000001,-64.547,0.6,5.912,12.316666666666668,-64.6239,0.3,5.912,24.633333333333336,-62.771,0.5,5.9,14.75,-61.4998,1.0,5.916,7.3950000000000005,-61.971,0.8,5.9,9.21875,-63.1445,0.9,5.908,8.205555555555557,-63.342
09-05-2025-Fri 20-15-27-PM,0.3,5.908,24.61666666666667,-64.508,0.1,5.912,73.9,-62.8157,0.3,5.908,24.61666666666667,-63.243,0.4,5.908,18.462500000000002,-62.2565,0.7,5.904,10.542857142857143,-61.675,0.6,5.916,12.325000000000003,-61.3024,0.7,5.9,10.535714285714286,-62.684,0.9,5.908,8.205555555555557,-63.572,0.3,5.908,24.61666666666667,-66.201,0.1,5.912,73.9,-64.558,0.3,5.908,24.61666666666667,-64.6567,0.4,5.908,18.462500000000002,-62.793,0.7,5.904,10.542857142857143,-61.4669,0.6,5.916,12.325000000000003,-61.982,0.7,5.9,10.535714285714286,-63.1774,0.9,5.908,8.205555555555557,-63.375
09-05-2025-Fri 20-16-10-PM,0.1,5.9,73.75,-64.903,0.2,5.912,36.95,-63.2432,0.1,5.912,73.9,-63.638,0.3,5.908,24.61666666666667,-62.6512,0.5,5.904,14.76,-62.081,0.8,5.916,9.24375,-61.6971,0.6,5.904,12.3,-63.089,0.6,5.904,12.3,-63.9993,0.1,5.9,73.75,-66.5623,0.2,5.912,36.95,-64.941,0.1,5.912,73.9,-65.0183,0.3,5.908,24.61666666666667,-63.188,0.5,5.904,14.76,-61.8947,0.8,5.916,9.24375,-62.388,0.6,5.904,12.3,-63.572,0.6,5.904,12.3,-63.786
09-05-2025-Fri 20-16-12-PM,0.2,5.904,36.9,-64.936,0.3,5.908,24.61666666666667,-63.2761,0.2,5.912,36.95,-63.681,0.3,5.908,24.61666666666667,-62.717,0.6,5.904,12.3,-62.125,0.7,5.916,10.564285714285715,-61.763,0.6,5.904,12.3,-63.133,0.7,5.908,10.55,-64.0652,0.2,5.904,36.9,-66.5952,0.3,5.908,24.61666666666667,-64.974,0.2,5.912,36.95,-65.0511,0.3,5.908,24.61666666666667,-63.221,0.6,5.904,12.3,-61.8947,0.7,5.916,10.564285714285715,-62.41,0.6,5.904,12.3,-63.572,0.7,5.908,10.55,-63.819
09-05-2025-Fri 20-16-15-PM,0.1,5.904,73.8,-64.936,0.2,5.908,36.925000000000004,-63.2432,0.0,5.908,inf,-63.67,0.1,5.912,73.9,-62.684,0.4,5.9,18.4375,-62.136,0.8,5.912,9.2375,-61.763,0.5,5.908,14.77,-63.144,0.5,5.908,14.77,-64.0652,0.1,5.904,73.8,-66.6279,0.2,5.908,36.925000000000004,-64.985,0.0,5.908,inf,-65.084,0.1,5.912,73.9,-63.243,0.4,5.9,18.4375,-61.9604,0.8,5.912,9.2375,-62.443,0.5,5.908,14.77,-63.6049,0.5,5.908,14.77,-63.835
09-05-2025-Fri 20-16-17-PM,0.3,5.9,24.583333333333336,-64.952,0.1,5.908,73.85000000000001,-63.2761,0.1,5.912,73.9,-63.703,0.5,5.908,14.77,-62.717,0.6,5.9,12.291666666666668,-62.147,0.6,5.916,12.325000000000003,-61.763,0.5,5.9,14.75,-63.166,0.6,5.904,12.3,-64.098,0.3,5.9,24.583333333333336,-66.6279,0.1,5.908,73.85000000000001,-65.007,0.1,5.912,73.9,-65.1169,0.5,5.908,14.77,-63.265,0.6,5.9,12.291666666666668,-61.9604,0.6,5.916,12.325000000000003,-62.454,0.5,5.9,14.75,-63.6378,0.6,5.904,12.3,-63.868
09-05-2025-Fri 20-16-19-PM,0.1,5.904,73.8,-64.952,0.0,5.912,inf,-63.2761,0.1,5.912,73.9,-63.725,0.3,5.912,24.633333333333336,-62.7828,0.5,5.904,14.76,-62.191,0.9,5.916,8.216666666666667,-61.7959,0.5,5.9,14.75,-63.177,0.6,5.908,12.308333333333335,-64.098,0.1,5.904,73.8,-66.6279,0.0,5.912,inf,-65.007,0.1,5.912,73.9,-65.1169,0.3,5.912,24.633333333333336,-63.298,0.5,5.904,14.76,-61.9933,0.9,5.916,8.216666666666667,-62.476,0.5,5.9,14.75,-63.6378,0.6,5.908,12.308333333333335,-63.868
09-05-2025-Fri 20-16-22-PM,0.2,5.904,36.9,-65.018,0.0,5.908,inf,-63.3418,-0.1,5.912,-73.9,-63.758,0.1,5.908,73.85000000000001,-62.7828,0.4,5.904,18.45,-62.213,0.7,5.912,10.557142857142859,-61.8288,0.5,5.904,14.76,-63.199,0.7,5.908,10.55,-64.098,0.2,5.904,36.9,-66.6937,0.0,5.908,inf,-65.062,-0.1,5.912,-73.9,-65.1497,0.1,5.908,73.85000000000001,-63.32,0.4,5.904,18.45,-62.0261,0.7,5.912,10.557142857142859,-62.508,0.5,5.904,14.76,-63.6706,0.7,5.908,10.55,-63.884
09-05-2025-Fri 20-17-35-PM,0.1,5.904,73.8,-65.56,0.1,5.908,73.85000000000001,-63.9337,0.1,5.912,73.9,-64.328,0.1,5.908,73.85000000000001,-63.3747,0.6,5.9,12.291666666666668,-62.805,0.8,5.916,9.24375,-62.4539,0.7,5.904,10.542857142857143,-63.802,0.4,5.908,18.462500000000002,-64.7554,0.1,5.904,73.8,-67.1863,0.1,5.908,73.85000000000001,-65.598,0.1,5.912,73.9,-65.6754,0.1,5.908,73.85000000000001,-63.878,0.6,5.9,12.291666666666668,-62.5854,0.8,5.916,9.24375,-63.079,0.7,5.904,10.542857142857143,-64.1967,0.4,5.908,18.462500000000002,-64.476
09-05-2025-Fri 20-18-13-PM,0.1,5.904,73.8,-65.905,0.3,5.908,24.61666666666667,-64.361,0.3,5.912,24.633333333333336,-64.668,0.1,5.904,73.8,-63.6706,0.5,5.904,14.76,-63.112,0.6,5.916,12.325000000000003,-62.7499,0.8,5.904,9.225,-64.087,0.7,5.908,10.55,-65.0511,0.1,5.904,73.8,-67.4488,0.3,5.908,24.61666666666667,-65.927,0.3,5.912,24.633333333333336,-65.971,0.1,5.904,73.8,-64.185,0.5,5.904,14.76,-62.9144,0.6,5.916,12.325000000000003,-63.375,0.8,5.904,9.225,-64.4596,0.7,5.908,10.55,-64.755
09-05-2025-Fri 20-18-15-PM,0.2,5.904,36.9,-65.905,0.2,5.908,36.925000000000004,-64.328,0.2,5.912,36.95,-64.635,0.2,5.908,36.925000000000004,-63.6049,0.2,5.9,36.875,-63.101,0.7,5.912,10.557142857142859,-62.7828,0.9,5.904,8.2,-64.12,0.7,5.908,10.55,-65.084,0.2,5.904,36.9,-67.4817,0.2,5.908,36.925000000000004,-65.927,0.2,5.912,36.95,-65.971,0.2,5.908,36.925000000000004,-64.163,0.2,5.9,36.875,-62.9144,0.7,5.912,10.557142857142859,-63.397,0.9,5.904,8.2,-64.4924,0.7,5.908,10.55,-64.788
09-05-2025-Fri 20-18-17-PM,0.0,5.9,inf,-65.839,0.2,5.912,36.95,-64.2295,0.3,5.912,24.633333333333336,-64.646,0.1,5.912,73.9,-63.7693,0.4,5.9,18.4375,-63.177,0.7,5.916,10.564285714285715,-62.8157,0.2,5.904,36.9,-64.153,0.8,5.904,9.225,-65.1169,0.0,5.9,inf,-67.4488,0.2,5.912,36.95,-65.872,0.3,5.912,24.633333333333336,-65.9383,0.1,5.912,73.9,-64.218,0.4,5.9,18.4375,-62.9473,0.7,5.916,10.564285714285715,-63.429,0.2,5.904,36.9,-64.5253,0.8,5.904,9.225,-64.821
09-05-2025-Fri 20-18-20-PM,0.3,5.904,24.6,-65.872,0.1,5.912,73.9,-64.2624,0.1,5.908,73.85000000000001,-64.635,0.2,5.908,36.925000000000004,-63.6706,0.5,5.9,14.75,-63.145,0.9,5.912,8.21111111111111,-62.8157,0.5,5.904,14.76,-64.153,0.5,5.908,14.77,-65.1169,0.3,5.904,24.6,-67.4817,0.1,5.912,73.9,-65.905,0.1,5.908,73.85000000000001,-65.971,0.2,5.908,36.925000000000004,-64.196,0.5,5.9,14.75,-62.9473,0.9,5.912,8.21111111111111,-63.429,0.5,5.904,14.76,-64.5253,0.5,5.908,14.77,-64.821
09-05-2025-Fri 20-18-22-PM,0.3,5.904,24.6,-65.938,0.1,5.912,73.9,-64.3938,0.1,5.912,73.9,-64.7,0.3,5.912,24.633333333333336,-63.7364,0.4,5.9,18.4375,-63.188,0.7,5.916,10.564285714285715,-62.8485,0.8,5.9,9.21875,-64.185,0.5,5.908,14.77,-65.1497,0.3,5.904,24.6,-67.4817,0.1,5.912,73.9,-65.949,0.1,5.912,73.9,-65.971,0.3,5.912,24.633333333333336,-64.229,0.4,5.9,18.4375,-62.9801,0.7,5.916,10.564285714285715,-63.462,0.8,5.9,9.21875,-64.5582,0.5,5.908,14.77,-64.854
09-05-2025-Fri 20-18-24-PM,0.1,5.904,73.8,-65.954,0.1,5.912,73.9,-64.3938,0.0,5.912,inf,-64.711,0.3,5.908,24.61666666666667,-63.7364,0.5,5.9,14.75,-63.188,0.6,5.916,12.325000000000003,-62.8815,0.5,5.904,14.76,-64.186,0.7,5.908,10.55,-65.1497,0.1,5.904,73.8,-67.5146,0.1,5.912,73.9,-65.971,0.0,5.912,inf,-66.0039,0.3,5.908,24.61666666666667,-64.229,0.5,5.9,14.75,-62.9473,0.6,5.916,12.325000000000003,-63.451,0.5,5.904,14.76,-64.5253,0.7,5.908,10.55,-64.838
09-05-2025-Fri 20-19-36-PM,0.2,5.904,36.9,-66.381,0.1,5.912,73.9,-64.8869,0.2,5.912,36.95,-65.182,0.2,5.912,36.95,-64.2295,0.3,5.9,24.583333333333336,-63.693,0.5,5.916,14.790000000000001,-63.3747,0.6,5.9,12.291666666666668,-64.657,0.6,5.904,12.3,-65.6425,0.2,5.904,36.9,-67.8757,0.1,5.912,73.9,-66.398,0.2,5.912,36.95,-66.4309,0.2,5.912,36.95,-64.711,0.3,5.9,24.583333333333336,-63.4734,0.5,5.916,14.790000000000001,-63.934,0.6,5.9,12.291666666666668,-64.9526,0.6,5.904,12.3,-65.298
09-05-2025-Fri 20-19-39-PM,0.1,5.904,73.8,-66.431,0.2,5.912,36.95,-64.9526,0.1,5.908,73.85000000000001,-65.237,0.2,5.908,36.925000000000004,-64.328,0.5,5.9,14.75,-63.747,0.4,5.916,18.4875,-63.3747,0.6,5.904,12.3,-64.668,0.7,5.904,10.542857142857143,-65.6754,0.1,5.904,73.8,-67.9085,0.2,5.912,36.95,-66.431,0.1,5.908,73.85000000000001,-66.4309,0.2,5.908,36.925000000000004,-64.766,0.5,5.9,14.75,-63.5391,0.4,5.916,18.4875,-63.955,0.6,5.904,12.3,-64.9526,0.7,5.904,10.542857142857143,-65.314
09-05-2025-Fri 20-19-41-PM,0.4,5.9,18.4375,-66.414,0.1,5.908,73.85000000000001,-64.9197,0.1,5.908,73.85000000000001,-65.215,0.1,5.912,73.9,-64.2953,0.8,5.9,9.21875,-63.747,0.9,5.912,8.21111111111111,-63.4076,0.5,5.904,14.76,-64.7,0.5,5.904,14.76,-65.7083,0.4,5.9,18.4375,-67.9085,0.1,5.908,73.85000000000001,-66.42,0.1,5.908,73.85000000000001,-66.4309,0.1,5.912,73.9,-64.755,0.8,5.9,9.21875,-63.5391,0.9,5.912,8.21111111111111,-63.977,0.5,5.904,14.76,-64.9854,0.5,5.904,14.76,-65.347
09-05-2025-Fri 20-19-43-PM,0.3,5.9,24.583333333333336,-66.48,0.1,5.912,73.9,-65.0511,0.4,5.912,18.475,-65.27,0.3,5.904,24.6,-64.2953,0.3,5.904,24.6,-63.758,0.5,5.92,14.8,-63.4405,0.5,5.904,14.76,-64.7,0.4,5.908,18.462500000000002,-65.7083,0.3,5.9,24.583333333333336,-67.9085,0.1,5.912,73.9,-66.474,0.4,5.912,18.475,-66.4637,0.3,5.904,24.6,-64.766,0.3,5.904,24.6,-63.5391,0.5,5.92,14.8,-63.977,0.5,5.904,14.76,-64.9526,0.4,5.908,18.462500000000002,-65.33
09-05-2025-Fri 20-19-46-PM,0.5,5.904,14.76,-66.43,0.1,5.908,73.85000000000001,-64.9197,0.1,5.908,73.85000000000001,-65.237,0.3,5.908,24.61666666666667,-64.328,0.2,5.904,36.9,-63.769,0.3,5.916,24.650000000000006,-63.4405,0.6,5.904,12.3,-64.711,0.5,5.908,14.77,-65.7083,0.5,5.904,14.76,-67.9413,0.1,5.908,73.85000000000001,-66.442,0.1,5.908,73.85000000000001,-66.4637,0.3,5.908,24.61666666666667,-64.777,0.2,5.904,36.9,-63.5391,0.3,5.916,24.650000000000006,-63.988,0.6,5.904,12.3,-64.9854,0.5,5.908,14.77,-65.347
09-05-2025-Fri 20-20-19-PM,0.2,5.9,36.875,-66.611,0.3,5.908,24.61666666666667,-65.1497,-0.2,5.908,-36.925000000000004,-65.434,0.1,5.908,73.85000000000001,-64.5253,0.4,5.9,18.4375,-63.988,0.6,5.916,12.325000000000003,-63.6706,0.6,5.9,12.291666666666668,-64.909,0.3,5.908,24.61666666666667,-65.9054,0.2,5.9,36.875,-68.0726,0.3,5.908,24.61666666666667,-66.617,-0.2,5.908,-36.925000000000004,-66.6279,0.1,5.908,73.85000000000001,-64.974,0.4,5.9,18.4375,-63.7693,0.6,5.916,12.325000000000003,-64.197,0.6,5.9,12.291666666666668,-65.1497,0.3,5.908,24.61666666666667,-65.528
09-05-2025-Fri 20-20-22-PM,0.2,5.904,36.9,-66.66,0.3,5.908,24.61666666666667,-65.2155,0.4,5.912,18.475,-65.456,0.2,5.908,36.925000000000004,-64.5253,0.3,5.9,24.583333333333336,-63.999,0.5,5.916,14.790000000000001,-63.7035,0.5,5.904,14.76,-64.93,0.5,5.904,14.76,-65.9383,0.2,5.904,36.9,-68.1053,0.3,5.908,24.61666666666667,-66.65,0.4,5.912,18.475,-66.6279,0.2,5.908,36.925000000000004,-64.974,0.3,5.9,24.583333333333336,-63.7693,0.5,5.916,14.790000000000001,-64.207,0.5,5.904,14.76,-65.1497,0.5,5.904,14.76,-65.544
09-05-2025-Fri 20-20-24-PM,0.4,5.9,18.4375,-66.66,0.3,5.908,24.61666666666667,-65.2155,0.2,5.912,36.95,-65.467,0.1,5.908,73.85000000000001,-64.5253,0.2,5.9,36.875,-64.021,0.5,5.916,14.790000000000001,-63.7364,0.6,5.904,12.3,-64.952,0.5,5.908,14.77,-65.9383,0.4,5.9,18.4375,-68.1053,0.3,5.908,24.61666666666667,-66.661,0.2,5.912,36.95,-66.6609,0.1,5.908,73.85000000000001,-64.996,0.2,5.9,36.875,-63.8022,0.5,5.916,14.790000000000001,-64.24,0.6,5.904,12.3,-65.1826,0.5,5.908,14.77,-65.56
09-05-2025-Fri 20-20-26-PM,0.4,5.904,18.45,-66.693,0.2,5.912,36.95,-65.2812,0.6,5.908,12.308333333333335,-65.489,0.4,5.908,18.462500000000002,-64.5253,0.3,5.9,24.583333333333336,-64.043,0.7,5.916,10.564285714285715,-63.7693,0.4,5.904,18.45,-64.952,0.6,5.904,12.3,-65.9383,0.4,5.904,18.45,-68.1053,0.2,5.912,36.95,-66.682,0.6,5.908,12.308333333333335,-66.6609,0.4,5.908,18.462500000000002,-65.007,0.3,5.9,24.583333333333336,-63.835,0.7,5.916,10.564285714285715,-64.251,0.4,5.904,18.45,-65.1497,0.6,5.904,12.3,-65.544
09-05-2025-Fri 20-20-29-PM,0.2,5.904,36.9,-66.693,0.2,5.912,36.95,-65.2812,0.1,5.908,73.85000000000001,-65.533,0.2,5.908,36.925000000000004,-64.6567,0.8,5.904,9.225,-64.065,0.7,5.912,10.557142857142859,-63.7364,0.5,5.904,14.76,-64.963,0.3,5.904,24.6,-65.971,0.2,5.904,36.9,-68.1053,0.2,5.912,36.95,-66.682,0.1,5.908,73.85000000000001,-66.6609,0.2,5.908,36.925000000000004,-65.04,0.8,5.904,9.225,-63.8022,0.7,5.912,10.557142857142859,-64.24,0.5,5.904,14.76,-65.1826,0.3,5.904,24.6,-65.577
09-05-2025-Fri 20-20-31-PM,0.5,5.904,14.76,-66.677,0.3,5.912,24.633333333333336,-65.2484,0.2,5.916,36.975,-65.522,0.2,5.908,36.925000000000004,-64.6239,0.4,5.9,18.4375,-64.076,0.4,5.912,18.475,-63.7693,0.5,5.904,14.76,-64.985,0.6,5.904,12.3,-65.971,0.5,5.904,14.76,-68.1053,0.3,5.912,24.633333333333336,-66.682,0.2,5.916,36.975,-66.6937,0.2,5.908,36.925000000000004,-65.051,0.4,5.9,18.4375,-63.835,0.4,5.912,18.475,-64.273,0.5,5.904,14.76,-65.2155,0.6,5.904,12.3,-65.593
09-05-2025-Fri 20-21-36-PM,0.0,5.9,inf,-67.038,0.5,5.908,14.77,-65.7083,0.1,5.908,73.85000000000001,-65.851,0.1,5.904,73.8,-64.8869,0.5,5.9,14.75,-64.416,0.5,5.916,14.790000000000001,-64.1637,0.5,5.9,14.75,-65.314,0.3,5.908,24.61666666666667,-66.2994,0.0,5.9,inf,-68.368,0.5,5.908,14.77,-67.011,0.1,5.908,73.85000000000001,-66.9564,0.1,5.904,73.8,-65.347,0.5,5.9,14.75,-64.1967,0.5,5.916,14.790000000000001,-64.613,0.5,5.9,14.75,-65.4782,0.3,5.908,24.61666666666667,-65.889
09-05-2025-Fri 20-21-39-PM,0.2,5.904,36.9,-67.087,0.2,5.908,36.925000000000004,-65.8068,0.1,5.912,73.9,-65.927,0.2,5.908,36.925000000000004,-65.0183,0.2,5.9,36.875,-64.482,0.3,5.916,24.650000000000006,-64.1967,0.2,5.9,36.875,-65.358,0.2,5.904,36.9,-66.3652,0.2,5.904,36.9,-68.368,0.2,5.908,36.925000000000004,-67.044,0.1,5.912,73.9,-66.9564,0.2,5.908,36.925000000000004,-65.401,0.2,5.9,36.875,-64.2295,0.3,5.916,24.650000000000006,-64.646,0.2,5.9,36.875,-65.5112,0.2,5.904,36.9,-65.938
09-05-2025-Fri 20-21-41-PM,0.0,5.904,inf,-67.071,0.2,5.908,36.925000000000004,-65.7411,0.1,5.908,73.85000000000001,-65.905,0.1,5.908,73.85000000000001,-64.9854,0.4,5.9,18.4375,-64.482,0.5,5.916,14.790000000000001,-64.1967,0.6,5.9,12.291666666666668,-65.358,0.6,5.908,12.308333333333335,-66.3652,0.0,5.904,inf,-68.4008,0.2,5.908,36.925000000000004,-67.044,0.1,5.908,73.85000000000001,-66.9892,0.1,5.908,73.85000000000001,-65.412,0.4,5.9,18.4375,-64.2624,0.5,5.916,14.790000000000001,-64.657,0.6,5.9,12.291666666666668,-65.5112,0.6,5.908,12.308333333333335,-65.938
09-05-2025-Fri 20-21-43-PM,0.3,5.904,24.6,-67.071,0.5,5.912,14.780000000000001,-65.7411,0.1,5.912,73.9,-65.905,0.0,5.912,inf,-65.0183,0.4,5.9,18.4375,-64.482,0.4,5.916,18.4875,-64.1967,0.5,5.904,14.76,-65.358,0.3,5.908,24.61666666666667,-66.3652,0.3,5.904,24.6,-68.4008,0.5,5.912,14.780000000000001,-67.033,0.1,5.912,73.9,-66.9564,0.0,5.912,inf,-65.401,0.4,5.9,18.4375,-64.2295,0.4,5.916,18.4875,-64.646,0.5,5.904,14.76,-65.5112,0.3,5.908,24.61666666666667,-65.938
09-05-2025-Fri 20-21-46-PM,0.2,5.904,36.9,-67.12,0.3,5.908,24.61666666666667,-65.8068,-0.1,5.912,-73.9,-65.96,0.0,5.908,inf,-65.084,0.6,5.9,12.291666666666668,-64.536,0.4,5.912,18.475,-64.2295,0.4,5.904,18.45,-65.369,0.4,5.908,18.462500000000002,-66.3981,0.2,5.904,36.9,-68.4335,0.3,5.908,24.61666666666667,-67.076,-0.1,5.912,-73.9,-66.9892,0.0,5.908,inf,-65.456,0.6,5.9,12.291666666666668,-64.2953,0.4,5.912,18.475,-64.668,0.4,5.904,18.45,-65.4782,0.4,5.908,18.462500000000002,-65.938
09-05-2025-Fri 20-22-43-PM,0.4,5.904,18.45,-67.974,0.2,5.912,36.95,-66.2668,0.0,5.912,inf,-66.661,0.2,5.912,36.95,-65.7083,0.1,5.904,73.8,-65.106,0.6,5.916,12.325000000000003,-64.7554,0.5,5.9,14.75,-66.026,0.5,5.904,14.76,-66.9236,0.4,5.904,18.45,-69.6804,0.2,5.912,36.95,-67.985,0.0,5.912,inf,-68.0069,0.2,5.912,36.95,-66.19,0.1,5.904,73.8,-64.854,0.6,5.916,12.325000000000003,-65.336,0.5,5.9,14.75,-66.3981,0.5,5.904,14.76,-66.661
09-05-2025-Fri 20-22-45-PM,0.3,5.904,24.6,-68.023,0.1,5.912,73.9,-66.2994,0.1,5.912,73.9,-66.726,-0.1,5.908,-73.85000000000001,-65.8068,0.1,5.9,73.75,-65.161,0.5,5.916,14.790000000000001,-64.821,0.3,5.9,24.583333333333336,-66.091,0.6,5.908,12.308333333333335,-67.0221,0.3,5.904,24.6,-69.7459,0.1,5.912,73.9,-68.039,0.1,5.912,73.9,-68.0726,-0.1,5.908,-73.85000000000001,-66.244,0.1,5.9,73.75,-64.854,0.5,5.916,14.790000000000001,-65.369,0.3,5.9,24.583333333333336,-66.4309,0.6,5.908,12.308333333333335,-66.726
09-05-2025-Fri 20-22-48-PM,0.3,5.904,24.6,-68.088,0.2,5.908,36.925000000000004,-66.3652,-0.1,5.912,-73.9,-66.77,0.1,5.908,73.85000000000001,-65.8397,0.4,5.9,18.4375,-65.204,0.7,5.916,10.564285714285715,-64.854,0.2,5.904,36.9,-66.135,0.2,5.908,36.925000000000004,-67.0549,0.3,5.904,24.6,-69.8116,0.2,5.908,36.925000000000004,-68.094,-0.1,5.912,-73.9,-68.1053,0.1,5.908,73.85000000000001,-66.288,0.4,5.9,18.4375,-64.9197,0.7,5.916,10.564285714285715,-65.423,0.2,5.904,36.9,-66.4967,0.2,5.908,36.925000000000004,-66.776
09-05-2025-Fri 20-22-50-PM,-0.1,5.904,-73.8,-68.17,0.3,5.908,24.61666666666667,-66.4309,-0.1,5.912,-73.9,-66.825,-0.1,5.908,-73.85000000000001,-65.8726,0.3,5.9,24.583333333333336,-65.237,0.5,5.912,14.780000000000001,-64.8869,0.5,5.904,14.76,-66.168,0.5,5.908,14.77,-67.0877,-0.1,5.904,-73.8,-69.9099,0.3,5.908,24.61666666666667,-68.171,-0.1,5.912,-73.9,-68.1711,-0.1,5.908,-73.85000000000001,-66.332,0.3,5.9,24.583333333333336,-64.9526,0.5,5.912,14.780000000000001,-65.456,0.5,5.904,14.76,-66.5295,0.5,5.908,14.77,-66.809
09-05-2025-Fri 20-22-52-PM,0.0,5.9,inf,-68.203,-0.2,5.912,-36.95,-66.4309,0.2,5.908,36.925000000000004,-66.869,0.3,5.912,24.633333333333336,-65.971,0.4,5.9,18.4375,-65.281,0.4,5.92,18.5,-64.9197,0.6,5.908,12.308333333333335,-66.212,0.1,5.908,73.85000000000001,-67.1205,0.0,5.9,inf,-69.9756,-0.2,5.912,-36.95,-68.203,0.2,5.908,36.925000000000004,-68.2039,0.3,5.912,24.633333333333336,-66.376,0.4,5.9,18.4375,-64.9526,0.4,5.92,18.5,-65.489,0.6,5.908,12.308333333333335,-66.5952,0.1,5.908,73.85000000000001,-66.858
09-05-2025-Fri 20-23-09-PM,0.1,5.904,73.8,-68.564,0.3,5.912,24.633333333333336,-66.7265,0.0,5.912,inf,-67.131,0.1,5.908,73.85000000000001,-66.1353,0.3,5.904,24.6,-65.5,0.3,5.916,24.650000000000006,-65.1497,0.3,5.9,24.583333333333336,-66.464,0.4,5.908,18.462500000000002,-67.3504,0.1,5.904,73.8,-70.4019,0.3,5.912,24.633333333333336,-68.554,0.0,5.912,inf,-68.5321,0.1,5.908,73.85000000000001,-66.628,0.3,5.904,24.6,-65.2155,0.3,5.916,24.650000000000006,-65.752,0.3,5.9,24.583333333333336,-66.8907,0.4,5.908,18.462500000000002,-67.121
09-05-2025-Fri 20-23-11-PM,0.3,5.904,24.6,-68.597,0.0,5.912,inf,-66.7265,-0.1,5.912,-73.9,-67.175,-0.1,5.912,-73.9,-66.2339,0.4,5.904,18.45,-65.555,0.5,5.916,14.790000000000001,-65.1826,0.1,5.9,73.75,-66.507,0.5,5.908,14.77,-67.4161,0.3,5.904,24.6,-70.4675,0.0,5.912,inf,-68.586,-0.1,5.912,-73.9,-68.5649,-0.1,5.912,-73.9,-66.682,0.4,5.904,18.45,-65.2484,0.5,5.916,14.790000000000001,-65.785,0.1,5.9,73.75,-66.9236,0.5,5.908,14.77,-67.17
09-05-2025-Fri 20-23-13-PM,0.3,5.904,24.6,-68.63,0.1,5.912,73.9,-66.7265,0.1,5.912,73.9,-67.197,0.1,5.908,73.85000000000001,-66.2668,0.2,5.904,36.9,-65.588,0.4,5.916,18.4875,-65.2155,0.4,5.904,18.45,-66.54,0.5,5.908,14.77,-67.4488,0.3,5.904,24.6,-70.5331,0.1,5.912,73.9,-68.619,0.1,5.912,73.9,-68.5977,0.1,5.908,73.85000000000001,-66.715,0.2,5.904,36.9,-65.2812,0.4,5.916,18.4875,-65.818,0.4,5.904,18.45,-66.9564,0.5,5.908,14.77,-67.203
09-05-2025-Fri 20-23-16-PM,-0.1,5.9,-73.75,-68.646,0.4,5.908,18.462500000000002,-66.7265,0.0,5.912,inf,-67.23,0.2,5.912,36.95,-66.2994,0.2,5.904,36.9,-65.621,0.2,5.916,36.975,-65.2484,0.4,5.904,18.45,-66.562,0.5,5.908,14.77,-67.4817,-0.1,5.9,-73.75,-70.5659,0.4,5.908,18.462500000000002,-68.652,0.0,5.912,inf,-68.6634,0.2,5.912,36.95,-66.759,0.2,5.904,36.9,-65.3139,0.2,5.916,36.975,-65.84,0.4,5.904,18.45,-66.9564,0.5,5.908,14.77,-67.219
09-05-2025-Fri 20-23-18-PM,0.5,5.904,14.76,-68.728,0.0,5.908,inf,-66.8579,0.2,5.912,36.95,-67.263,0.0,5.908,inf,-66.2339,0.4,5.9,18.4375,-65.61,0.5,5.916,14.790000000000001,-65.2812,0.6,5.904,12.3,-66.606,0.4,5.908,18.462500000000002,-67.5146,0.5,5.904,14.76,-70.5987,0.0,5.908,inf,-68.718,0.2,5.912,36.95,-68.6961,0.0,5.908,inf,-66.748,0.4,5.9,18.4375,-65.3139,0.5,5.916,14.790000000000001,-65.872,0.6,5.904,12.3,-67.0221,0.4,5.908,18.462500000000002,-67.268
09-05-2025-Fri 20-23-20-PM,0.0,5.904,inf,-68.761,0.2,5.912,36.95,-66.8579,0.3,5.912,24.633333333333336,-67.306,-0.1,5.912,-73.9,-66.3324,0.4,5.904,18.45,-65.653,0.3,5.916,24.650000000000006,-65.2812,0.4,5.904,18.45,-66.617,0.4,5.908,18.462500000000002,-67.5146,0.0,5.904,inf,-70.6643,0.2,5.912,36.95,-68.75,0.3,5.912,24.633333333333336,-68.729,-0.1,5.912,-73.9,-66.803,0.4,5.904,18.45,-65.3468,0.3,5.916,24.650000000000006,-65.894,0.4,5.904,18.45,-67.0549,0.4,5.908,18.462500000000002,-67.285
09-05-2025-Fri 20-23-23-PM,0.4,5.904,18.45,-68.794,0.4,5.912,18.475,-66.8579,0.1,5.912,73.9,-67.35,0.2,5.908,36.925000000000004,-66.3981,0.2,5.9,36.875,-65.697,0.4,5.912,18.475,-65.3139,0.4,5.9,18.4375,-66.672,0.3,5.908,24.61666666666667,-67.5802,0.4,5.904,18.45,-70.7298,0.4,5.912,18.475,-68.794,0.1,5.912,73.9,-68.7946,0.2,5.908,36.925000000000004,-66.857,0.2,5.9,36.875,-65.3797,0.4,5.912,18.475,-65.938,0.4,5.9,18.4375,-67.1205,0.3,5.908,24.61666666666667,-67.35
09-05-2025-Fri 20-24-13-PM,0.2,5.904,36.9,-69.434,0.2,5.908,36.925000000000004,-67.4817,0.3,5.912,24.633333333333336,-67.941,0.2,5.908,36.925000000000004,-66.9564,0.4,5.904,18.45,-66.245,0.5,5.912,14.780000000000001,-65.8726,0.3,5.904,24.6,-67.263,0.3,5.908,24.61666666666667,-68.2368,0.2,5.904,36.9,-71.3854,0.2,5.908,36.925000000000004,-69.417,0.3,5.912,24.633333333333336,-69.3851,0.2,5.908,36.925000000000004,-67.416,0.4,5.904,18.45,-65.9054,0.5,5.912,14.780000000000001,-66.486,0.3,5.904,24.6,-67.6787,0.3,5.908,24.61666666666667,-67.958
09-05-2025-Fri 20-24-15-PM,0.3,5.904,24.6,-69.401,0.2,5.912,36.95,-67.4161,0.0,5.912,inf,-67.941,0.0,5.904,inf,-67.0221,0.4,5.904,18.45,-66.3,0.5,5.916,14.790000000000001,-65.9383,0.4,5.9,18.4375,-67.306,0.2,5.908,36.925000000000004,-68.2695,0.3,5.904,24.6,-71.3854,0.2,5.912,36.95,-69.396,0.0,5.912,inf,-69.3851,0.0,5.904,inf,-67.448,0.4,5.904,18.45,-65.9383,0.5,5.916,14.790000000000001,-66.529,0.4,5.9,18.4375,-67.7115,0.2,5.908,36.925000000000004,-67.99
09-05-2025-Fri 20-24-17-PM,0.0,5.904,inf,-69.499,0.0,5.908,inf,-67.5802,0.0,5.912,inf,-68.018,0.2,5.908,36.925000000000004,-67.0549,0.3,5.9,24.583333333333336,-66.321,0.3,5.912,24.633333333333336,-65.9383,0.3,5.9,24.583333333333336,-67.306,0.3,5.908,24.61666666666667,-68.2695,0.0,5.904,inf,-71.4183,0.0,5.908,inf,-69.472,0.0,5.912,inf,-69.4179,0.2,5.908,36.925000000000004,-67.481,0.3,5.9,24.583333333333336,-65.971,0.3,5.912,24.633333333333336,-66.54,0.3,5.9,24.583333333333336,-67.7115,0.3,5.908,24.61666666666667,-67.99
09-05-2025-Fri 20-24-20-PM,-0.1,5.904,-73.8,-69.483,0.0,5.908,inf,-67.5474,0.0,5.912,inf,-67.996,0.2,5.908,36.925000000000004,-66.9892,0.1,5.9,73.75,-66.31,0.4,5.916,18.4875,-65.971,0.2,5.9,36.875,-67.339,0.3,5.904,24.6,-68.3023,-0.1,5.904,-73.8,-71.4183,0.0,5.908,inf,-69.472,0.0,5.912,inf,-69.4508,0.2,5.908,36.925000000000004,-67.47,0.1,5.9,73.75,-65.971,0.4,5.916,18.4875,-66.562,0.2,5.9,36.875,-67.7444,0.3,5.904,24.6,-68.023
09-05-2025-Fri 20-24-22-PM,0.0,5.904,inf,-69.466,0.2,5.908,36.925000000000004,-67.4817,0.0,5.908,inf,-67.996,0.1,5.904,73.8,-67.0549,0.0,5.9,inf,-66.343,0.5,5.916,14.790000000000001,-66.0039,0.2,5.9,36.875,-67.372,0.2,5.908,36.925000000000004,-68.3351,0.0,5.904,inf,-71.4511,0.2,5.908,36.925000000000004,-69.461,0.0,5.908,inf,-69.4508,0.1,5.904,73.8,-67.492,0.0,5.9,inf,-65.971,0.5,5.916,14.790000000000001,-66.584,0.2,5.9,36.875,-67.7771,0.2,5.908,36.925000000000004,-68.056
09-05-2025-Fri 20-24-24-PM,0.2,5.904,36.9,-69.532,0.0,5.912,inf,-67.5802,0.1,5.912,73.9,-68.04,0.0,5.912,inf,-67.0549,0.5,5.904,14.76,-66.365,0.2,5.912,36.95,-66.0039,0.1,5.904,73.8,-67.372,0.2,5.904,36.9,-68.3351,0.2,5.904,36.9,-71.4839,0.0,5.912,inf,-69.516,0.1,5.912,73.9,-69.4836,0.0,5.912,inf,-67.525,0.5,5.904,14.76,-66.0368,0.2,5.912,36.95,-66.606,0.1,5.904,73.8,-67.7771,0.2,5.904,36.9,-68.056
09-05-2025-Fri 20-24-27-PM,0.3,5.9,24.583333333333336,-69.598,0.1,5.912,73.9,-67.6787,-0.1,5.908,-73.85000000000001,-68.116,0.0,5.908,inf,-67.1534,0.2,5.9,36.875,-66.409,0.5,5.916,14.790000000000001,-66.0368,0.0,5.904,inf,-67.416,0.4,5.908,18.462500000000002,-68.4008,0.3,5.9,24.583333333333336,-71.5167,0.1,5.912,73.9,-69.571,-0.1,5.908,-73.85000000000001,-69.5164,0.0,5.908,inf,-67.569,0.2,5.9,36.875,-66.0368,0.5,5.916,14.790000000000001,-66.628,0.0,5.904,inf,-67.81,0.4,5.908,18.462500000000002,-68.105
09-05-2025-Fri 20-24-29-PM,0.1,5.904,73.8,-69.581,0.3,5.912,24.633333333333336,-67.6459,0.0,5.912,inf,-68.116,0.1,5.908,73.85000000000001,-67.1534,0.3,5.904,24.6,-66.42,0.3,5.916,24.650000000000006,-66.0368,0.3,5.904,24.6,-67.438,0.5,5.908,14.77,-68.4335,0.1,5.904,73.8,-71.5167,0.3,5.912,24.633333333333336,-69.571,0.0,5.912,inf,-69.5492,0.1,5.908,73.85000000000001,-67.591,0.3,5.904,24.6,-66.0696,0.3,5.916,24.650000000000006,-66.65,0.3,5.904,24.6,-67.8428,0.5,5.908,14.77,-68.138
09-05-2025-Fri 20-25-38-PM,0.3,5.904,24.6,-70.319,0.2,5.916,36.975,-68.4664,0.0,5.912,inf,-68.816,0.1,5.912,73.9,-67.81,0.3,5.904,24.6,-67.077,0.5,5.916,14.790000000000001,-66.7265,0.4,5.904,18.45,-68.116,0.3,5.908,24.61666666666667,-69.1555,0.3,5.904,24.6,-72.1721,0.2,5.916,36.975,-70.27,0.0,5.912,inf,-70.1724,0.1,5.912,73.9,-68.225,0.3,5.904,24.6,-66.6937,0.5,5.916,14.790000000000001,-67.296,0.4,5.904,18.45,-68.4664,0.3,5.908,24.61666666666667,-68.811
09-05-2025-Fri 20-25-41-PM,0.0,5.904,inf,-70.352,0.2,5.912,36.95,-68.4992,-0.1,5.912,-73.9,-68.838,0.2,5.908,36.925000000000004,-67.8428,0.3,5.904,24.6,-67.099,0.2,5.916,36.975,-66.7593,0.5,5.904,14.76,-68.138,0.3,5.908,24.61666666666667,-69.1555,0.0,5.904,inf,-72.2048,0.2,5.912,36.95,-70.292,-0.1,5.912,-73.9,-70.1724,0.2,5.908,36.925000000000004,-68.236,0.3,5.904,24.6,-66.6937,0.2,5.916,36.975,-67.317,0.5,5.904,14.76,-68.4992,0.3,5.908,24.61666666666667,-68.827
09-05-2025-Fri 20-25-43-PM,0.2,5.904,36.9,-70.352,0.2,5.912,36.95,-68.4992,0.1,5.912,73.9,-68.871,0.0,5.912,inf,-67.9085,0.1,5.9,73.75,-67.12,0.3,5.916,24.650000000000006,-66.7593,0.5,5.904,14.76,-68.16,0.3,5.908,24.61666666666667,-69.2211,0.2,5.904,36.9,-72.2048,0.2,5.912,36.95,-70.303,0.1,5.912,73.9,-70.2052,0.0,5.912,inf,-68.269,0.1,5.9,73.75,-66.6937,0.3,5.916,24.650000000000006,-67.317,0.5,5.904,14.76,-68.4992,0.3,5.908,24.61666666666667,-68.86
09-05-2025-Fri 20-27-10-PM,0.0,5.908,inf,-71.057,0.0,5.916,inf,-69.2868,0.2,5.916,36.975,-69.604,0.0,5.916,inf,-68.6634,0.2,5.904,36.9,-67.876,0.2,5.92,37.0,-67.5474,0.2,5.908,36.925000000000004,-68.904,0.2,5.908,36.925000000000004,-70.0412,0.0,5.908,inf,-72.8274,0.0,5.916,inf,-70.992,0.2,5.916,36.975,-70.861,0.0,5.916,inf,-68.98,0.2,5.904,36.9,-67.4161,0.2,5.92,37.0,-68.029,0.2,5.908,36.925000000000004,-69.1227,0.2,5.908,36.925000000000004,-69.582
09-05-2025-Fri 20-27-12-PM,0.0,5.908,inf,-71.106,0.1,5.912,73.9,-69.3523,0.0,5.916,inf,-69.636,0.0,5.916,inf,-68.6961,0.2,5.908,36.925000000000004,-67.897,0.2,5.92,37.0,-67.5802,0.5,5.908,14.77,-68.947,0.3,5.912,24.633333333333336,-70.0739,0.0,5.908,inf,-72.8601,0.1,5.912,73.9,-71.024,0.0,5.916,inf,-70.861,0.0,5.916,inf,-68.991,0.2,5.908,36.925000000000004,-67.4161,0.2,5.92,37.0,-68.062,0.5,5.908,14.77,-69.1883,0.3,5.912,24.633333333333336,-69.631
09-05-2025-Fri 20-27-15-PM,0.4,5.904,18.45,-71.139,0.2,5.916,36.975,-69.3851,0.1,5.916,73.95,-69.647,0.0,5.912,inf,-68.6634,0.2,5.908,36.925000000000004,-67.908,0.3,5.92,24.66666666666667,-67.613,0.4,5.908,18.462500000000002,-68.958,0.4,5.912,18.475,-70.0739,0.4,5.904,18.45,-72.893,0.2,5.916,36.975,-71.057,0.1,5.916,73.95,-70.8937,0.0,5.912,inf,-69.002,0.2,5.908,36.925000000000004,-67.4488,0.3,5.92,24.66666666666667,-68.083,0.4,5.908,18.462500000000002,-69.1883,0.4,5.912,18.475,-69.631
09-05-2025-Fri 20-27-17-PM,0.2,5.908,36.925000000000004,-71.139,0.2,5.916,36.975,-69.3851,0.2,5.916,36.975,-69.669,0.1,5.912,73.9,-68.6961,0.2,5.908,36.925000000000004,-67.93,0.4,5.92,18.5,-67.613,0.2,5.908,36.925000000000004,-68.969,0.3,5.912,24.633333333333336,-70.1068,0.2,5.908,36.925000000000004,-72.893,0.2,5.916,36.975,-71.068,0.2,5.916,36.975,-70.9266,0.1,5.912,73.9,-69.035,0.2,5.908,36.925000000000004,-67.4817,0.4,5.92,18.5,-68.094,0.2,5.908,36.925000000000004,-69.1883,0.3,5.912,24.633333333333336,-69.648
09-05-2025-Fri 20-27-20-PM,0.1,5.908,73.85000000000001,-71.155,0.0,5.916,inf,-69.4179,-0.1,5.912,-73.9,-69.702,0.0,5.912,inf,-68.7617,0.2,5.908,36.925000000000004,-67.974,0.1,5.92,74.0,-67.6459,0.1,5.904,73.8,-68.991,0.2,5.912,36.95,-70.1068,0.1,5.908,73.85000000000001,-72.893,0.0,5.916,inf,-71.079,-0.1,5.912,-73.9,-70.9266,0.0,5.912,inf,-69.068,0.2,5.908,36.925000000000004,-67.5146,0.1,5.92,74.0,-68.127,0.1,5.904,73.8,-69.2211,0.2,5.912,36.95,-69.664
09-05-2025-Fri 20-29-17-PM,0.1,5.908,73.85000000000001,-71.926,0.2,5.916,36.975,-70.3691,0.0,5.916,inf,-70.511,0.3,5.916,24.650000000000006,-69.5819,0.0,5.908,inf,-68.816,0.2,5.92,37.0,-68.5321,0.2,5.904,36.9,-69.8,0.4,5.912,18.475,-70.9594,0.1,5.908,73.85000000000001,-73.4826,0.2,5.916,36.975,-71.811,0.0,5.916,inf,-71.5822,0.3,5.916,24.650000000000006,-69.833,0.0,5.908,inf,-68.3351,0.2,5.92,37.0,-68.926,0.2,5.904,36.9,-69.9099,0.4,5.912,18.475,-70.435
09-05-2025-Fri 20-29-19-PM,0.4,5.904,18.45,-71.942,0.3,5.916,24.650000000000006,-70.4019,0.0,5.916,inf,-70.533,0.0,5.912,inf,-69.5819,0.1,5.908,73.85000000000001,-68.838,0.2,5.916,36.975,-68.5649,0.3,5.908,24.61666666666667,-69.822,0.0,5.912,inf,-70.9922,0.4,5.904,18.45,-73.4826,0.3,5.916,24.650000000000006,-71.833,0.0,5.916,inf,-71.615,0.0,5.912,inf,-69.855,0.1,5.908,73.85000000000001,-68.368,0.2,5.916,36.975,-68.948,0.3,5.908,24.61666666666667,-69.9099,0.0,5.912,inf,-70.451
09-05-2025-Fri 20-29-22-PM,0.1,5.908,73.85000000000001,-71.942,0.1,5.912,73.9,-70.4019,0.1,5.912,73.9,-70.544,0.0,5.912,inf,-69.5819,0.3,5.908,24.61666666666667,-68.849,0.2,5.92,37.0,-68.5977,0.3,5.904,24.6,-69.844,0.3,5.912,24.633333333333336,-70.9922,0.1,5.908,73.85000000000001,-73.4826,0.1,5.912,73.9,-71.844,0.1,5.912,73.9,-71.6478,0.0,5.912,inf,-69.866,0.3,5.908,24.61666666666667,-68.368,0.2,5.92,37.0,-68.97,0.3,5.904,24.6,-69.9429,0.3,5.912,24.633333333333336,-70.468
09-05-2025-Fri 20-29-24-PM,0.2,5.908,36.925000000000004,-71.942,0.0,5.912,inf,-70.3691,0.0,5.916,inf,-70.555,0.0,5.912,inf,-69.6476,0.3,5.908,24.61666666666667,-68.882,0.1,5.92,74.0,-68.5977,0.2,5.908,36.925000000000004,-69.844,0.2,5.912,36.95,-71.0249,0.2,5.908,36.925000000000004,-73.5153,0.0,5.912,inf,-71.844,0.0,5.916,inf,-71.6478,0.0,5.912,inf,-69.899,0.3,5.908,24.61666666666667,-68.4008,0.1,5.92,74.0,-68.969,0.2,5.908,36.925000000000004,-69.9099,0.2,5.912,36.95,-70.467
09-05-2025-Fri 20-29-45-PM,0.2,5.908,36.925000000000004,-72.073,0.0,5.912,inf,-70.5331,0.0,5.916,inf,-70.675,0.2,5.912,36.95,-69.7459,0.1,5.908,73.85000000000001,-69.013,0.4,5.916,18.4875,-68.7617,0.2,5.904,36.9,-69.975,0.2,5.912,36.95,-71.1233,0.2,5.908,36.925000000000004,-73.6136,0.0,5.912,inf,-71.964,0.0,5.916,inf,-71.7461,0.2,5.912,36.95,-70.008,0.1,5.908,73.85000000000001,-68.5321,0.4,5.916,18.4875,-69.112,0.2,5.904,36.9,-70.0412,0.2,5.912,36.95,-70.582
09-05-2025-Fri 20-29-48-PM,-0.1,5.908,-73.85000000000001,-72.057,0.0,5.916,inf,-70.5003,0.0,5.916,inf,-70.697,0.2,5.916,36.975,-69.8116,0.1,5.904,73.8,-69.046,0.3,5.916,24.650000000000006,-68.7617,0.3,5.904,24.6,-69.997,0.2,5.908,36.925000000000004,-71.1561,-0.1,5.908,-73.85000000000001,-73.6136,0.0,5.916,inf,-71.964,0.0,5.916,inf,-71.7789,0.2,5.916,36.975,-70.052,0.1,5.904,73.8,-68.5649,0.3,5.916,24.650000000000006,-69.134,0.3,5.904,24.6,-70.0739,0.2,5.908,36.925000000000004,-70.615
09-05-2025-Fri 20-29-50-PM,0.3,5.908,24.61666666666667,-72.073,0.3,5.916,24.650000000000006,-70.5331,0.0,5.912,inf,-70.708,-0.1,5.912,-73.9,-69.8116,0.3,5.904,24.6,-69.046,0.3,5.92,24.66666666666667,-68.7617,0.3,5.908,24.61666666666667,-70.019,0.2,5.912,36.95,-71.1888,0.3,5.908,24.61666666666667,-73.6136,0.3,5.916,24.650000000000006,-71.975,0.0,5.912,inf,-71.7789,-0.1,5.912,-73.9,-70.052,0.3,5.904,24.6,-68.5649,0.3,5.92,24.66666666666667,-69.144,0.3,5.908,24.61666666666667,-70.1068,0.2,5.912,36.95,-70.648
09-05-2025-Fri 20-30-35-PM,0.3,5.904,24.6,-72.286,0.1,5.912,73.9,-70.8282,0.0,5.912,inf,-70.948,0.3,5.912,24.633333333333336,-70.0412,0.3,5.904,24.6,-69.32,0.5,5.92,14.8,-69.0571,0.4,5.908,18.462500000000002,-70.26,0.1,5.912,73.9,-71.4183,0.3,5.904,24.6,-73.7446,0.1,5.912,73.9,-72.183,0.0,5.912,inf,-71.9755,0.3,5.912,24.633333333333336,-70.292,0.3,5.904,24.6,-68.8603,0.5,5.92,14.8,-69.407,0.4,5.908,18.462500000000002,-70.3036,0.1,5.912,73.9,-70.861
09-05-2025-Fri 20-30-37-PM,0.0,5.904,inf,-72.319,0.2,5.912,36.95,-70.861,0.0,5.916,inf,-70.97,0.4,5.916,18.4875,-70.0739,0.0,5.908,inf,-69.352,0.1,5.916,73.95,-69.0898,0.1,5.904,73.8,-70.292,0.1,5.912,73.9,-71.4511,0.0,5.904,inf,-73.7773,0.2,5.912,36.95,-72.205,0.0,5.916,inf,-71.9755,0.4,5.916,18.4875,-70.314,0.0,5.908,inf,-68.893,0.1,5.916,73.95,-69.44,0.1,5.904,73.8,-70.3364,0.1,5.912,73.9,-70.894
09-05-2025-Fri 20-30-40-PM,0.1,5.908,73.85000000000001,-72.352,0.0,5.912,inf,-70.9266,0.0,5.916,inf,-71.014,-0.1,5.912,-73.9,-70.1068,0.2,5.904,36.9,-69.363,0.2,5.92,37.0,-69.0898,0.1,5.904,73.8,-70.292,0.2,5.908,36.925000000000004,-71.4511,0.1,5.908,73.85000000000001,-73.7773,0.0,5.912,inf,-72.237,0.0,5.916,inf,-72.0083,-0.1,5.912,-73.9,-70.336,0.2,5.904,36.9,-68.893,0.2,5.92,37.0,-69.44,0.1,5.904,73.8,-70.3364,0.2,5.908,36.925000000000004,-70.894
09-05-2025-Fri 20-30-42-PM,0.1,5.908,73.85000000000001,-72.368,0.1,5.912,73.9,-70.9594,-0.2,5.916,-36.975,-71.014,-0.1,5.912,-73.9,-70.1068,0.2,5.904,36.9,-69.374,0.2,5.92,37.0,-69.1227,0.3,5.904,24.6,-70.325,0.3,5.908,24.61666666666667,-71.4839,0.1,5.908,73.85000000000001,-73.7773,0.1,5.912,73.9,-72.237,-0.2,5.916,-36.975,-71.9755,-0.1,5.912,-73.9,-70.325,0.2,5.904,36.9,-68.893,0.2,5.92,37.0,-69.462,0.3,5.904,24.6,-70.3691,0.3,5.908,24.61666666666667,-70.926
09-05-2025-Fri 20-33-06-PM,0.3,5.908,24.61666666666667,-73.433,-0.1,5.916,-73.95,-71.8444,0.0,5.916,inf,-72.096,0.1,5.912,73.9,-71.2544,-0.1,5.904,-73.8,-70.467,0.1,5.92,74.0,-70.1396,0.0,5.904,inf,-71.364,0.3,5.912,24.633333333333336,-72.4015,0.3,5.908,24.61666666666667,-75.0214,-0.1,5.916,-73.95,-73.351,0.0,5.916,inf,-73.1877,0.1,5.912,73.9,-71.484,-0.1,5.904,-73.8,-70.0084,0.1,5.92,74.0,-70.566,0.0,5.904,inf,-71.5494,0.3,5.912,24.633333333333336,-71.975
09-05-2025-Fri 20-33-08-PM,0.1,5.904,73.8,-73.498,0.0,5.916,inf,-71.91,-0.1,5.916,-73.95,-72.139,-0.1,5.916,-73.95,-71.2544,0.0,5.904,inf,-70.489,0.2,5.92,37.0,-70.2052,0.3,5.908,24.61666666666667,-71.418,0.2,5.912,36.95,-72.4343,0.1,5.904,73.8,-75.0869,0.0,5.916,inf,-73.417,-0.1,5.916,-73.95,-73.2533,-0.1,5.916,-73.95,-71.505,0.0,5.904,inf,-70.0084,0.2,5.92,37.0,-70.61,0.3,5.908,24.61666666666667,-71.615,0.2,5.912,36.95,-72.025
09-05-2025-Fri 20-33-53-PM,0.0,5.908,inf,-74.17,-0.1,5.916,-73.95,-72.4343,-0.1,5.916,-73.95,-72.74,0.0,5.908,inf,-71.8771,-0.1,5.904,-73.8,-71.079,0.2,5.916,36.975,-70.7626,0.0,5.904,inf,-72.041,0.3,5.908,24.61666666666667,-73.0239,0.0,5.908,inf,-75.9051,-0.1,5.916,-73.95,-74.083,-0.1,5.916,-73.95,-73.9084,0.0,5.908,inf,-72.128,-0.1,5.904,-73.8,-70.5987,0.2,5.916,36.975,-71.232,0.0,5.904,inf,-72.336,0.3,5.908,24.61666666666667,-72.68
09-05-2025-Fri 20-33-56-PM,0.1,5.904,73.8,-74.219,0.1,5.912,73.9,-72.5325,0.0,5.916,inf,-72.784,0.1,5.916,73.95,-71.8444,0.2,5.904,36.9,-71.08,0.1,5.92,74.0,-70.7626,0.1,5.904,73.8,-72.052,0.4,5.912,18.475,-73.0567,0.1,5.904,73.8,-75.9051,0.1,5.912,73.9,-74.137,0.0,5.916,inf,-73.9738,0.1,5.916,73.95,-72.15,0.2,5.904,36.9,-70.6315,0.1,5.92,74.0,-71.243,0.1,5.904,73.8,-72.336,0.4,5.912,18.475,-72.696
09-05-2025-Fri 20-33-58-PM,0.1,5.904,73.8,-74.219,-0.2,5.912,-36.95,-72.467,-0.3,5.912,-24.633333333333336,-72.784,0.1,5.912,73.9,-71.8771,0.1,5.904,73.8,-71.112,0.2,5.916,36.975,-70.7954,0.2,5.908,36.925000000000004,-72.095,0.0,5.912,inf,-73.0895,0.1,5.904,73.8,-75.9704,-0.2,5.912,-36.95,-74.148,-0.3,5.912,-24.633333333333336,-74.0064,0.1,5.912,73.9,-72.183,0.1,5.904,73.8,-70.6643,0.2,5.916,36.975,-71.287,0.2,5.908,36.925000000000004,-72.4015,0.0,5.912,inf,-72.746
09-05-2025-Fri 20-34-00-PM,0.3,5.904,24.6,-74.268,0.3,5.912,24.633333333333336,-72.5325,0.0,5.912,inf,-72.838,0.0,5.908,inf,-71.9427,0.1,5.904,73.8,-71.167,0.3,5.92,24.66666666666667,-70.861,0.1,5.908,73.85000000000001,-72.128,0.3,5.908,24.61666666666667,-73.1223,0.3,5.904,24.6,-76.0032,0.3,5.912,24.633333333333336,-74.192,0.0,5.912,inf,-74.0393,0.0,5.908,inf,-72.226,0.1,5.904,73.8,-70.697,0.3,5.92,24.66666666666667,-71.32,0.1,5.908,73.85000000000001,-72.4015,0.3,5.908,24.61666666666667,-72.762
09-05-2025-Fri 20-34-03-PM,0.0,5.908,inf,-74.317,-0.2,5.916,-36.975,-72.5981,-0.1,5.912,-73.9,-72.838,-0.2,5.912,-36.95,-71.8771,0.2,5.904,36.9,-71.156,0.2,5.92,37.0,-70.861,0.1,5.904,73.8,-72.15,0.1,5.912,73.9,-73.155,0.0,5.908,inf,-76.0359,-0.2,5.916,-36.975,-74.224,-0.1,5.912,-73.9,-74.0393,-0.2,5.912,-36.95,-72.215,0.2,5.904,36.9,-70.7298,0.2,5.92,37.0,-71.342,0.1,5.904,73.8,-72.4343,0.1,5.912,73.9,-72.795
09-05-2025-Fri 20-35-36-PM,-0.1,5.908,-73.85000000000001,-75.315,0.1,5.916,73.95,-73.5481,0.3,5.916,24.650000000000006,-73.886,0.1,5.912,73.9,-72.9912,0.0,5.904,inf,-72.194,0.2,5.916,36.975,-71.8771,-0.2,5.904,-36.9,-73.231,0.4,5.912,18.475,-74.2357,-0.1,5.908,-73.85000000000001,-77.0827,0.1,5.916,73.95,-75.25,0.3,5.916,24.650000000000006,-75.1196,0.1,5.912,73.9,-73.275,0.0,5.904,inf,-71.7132,0.2,5.916,36.975,-72.39,-0.2,5.904,-36.9,-73.5808,0.4,5.912,18.475,-73.908
09-05-2025-Fri 20-35-38-PM,0.4,5.908,18.462500000000002,-75.364,0.0,5.912,inf,-73.6463,0.2,5.912,36.95,-73.919,0.0,5.916,inf,-72.9912,0.1,5.908,73.85000000000001,-72.205,0.1,5.92,74.0,-71.91,0.1,5.908,73.85000000000001,-73.253,0.1,5.912,73.9,-74.2685,0.4,5.908,18.462500000000002,-77.0827,0.0,5.912,inf,-75.283,0.2,5.912,36.95,-75.1196,0.0,5.916,inf,-73.275,0.1,5.908,73.85000000000001,-71.7132,0.1,5.92,74.0,-72.401,0.1,5.908,73.85000000000001,-73.5808,0.1,5.912,73.9,-73.925
09-05-2025-Fri 20-35-41-PM,0.1,5.908,73.85000000000001,-75.381,-0.2,5.912,-36.95,-73.6463,-0.1,5.916,-73.95,-73.919,0.1,5.916,73.95,-72.9585,-0.2,5.908,-36.925000000000004,-72.205,0.1,5.92,74.0,-71.91,0.0,5.904,inf,-73.275,0.2,5.912,36.95,-74.3012,0.1,5.908,73.85000000000001,-77.1153,-0.2,5.912,-36.95,-75.305,-0.1,5.916,-73.95,-75.1523,0.1,5.916,73.95,-73.286,-0.2,5.908,-36.925000000000004,-71.7461,0.1,5.92,74.0,-72.423,0.0,5.904,inf,-73.6136,0.2,5.912,36.95,-73.957
09-05-2025-Fri 20-35-43-PM,0.2,5.908,36.925000000000004,-75.397,-0.1,5.912,-73.9,-73.6463,0.0,5.916,inf,-73.952,0.3,5.912,24.633333333333336,-73.0239,0.2,5.904,36.9,-72.248,0.2,5.92,37.0,-71.9427,-0.2,5.908,-36.925000000000004,-73.297,0.0,5.912,inf,-74.3012,0.2,5.908,36.925000000000004,-77.1481,-0.1,5.912,-73.9,-75.326,0.0,5.916,inf,-75.1851,0.3,5.912,24.633333333333336,-73.329,0.2,5.904,36.9,-71.7789,0.2,5.92,37.0,-72.456,-0.2,5.908,-36.925000000000004,-73.6463,0.0,5.912,inf,-73.974
09-05-2025-Fri 20-35-45-PM,0.0,5.908,inf,-75.397,-0.1,5.912,-73.9,-73.6463,0.2,5.916,36.975,-73.985,0.3,5.912,24.633333333333336,-73.0895,0.1,5.908,73.85000000000001,-72.292,0.1,5.916,73.95,-71.9755,0.1,5.904,73.8,-73.33,-0.2,5.912,-36.95,-74.3667,0.0,5.908,inf,-77.1481,-0.1,5.912,-73.9,-75.337,0.2,5.916,36.975,-75.2179,0.3,5.912,24.633333333333336,-73.373,0.1,5.908,73.85000000000001,-71.8116,0.1,5.916,73.95,-72.478,0.1,5.904,73.8,-73.6463,-0.2,5.912,-36.95,-74.006
09-05-2025-Fri 20-35-48-PM,0.1,5.904,73.8,-75.446,0.0,5.916,inf,-73.7446,-0.3,5.916,-24.650000000000006,-74.006,0.4,5.912,18.475,-73.0567,0.0,5.908,inf,-72.281,0.1,5.92,74.0,-71.9755,0.1,5.908,73.85000000000001,-73.34,0.1,5.908,73.85000000000001,-74.3667,0.1,5.904,73.8,-77.1481,0.0,5.916,inf,-75.37,-0.3,5.916,-24.650000000000006,-75.2179,0.4,5.912,18.475,-73.362,0.0,5.908,inf,-71.8116,0.1,5.92,74.0,-72.489,0.1,5.908,73.85000000000001,-73.679,0.1,5.908,73.85000000000001,-74.023
09-05-2025-Fri 20-35-50-PM,0.2,5.908,36.925000000000004,-75.463,-0.2,5.916,-36.975,-73.7118,0.0,5.916,inf,-73.995,0.1,5.912,73.9,-73.0567,-0.2,5.904,-36.9,-72.314,0.0,5.916,inf,-72.0083,0.2,5.908,36.925000000000004,-73.384,0.0,5.908,inf,-74.4322,0.2,5.908,36.925000000000004,-77.2135,-0.2,5.916,-36.975,-75.381,0.0,5.916,inf,-75.2179,0.1,5.912,73.9,-73.384,-0.2,5.904,-36.9,-71.8771,0.0,5.916,inf,-72.532,0.2,5.908,36.925000000000004,-73.7118,0.0,5.908,inf,-74.072
09-05-2025-Fri 20-35-53-PM,0.1,5.904,73.8,-75.495,0.2,5.912,36.95,-73.7773,-0.2,5.912,-36.95,-74.072,-0.2,5.912,-36.95,-73.155,0.2,5.904,36.9,-72.358,0.3,5.916,24.650000000000006,-72.041,-0.1,5.904,-73.8,-73.406,0.1,5.912,73.9,-74.4322,0.1,5.904,73.8,-77.2135,0.2,5.912,36.95,-75.425,-0.2,5.912,-36.95,-75.2833,-0.2,5.912,-36.95,-73.438,0.2,5.904,36.9,-71.8771,0.3,5.916,24.650000000000006,-72.554,-0.1,5.904,-73.8,-73.7446,0.1,5.912,73.9,-74.088
09-05-2025-Fri 20-37-00-PM,0.1,5.904,73.8,-76.101,-0.1,5.908,-73.85000000000001,-74.4322,0.1,5.908,73.85000000000001,-74.683,0.0,5.912,inf,-73.7773,0.2,5.904,36.9,-73.002,0.1,5.916,73.95,-72.6963,0.0,5.904,inf,-74.039,-0.1,5.908,-73.85000000000001,-75.0869,0.1,5.904,73.8,-77.7693,-0.1,5.908,-73.85000000000001,-76.014,0.1,5.908,73.85000000000001,-75.8396,0.0,5.912,inf,-74.05,0.2,5.904,36.9,-72.5325,0.1,5.916,73.95,-73.188,0.0,5.904,inf,-74.3339,-0.1,5.908,-73.85000000000001,-74.71
09-05-2025-Fri 20-37-02-PM,0.0,5.904,inf,-76.068,0.4,5.912,18.475,-74.3667,-0.1,5.916,-73.95,-74.683,0.0,5.912,inf,-73.81,0.1,5.904,73.8,-73.024,0.1,5.92,74.0,-72.7291,0.1,5.904,73.8,-74.061,0.1,5.912,73.9,-75.1196,0.0,5.904,inf,-77.7693,0.4,5.912,18.475,-76.003,-0.1,5.916,-73.95,-75.8723,0.0,5.912,inf,-74.072,0.1,5.904,73.8,-72.5325,0.1,5.92,74.0,-73.199,0.1,5.904,73.8,-74.3339,0.1,5.912,73.9,-74.727
09-05-2025-Fri 20-37-05-PM,0.1,5.904,73.8,-76.15,0.0,5.912,inf,-74.4976,0.1,5.912,73.9,-74.727,0.3,5.912,24.633333333333336,-73.81,0.2,5.904,36.9,-73.046,0.0,5.916,inf,-72.7619,-0.1,5.904,-73.8,-74.094,0.2,5.912,36.95,-75.1523,0.1,5.904,73.8,-77.8021,0.0,5.912,inf,-76.057,0.1,5.912,73.9,-75.8723,0.3,5.912,24.633333333333336,-74.083,0.2,5.904,36.9,-72.5653,0.0,5.916,inf,-73.231,-0.1,5.904,-73.8,-74.3667,0.2,5.912,36.95,-74.76
09-05-2025-Fri 20-37-07-PM,0.2,5.904,36.9,-76.134,0.1,5.916,73.95,-74.4649,0.0,5.916,inf,-74.77,0.0,5.908,inf,-73.941,0.0,5.908,inf,-73.089,0.2,5.916,36.975,-72.7619,0.2,5.908,36.925000000000004,-74.105,0.0,5.912,inf,-75.1523,0.2,5.904,36.9,-77.8021,0.1,5.916,73.95,-76.057,0.0,5.916,inf,-75.9051,0.0,5.908,inf,-74.137,0.0,5.908,inf,-72.5653,0.2,5.916,36.975,-73.242,0.2,5.908,36.925000000000004,-74.3994,0.0,5.912,inf,-74.776
09-05-2025-Fri 20-37-10-PM,0.0,5.908,inf,-76.166,0.1,5.912,73.9,-74.4976,-0.1,5.912,-73.9,-74.77,-0.1,5.912,-73.9,-73.9084,0.0,5.904,inf,-73.1,0.1,5.916,73.95,-72.7946,0.1,5.904,73.8,-74.115,-0.1,5.912,-73.9,-75.1851,0.0,5.908,inf,-77.8348,0.1,5.912,73.9,-76.079,-0.1,5.912,-73.9,-75.9051,-0.1,5.912,-73.9,-74.137,0.0,5.904,inf,-72.5981,0.1,5.916,73.95,-73.253,0.1,5.904,73.8,-74.3667,-0.1,5.912,-73.9,-74.776
09-05-2025-Fri 20-38-00-PM,-0.1,5.908,-73.85000000000001,-76.592,0.1,5.912,73.9,-75.0214,0.0,5.916,inf,-75.185,0.0,5.912,inf,-74.3012,0.2,5.904,36.9,-73.526,0.0,5.92,inf,-73.2206,0.2,5.904,36.9,-74.53,-0.1,5.908,-73.85000000000001,-75.6106,-0.1,5.908,-73.85000000000001,-78.1617,0.1,5.912,73.9,-76.472,0.0,5.916,inf,-76.2322,0.0,5.912,inf,-74.53,0.2,5.904,36.9,-73.0567,0.0,5.92,inf,-73.679,0.2,5.904,36.9,-74.7596,-0.1,5.908,-73.85000000000001,-75.185
09-05-2025-Fri 20-38-03-PM,0.0,5.904,inf,-76.575,0.0,5.912,inf,-74.956,0.1,5.916,73.95,-75.141,0.0,5.912,inf,-74.203,0.2,5.904,36.9,-73.504,0.1,5.916,73.95,-73.2533,0.2,5.908,36.925000000000004,-74.563,0.3,5.912,24.633333333333336,-75.6432,0.0,5.904,inf,-78.1944,0.0,5.912,inf,-76.472,0.1,5.916,73.95,-76.265,0.0,5.912,inf,-74.508,0.2,5.904,36.9,-73.0567,0.1,5.916,73.95,-73.701,0.2,5.908,36.925000000000004,-74.7923,0.3,5.912,24.633333333333336,-75.218
09-05-2025-Fri 20-38-05-PM,-0.1,5.908,-73.85000000000001,-76.608,0.0,5.912,inf,-75.0214,0.0,5.916,inf,-75.185,0.0,5.912,inf,-74.2357,0.3,5.908,24.61666666666667,-73.526,0.1,5.92,74.0,-73.2533,0.0,5.908,inf,-74.574,0.3,5.912,24.633333333333336,-75.6432,-0.1,5.908,-73.85000000000001,-78.1944,0.0,5.912,inf,-76.504,0.0,5.916,inf,-76.2976,0.0,5.912,inf,-74.541,0.3,5.908,24.61666666666667,-73.0895,0.1,5.92,74.0,-73.723,0.0,5.908,inf,-74.825,0.3,5.912,24.633333333333336,-75.234
09-05-2025-Fri 20-38-07-PM,0.3,5.904,24.6,-76.641,0.2,5.912,36.95,-75.0869,0.1,5.912,73.9,-75.24,-0.1,5.916,-73.95,-74.3012,0.1,5.904,73.8,-73.57,0.2,5.92,37.0,-73.2861,0.0,5.908,inf,-74.596,0.2,5.908,36.925000000000004,-75.6761,0.3,5.904,24.6,-78.1944,0.2,5.912,36.95,-76.537,0.1,5.912,73.9,-76.3304,-0.1,5.916,-73.95,-74.585,0.1,5.904,73.8,-73.1223,0.2,5.92,37.0,-73.744,0.0,5.908,inf,-74.825,0.2,5.908,36.925000000000004,-75.251
09-05-2025-Fri 20-38-10-PM,0.2,5.908,36.925000000000004,-76.624,0.2,5.912,36.95,-75.0214,-0.2,5.916,-36.975,-75.218,0.1,5.912,73.9,-74.3012,0.2,5.908,36.925000000000004,-73.57,0.3,5.916,24.650000000000006,-73.2861,0.1,5.904,73.8,-74.607,0.1,5.908,73.85000000000001,-75.6761,0.2,5.908,36.925000000000004,-78.2271,0.2,5.912,36.95,-76.526,-0.2,5.916,-36.975,-76.3304,0.1,5.912,73.9,-74.585,0.2,5.908,36.925000000000004,-73.1223,0.3,5.916,24.650000000000006,-73.755,0.1,5.904,73.8,-74.8578,0.1,5.908,73.85000000000001,-75.267
09-05-2025-Fri 20-38-12-PM,0.2,5.904,36.9,-76.69,0.1,5.912,73.9,-75.1523,0.2,5.916,36.975,-75.283,0.0,5.912,inf,-74.3994,-0.1,5.908,-73.85000000000001,-73.646,0.2,5.916,36.975,-73.3514,-0.1,5.904,-73.8,-74.639,0.3,5.908,24.61666666666667,-75.7087,0.2,5.904,36.9,-78.2271,0.1,5.912,73.9,-76.559,0.2,5.916,36.975,-76.2976,0.0,5.912,inf,-74.628,-0.1,5.908,-73.85000000000001,-73.1877,0.2,5.916,36.975,-73.799,-0.1,5.904,-73.8,-74.8578,0.3,5.908,24.61666666666667,-75.283
09-05-2025-Fri 20-38-14-PM,0.0,5.904,inf,-76.673,0.1,5.916,73.95,-75.1196,0.1,5.916,73.95,-75.261,-0.1,5.912,-73.9,-74.3012,-0.3,5.904,-24.6,-73.613,0.0,5.916,inf,-73.3514,-0.1,5.908,-73.85000000000001,-74.661,0.0,5.908,inf,-75.7414,0.0,5.904,inf,-78.2271,0.1,5.916,73.95,-76.57,0.1,5.916,73.95,-76.3631,-0.1,5.912,-73.9,-74.617,-0.3,5.904,-24.6,-73.1877,0.0,5.916,inf,-73.81,-0.1,5.908,-73.85000000000001,-74.8905,0.0,5.908,inf,-75.316
09-05-2025-Fri 20-38-17-PM,0.2,5.908,36.925000000000004,-76.706,0.0,5.912,inf,-75.1523,0.0,5.912,inf,-75.305,-0.1,5.912,-73.9,-74.3994,0.1,5.904,73.8,-73.657,0.4,5.916,18.4875,-73.3843,0.2,5.904,36.9,-74.683,0.2,5.908,36.925000000000004,-75.7742,0.2,5.908,36.925000000000004,-78.2597,0.0,5.912,inf,-76.592,0.0,5.912,inf,-76.3631,-0.1,5.912,-73.9,-74.65,0.1,5.904,73.8,-73.1877,0.4,5.916,18.4875,-73.821,0.2,5.904,36.9,-74.8905,0.2,5.908,36.925000000000004,-75.332
09-05-2025-Fri 20-38-19-PM,-0.3,5.904,-24.6,-76.706,0.0,5.912,inf,-75.1523,0.0,5.912,inf,-75.327,0.0,5.908,inf,-74.4322,-0.1,5.904,-73.8,-73.69,0.1,5.916,73.95,-73.4171,0.2,5.904,36.9,-74.705,0.2,5.912,36.95,-75.7742,-0.3,5.904,-24.6,-78.2597,0.0,5.912,inf,-76.603,0.0,5.912,inf,-76.3958,0.0,5.908,inf,-74.683,-0.1,5.904,-73.8,-73.2206,0.1,5.916,73.95,-73.854,0.2,5.904,36.9,-74.9233,0.2,5.912,36.95,-75.349
09-05-2025-Fri 20-39-50-PM,-0.1,5.908,-73.85000000000001,-77.295,-0.1,5.912,-73.9,-75.9051,-0.3,5.916,-24.650000000000006,-75.96,0.1,5.912,73.9,-75.0869,0.0,5.908,inf,-74.378,0.3,5.916,24.650000000000006,-74.1048,0.2,5.908,36.925000000000004,-75.338,0.0,5.908,inf,-76.3958,-0.1,5.908,-73.85000000000001,-78.6847,-0.1,5.912,-73.9,-77.159,-0.3,5.916,-24.650000000000006,-76.8865,0.1,5.912,73.9,-75.305,0.0,5.908,inf,-73.941,0.3,5.916,24.650000000000006,-74.519,0.2,5.908,36.925000000000004,-75.5124,0.0,5.908,inf,-75.954
09-05-2025-Fri 20-39-52-PM,0.2,5.908,36.925000000000004,-77.279,0.0,5.916,inf,-75.8723,0.0,5.916,inf,-75.97,0.1,5.912,73.9,-75.1196,0.0,5.908,inf,-74.41,0.0,5.92,inf,-74.1375,0.3,5.908,24.61666666666667,-75.37,-0.2,5.912,-36.95,-76.4285,0.2,5.908,36.925000000000004,-78.6847,0.0,5.916,inf,-77.159,0.0,5.916,inf,-76.9192,0.1,5.912,73.9,-75.338,0.0,5.908,inf,-73.9738,0.0,5.92,inf,-74.552,0.3,5.908,24.61666666666667,-75.5451,-0.2,5.912,-36.95,-75.987
09-05-2025-Fri 20-39-55-PM,0.1,5.908,73.85000000000001,-77.278,0.1,5.912,73.9,-75.8396,-0.1,5.912,-73.9,-75.949,0.0,5.912,inf,-75.0869,0.0,5.904,inf,-74.399,0.0,5.92,inf,-74.1375,0.1,5.904,73.8,-75.37,0.1,5.908,73.85000000000001,-76.4285,0.1,5.908,73.85000000000001,-78.7173,0.1,5.912,73.9,-77.159,-0.1,5.912,-73.9,-76.9192,0.0,5.912,inf,-75.327,0.0,5.904,inf,-73.9738,0.0,5.92,inf,-74.552,0.1,5.904,73.8,-75.5451,0.1,5.908,73.85000000000001,-75.987
09-05-2025-Fri 20-39-57-PM,0.2,5.904,36.9,-77.278,0.2,5.916,36.975,-75.8396,-0.3,5.912,-24.633333333333336,-75.949,0.1,5.912,73.9,-75.0869,-0.1,5.904,-73.8,-74.41,0.0,5.916,inf,-74.1375,0.0,5.908,inf,-75.37,0.0,5.912,inf,-76.4285,0.2,5.904,36.9,-78.7173,0.2,5.916,36.975,-77.159,-0.3,5.912,-24.633333333333336,-76.9192,0.1,5.912,73.9,-75.337,-0.1,5.904,-73.8,-74.0064,0.0,5.916,inf,-74.563,0.0,5.908,inf,-75.5451,0.0,5.912,inf,-75.987
09-05-2025-Fri 20-39-59-PM,0.1,5.904,73.8,-77.311,0.3,5.916,24.650000000000006,-75.9051,0.1,5.912,73.9,-75.992,0.1,5.912,73.9,-75.1196,0.1,5.904,73.8,-74.443,0.2,5.92,37.0,-74.1702,0.1,5.908,73.85000000000001,-75.392,0.0,5.908,inf,-76.4612,0.1,5.904,73.8,-78.7173,0.3,5.916,24.650000000000006,-77.191,0.1,5.912,73.9,-76.9518,0.1,5.912,73.9,-75.37,0.1,5.904,73.8,-74.0393,0.2,5.92,37.0,-74.585,0.1,5.908,73.85000000000001,-75.5451,0.0,5.908,inf,-76.003
09-05-2025-Fri 20-41-27-PM,-0.1,5.908,-73.85000000000001,-78.57,0.2,5.912,36.95,-76.7882,0.0,5.916,inf,-77.137,0.2,5.912,36.95,-76.2976,0.0,5.904,inf,-75.501,0.2,5.92,37.0,-75.1523,-0.1,5.904,-73.8,-76.516,0.1,5.908,73.85000000000001,-77.4751,-0.1,5.908,-73.85000000000001,-80.3509,0.2,5.912,36.95,-78.488,0.0,5.916,inf,-78.3252,0.2,5.912,36.95,-76.559,0.0,5.904,inf,-75.0541,0.2,5.92,37.0,-75.709,-0.1,5.904,-73.8,-76.9192,0.1,5.908,73.85000000000001,-77.197
09-05-2025-Fri 20-41-30-PM,0.3,5.908,24.61666666666667,-78.651,-0.2,5.916,-36.975,-76.9192,-0.1,5.912,-73.9,-77.202,0.1,5.912,73.9,-76.2976,-0.1,5.904,-73.8,-75.534,0.2,5.92,37.0,-75.2179,0.4,5.904,18.45,-76.559,0.1,5.912,73.9,-77.5078,0.3,5.908,24.61666666666667,-80.3835,-0.2,5.916,-36.975,-78.564,-0.1,5.912,-73.9,-78.3905,0.1,5.912,73.9,-76.592,-0.1,5.904,-73.8,-75.0869,0.2,5.92,37.0,-75.752,0.4,5.904,18.45,-76.9518,0.1,5.912,73.9,-77.23
09-05-2025-Fri 20-43-36-PM,0.2,5.908,36.925000000000004,-80.318,0.3,5.912,24.633333333333336,-78.5213,0.1,5.912,73.9,-78.815,-0.1,5.912,-73.9,-77.9002,-0.1,5.904,-73.8,-77.159,-0.2,5.92,-37.0,-76.8538,-0.1,5.904,-73.8,-78.26,0.3,5.912,24.633333333333336,-79.2401,0.2,5.908,36.925000000000004,-82.114,0.3,5.912,24.633333333333336,-80.22,0.1,5.912,73.9,-80.0243,-0.1,5.912,-73.9,-78.216,-0.1,5.904,-73.8,-76.7229,-0.2,5.92,-37.0,-77.42,-0.1,5.904,-73.8,-78.6847,0.3,5.912,24.633333333333336,-78.962
09-05-2025-Fri 20-43-39-PM,0.1,5.904,73.8,-80.318,-0.2,5.912,-36.95,-78.5213,-0.3,5.916,-24.650000000000006,-78.826,0.0,5.912,inf,-77.9002,-0.1,5.904,-73.8,-77.159,-0.1,5.92,-74.0,-76.8538,-0.1,5.908,-73.85000000000001,-78.281,0.2,5.912,36.95,-79.2729,0.1,5.904,73.8,-82.114,-0.2,5.912,-36.95,-80.231,-0.3,5.916,-24.650000000000006,-80.0569,0.0,5.912,inf,-78.227,-0.1,5.904,-73.8,-76.7229,-0.1,5.92,-74.0,-77.431,-0.1,5.908,-73.85000000000001,-78.7173,0.2,5.912,36.95,-78.995
09-05-2025-Fri 20-43-41-PM,0.0,5.908,inf,-80.367,-0.1,5.916,-73.95,-78.5866,-0.3,5.916,-24.650000000000006,-78.859,-0.1,5.916,-73.95,-77.9002,-0.2,5.908,-36.925000000000004,-77.192,-0.2,5.92,-37.0,-76.9192,-0.1,5.904,-73.8,-78.325,-0.2,5.912,-36.95,-79.3056,0.0,5.908,inf,-82.1466,-0.1,5.916,-73.95,-80.274,-0.3,5.916,-24.650000000000006,-80.0896,-0.1,5.916,-73.95,-78.248,-0.2,5.908,-36.925000000000004,-76.7556,-0.2,5.92,-37.0,-77.475,-0.1,5.904,-73.8,-78.75,-0.2,5.912,-36.95,-79.028
09-05-2025-Fri 20-43-43-PM,0.0,5.908,inf,-80.399,0.0,5.912,inf,-78.6194,-0.1,5.912,-73.9,-78.881,-0.4,5.912,-18.475,-77.9002,0.2,5.908,36.925000000000004,-77.213,0.2,5.916,36.975,-76.9518,0.0,5.912,inf,-78.336,0.1,5.912,73.9,-79.3056,0.0,5.908,inf,-82.1791,0.0,5.912,inf,-80.307,-0.1,5.912,-73.9,-80.1223,-0.4,5.912,-18.475,-78.27,0.2,5.908,36.925000000000004,-76.7882,0.2,5.916,36.975,-77.497,0.0,5.912,inf,-78.75,0.1,5.912,73.9,-79.028
09-05-2025-Fri 20-43-46-PM,0.0,5.908,inf,-80.399,0.3,5.916,24.650000000000006,-78.5866,-0.2,5.916,-36.975,-78.913,-0.1,5.912,-73.9,-78.0309,-0.2,5.908,-36.925000000000004,-77.257,0.0,5.92,inf,-76.9518,0.1,5.908,73.85000000000001,-78.368,0.1,5.912,73.9,-79.3709,0.0,5.908,inf,-82.2119,0.3,5.916,24.650000000000006,-80.307,-0.2,5.916,-36.975,-80.1223,-0.1,5.912,-73.9,-78.314,-0.2,5.908,-36.925000000000004,-76.7882,0.0,5.92,inf,-77.508,0.1,5.908,73.85000000000001,-78.7827,0.1,5.912,73.9,-79.077
09-05-2025-Fri 20-44-53-PM,0.1,5.904,73.8,-81.085,0.0,5.912,inf,-79.3383,-0.1,5.912,-73.9,-79.6,-0.1,5.912,-73.9,-78.6847,0.0,5.904,inf,-77.987,0.0,5.92,inf,-77.704,0.0,5.904,inf,-79.109,0.0,5.912,inf,-80.1223,0.1,5.904,73.8,-82.8317,0.0,5.912,inf,-80.982,-0.1,5.912,-73.9,-80.7755,-0.1,5.912,-73.9,-79.011,0.0,5.904,inf,-77.5732,0.0,5.92,inf,-78.26,0.0,5.904,inf,-79.5016,0.0,5.912,inf,-79.812
09-05-2025-Fri 20-44-55-PM,0.1,5.904,73.8,-81.118,-0.2,5.912,-36.95,-79.4035,0.0,5.916,inf,-79.643,-0.1,5.912,-73.9,-78.7173,-0.2,5.904,-36.9,-78.009,0.1,5.916,73.95,-77.7367,-0.1,5.904,-73.8,-79.12,-0.1,5.908,-73.85000000000001,-80.1223,0.1,5.904,73.8,-82.8317,-0.2,5.912,-36.95,-81.014,0.0,5.916,inf,-80.8082,-0.1,5.912,-73.9,-79.033,-0.2,5.904,-36.9,-77.5732,0.1,5.916,73.95,-78.27,-0.1,5.904,-73.8,-79.5016,-0.1,5.908,-73.85000000000001,-79.812
09-05-2025-Fri 20-44-58-PM,0.2,5.908,36.925000000000004,-81.118,0.2,5.912,36.95,-79.3709,-0.1,5.916,-73.95,-79.643,0.0,5.912,inf,-78.7173,0.1,5.904,73.8,-78.02,-0.1,5.916,-73.95,-77.7367,0.0,5.904,inf,-79.131,0.1,5.912,73.9,-80.155,0.2,5.908,36.925000000000004,-82.8645,0.2,5.912,36.95,-81.025,-0.1,5.916,-73.95,-80.8408,0.0,5.912,inf,-79.055,0.1,5.904,73.8,-77.6059,-0.1,5.916,-73.95,-78.281,0.0,5.904,inf,-79.5016,0.1,5.912,73.9,-79.828
09-05-2025-Fri 20-45-00-PM,0.1,5.904,73.8,-81.199,0.2,5.912,36.95,-79.5016,-0.1,5.912,-73.9,-79.719,-0.2,5.912,-36.95,-78.7827,-0.1,5.904,-73.8,-78.074,0.2,5.92,37.0,-77.8021,0.1,5.904,73.8,-79.186,0.1,5.908,73.85000000000001,-80.1877,0.1,5.904,73.8,-82.8971,0.2,5.912,36.95,-81.091,-0.1,5.912,-73.9,-80.8734,-0.2,5.912,-36.95,-79.098,-0.1,5.904,-73.8,-77.6386,0.2,5.92,37.0,-78.336,0.1,5.904,73.8,-79.5669,0.1,5.908,73.85000000000001,-79.877
09-05-2025-Fri 20-46-08-PM,0.2,5.904,36.9,-81.754,-0.1,5.912,-73.9,-80.155,-0.1,5.916,-73.95,-80.318,-0.1,5.912,-73.9,-79.3709,0.0,5.908,inf,-78.728,-0.1,5.92,-74.0,-78.4886,0.1,5.904,73.8,-79.806,0.2,5.912,36.95,-80.8082,0.2,5.904,36.9,-83.3538,-0.1,5.912,-73.9,-81.646,-0.1,5.916,-73.95,-81.4285,-0.1,5.912,-73.9,-79.708,0.0,5.908,inf,-78.3252,-0.1,5.92,-74.0,-78.979,0.1,5.904,73.8,-80.1223,0.2,5.912,36.95,-80.465
09-05-2025-Fri 20-46-10-PM,0.2,5.904,36.9,-81.738,-0.1,5.912,-73.9,-80.1223,-0.2,5.916,-36.975,-80.307,-0.3,5.912,-24.633333333333336,-79.3709,-0.3,5.904,-24.6,-78.75,0.1,5.92,74.0,-78.5213,0.0,5.904,inf,-79.839,0.0,5.908,inf,-80.8408,0.2,5.904,36.9,-83.3538,-0.1,5.912,-73.9,-81.635,-0.2,5.916,-36.975,-81.4285,-0.3,5.912,-24.633333333333336,-79.719,-0.3,5.904,-24.6,-78.3578,0.1,5.92,74.0,-79.011,0.0,5.904,inf,-80.155,0.0,5.908,inf,-80.498
09-05-2025-Fri 20-46-13-PM,-0.1,5.904,-73.8,-81.771,0.0,5.916,inf,-80.155,-0.1,5.916,-73.95,-80.329,0.0,5.912,inf,-79.4035,-0.2,5.904,-36.9,-78.772,-0.1,5.92,-74.0,-78.5213,0.2,5.904,36.9,-79.839,0.2,5.908,36.925000000000004,-80.8408,-0.1,5.904,-73.8,-83.3864,0.0,5.916,inf,-81.657,-0.1,5.916,-73.95,-81.4285,0.0,5.912,inf,-79.741,-0.2,5.904,-36.9,-78.3905,-0.1,5.92,-74.0,-79.022,0.2,5.904,36.9,-80.155,0.2,5.908,36.925000000000004,-80.498
09-05-2025-Fri 20-46-15-PM,0.3,5.908,24.61666666666667,-81.787,0.1,5.912,73.9,-80.1877,-0.2,5.916,-36.975,-80.362,0.0,5.912,inf,-79.4689,-0.1,5.904,-73.8,-78.804,0.0,5.92,inf,-78.5213,0.2,5.908,36.925000000000004,-79.85,0.1,5.908,73.85000000000001,-80.8408,0.3,5.908,24.61666666666667,-83.3864,0.1,5.912,73.9,-81.668,-0.2,5.916,-36.975,-81.4285,0.0,5.912,inf,-79.774,-0.1,5.904,-73.8,-78.4231,0.0,5.92,inf,-79.044,0.2,5.908,36.925000000000004,-80.1877,0.1,5.908,73.85000000000001,-80.514
09-05-2025-Fri 20-46-17-PM,0.2,5.904,36.9,-81.787,0.2,5.912,36.95,-80.1877,0.2,5.916,36.975,-80.373,0.2,5.916,36.975,-79.4363,0.0,5.904,inf,-78.804,0.2,5.92,37.0,-78.554,0.4,5.908,18.462500000000002,-79.883,0.1,5.908,73.85000000000001,-80.9061,0.2,5.904,36.9,-83.3864,0.2,5.912,36.95,-81.689,0.2,5.916,36.975,-81.4938,0.2,5.916,36.975,-79.784,0.0,5.904,inf,-78.4231,0.2,5.92,37.0,-79.055,0.4,5.908,18.462500000000002,-80.1877,0.1,5.908,73.85000000000001,-80.547
09-05-2025-Fri 20-47-46-PM,0.1,5.908,73.85000000000001,-82.375,0.1,5.912,73.9,-80.9061,-0.1,5.916,-73.95,-81.058,-0.1,5.912,-73.9,-80.2202,0.0,5.904,inf,-79.61,0.1,5.92,74.0,-79.3709,-0.1,5.908,-73.85000000000001,-80.579,0.0,5.912,inf,-81.5591,0.1,5.908,73.85000000000001,-83.843,0.1,5.912,73.9,-82.266,-0.1,5.916,-73.95,-82.0486,-0.1,5.912,-73.9,-80.503,0.0,5.904,inf,-79.2401,0.1,5.92,74.0,-79.806,-0.1,5.908,-73.85000000000001,-80.8082,0.0,5.912,inf,-81.184
09-05-2025-Fri 20-47-48-PM,0.1,5.904,73.8,-82.358,0.1,5.912,73.9,-80.8734,-0.3,5.916,-24.650000000000006,-81.047,0.0,5.912,inf,-80.2202,0.0,5.904,inf,-79.632,-0.2,5.92,-37.0,-79.4035,0.0,5.908,inf,-80.601,0.0,5.908,inf,-81.5917,0.1,5.904,73.8,-83.843,0.1,5.912,73.9,-82.255,-0.3,5.916,-24.650000000000006,-82.0486,0.0,5.912,inf,-80.514,0.0,5.904,inf,-79.2729,-0.2,5.92,-37.0,-79.828,0.0,5.908,inf,-80.8082,0.0,5.908,inf,-81.2
09-05-2025-Fri 20-48-34-PM,0.2,5.904,36.9,-82.913,0.0,5.916,inf,-81.3958,-0.2,5.916,-36.975,-81.548,-0.1,5.912,-73.9,-80.6122,0.1,5.904,73.8,-80.046,0.1,5.916,73.95,-79.8283,0.3,5.904,24.6,-81.08,0.1,5.912,73.9,-81.9508,0.2,5.904,36.9,-84.4299,0.0,5.916,inf,-82.821,-0.2,5.916,-36.975,-82.6361,-0.1,5.912,-73.9,-80.982,0.1,5.904,73.8,-79.6976,0.1,5.916,73.95,-80.329,0.3,5.904,24.6,-81.4611,0.1,5.912,73.9,-81.706
09-05-2025-Fri 20-48-36-PM,0.2,5.904,36.9,-82.946,0.1,5.912,73.9,-81.3958,-0.1,5.916,-73.95,-81.613,-0.1,5.912,-73.9,-80.7428,0.0,5.908,inf,-80.111,0.1,5.92,74.0,-79.8283,-0.1,5.904,-73.8,-81.113,0.1,5.912,73.9,-81.9835,0.2,5.904,36.9,-84.4952,0.1,5.912,73.9,-82.864,-0.1,5.916,-73.95,-82.7013,-0.1,5.912,-73.9,-81.069,0.0,5.908,inf,-79.763,0.1,5.92,74.0,-80.373,-0.1,5.904,-73.8,-81.5263,0.1,5.912,73.9,-81.755
09-05-2025-Fri 20-48-39-PM,0.2,5.904,36.9,-82.994,0.1,5.912,73.9,-81.4285,-0.2,5.916,-36.975,-81.613,-0.3,5.912,-24.633333333333336,-80.6775,-0.1,5.904,-73.8,-80.111,0.0,5.916,inf,-79.861,0.0,5.908,inf,-81.167,0.0,5.908,inf,-82.0486,0.2,5.904,36.9,-84.5604,0.1,5.912,73.9,-82.908,-0.2,5.916,-36.975,-82.7339,-0.3,5.912,-24.633333333333336,-81.069,-0.1,5.904,-73.8,-79.7956,0.0,5.916,inf,-80.416,0.0,5.908,inf,-81.5917,0.0,5.908,inf,-81.82
09-05-2025-Fri 20-48-41-PM,0.4,5.908,18.462500000000002,-83.043,0.1,5.916,73.95,-81.4611,-0.1,5.912,-73.9,-81.657,0.1,5.912,73.9,-80.7101,-0.2,5.904,-36.9,-80.144,0.1,5.92,74.0,-79.8936,-0.1,5.908,-73.85000000000001,-81.2,0.2,5.912,36.95,-82.0813,0.4,5.908,18.462500000000002,-84.6255,0.1,5.916,73.95,-82.962,-0.1,5.912,-73.9,-82.7992,0.1,5.912,73.9,-81.113,-0.2,5.904,-36.9,-79.8283,0.1,5.92,74.0,-80.449,-0.1,5.908,-73.85000000000001,-81.6243,0.2,5.912,36.95,-81.853
09-05-2025-Fri 20-50-00-PM,0.2,5.904,36.9,-84.511,0.1,5.912,73.9,-82.6361,-0.1,5.916,-73.95,-82.995,0.1,5.912,73.9,-82.0486,-0.5,5.904,-14.76,-81.439,0.0,5.916,inf,-81.1673,0.0,5.904,inf,-82.581,0.0,5.908,inf,-83.4842,0.2,5.904,36.9,-86.3854,0.1,5.912,73.9,-84.44,-0.1,5.916,-73.95,-84.2994,0.1,5.912,73.9,-82.483,-0.5,5.904,-14.76,-81.102,0.0,5.916,inf,-81.787,0.0,5.904,inf,-83.0928,0.0,5.908,inf,-83.288
09-05-2025-Fri 20-50-03-PM,-0.1,5.908,-73.85000000000001,-84.511,-0.1,5.916,-73.95,-82.6034,0.0,5.916,inf,-83.027,0.1,5.912,73.9,-82.1466,-0.1,5.904,-73.8,-81.494,0.1,5.916,73.95,-81.1999,-0.1,5.908,-73.85000000000001,-82.625,0.1,5.908,73.85000000000001,-83.5168,-0.1,5.908,-73.85000000000001,-86.4179,-0.1,5.916,-73.95,-84.451,0.0,5.916,inf,-84.3322,0.1,5.912,73.9,-82.538,-0.1,5.904,-73.8,-81.1347,0.1,5.916,73.95,-81.831,-0.1,5.908,-73.85000000000001,-83.158,0.1,5.908,73.85000000000001,-83.337
09-05-2025-Fri 20-50-05-PM,0.3,5.908,24.61666666666667,-84.543,-0.2,5.916,-36.975,-82.6361,0.0,5.916,inf,-83.071,-0.2,5.916,-36.975,-82.2119,-0.1,5.904,-73.8,-81.537,-0.1,5.92,-74.0,-81.2326,-0.1,5.904,-73.8,-82.658,0.2,5.908,36.925000000000004,-83.5495,0.3,5.908,24.61666666666667,-86.4505,-0.2,5.916,-36.975,-84.484,0.0,5.916,inf,-84.3647,-0.2,5.916,-36.975,-82.581,-0.1,5.904,-73.8,-81.1673,-0.1,5.92,-74.0,-81.864,-0.1,5.904,-73.8,-83.1907,0.2,5.908,36.925000000000004,-83.37
09-05-2025-Fri 20-50-08-PM,0.1,5.908,73.85000000000001,-84.641,0.1,5.916,73.95,-82.7992,-0.3,5.916,-24.650000000000006,-83.158,0.0,5.916,inf,-82.2445,0.0,5.904,inf,-81.57,0.0,5.92,inf,-81.2653,0.0,5.904,inf,-82.69,0.1,5.908,73.85000000000001,-83.5821,0.1,5.908,73.85000000000001,-86.4831,0.1,5.916,73.95,-84.571,-0.3,5.916,-24.650000000000006,-84.4299,0.0,5.916,inf,-82.625,0.0,5.904,inf,-81.1999,0.0,5.92,inf,-81.896,0.0,5.904,inf,-83.2234,0.1,5.908,73.85000000000001,-83.403
09-05-2025-Fri 20-51-03-PM,0.0,5.908,inf,-85.326,0.1,5.912,73.9,-83.4516,-0.2,5.916,-36.975,-83.821,0.1,5.912,73.9,-82.8971,-0.3,5.904,-24.6,-82.277,0.2,5.92,37.0,-82.016,-0.2,5.908,-36.925000000000004,-83.441,-0.1,5.912,-73.9,-84.3647,0.0,5.908,inf,-87.1996,0.1,5.912,73.9,-85.255,-0.2,5.916,-36.975,-85.1145,0.1,5.912,73.9,-83.31,-0.3,5.904,-24.6,-81.9181,0.2,5.92,37.0,-82.625,-0.2,5.908,-36.925000000000004,-83.9409,-0.1,5.912,-73.9,-84.153
09-05-2025-Fri 20-51-05-PM,0.1,5.908,73.85000000000001,-85.375,-0.2,5.912,-36.95,-83.5495,-0.3,5.916,-24.650000000000006,-83.854,-0.2,5.912,-36.95,-82.8645,-0.4,5.904,-18.45,-82.288,0.2,5.916,36.975,-82.0486,-0.1,5.908,-73.85000000000001,-83.473,0.0,5.912,inf,-84.3974,0.1,5.908,73.85000000000001,-87.1996,-0.2,5.912,-36.95,-85.299,-0.3,5.916,-24.650000000000006,-85.1471,-0.2,5.912,-36.95,-83.321,-0.4,5.904,-18.45,-81.9508,0.2,5.916,36.975,-82.658,-0.1,5.908,-73.85000000000001,-83.9734,0.0,5.912,inf,-84.185
09-05-2025-Fri 20-51-08-PM,0.2,5.904,36.9,-85.407,0.3,5.916,24.650000000000006,-83.5495,0.1,5.912,73.9,-83.886,0.1,5.916,73.95,-82.9624,-0.2,5.904,-36.9,-82.353,0.1,5.92,74.0,-82.0813,0.3,5.908,24.61666666666667,-83.495,0.4,5.912,18.475,-84.4299,0.2,5.904,36.9,-87.2648,0.3,5.916,24.650000000000006,-85.32,0.1,5.912,73.9,-85.1471,0.1,5.916,73.95,-83.375,-0.2,5.904,-36.9,-82.016,0.1,5.92,74.0,-82.69,0.3,5.908,24.61666666666667,-83.9734,0.4,5.912,18.475,-84.202
09-05-2025-Fri 20-52-03-PM,0.2,5.908,36.925000000000004,-86.01,0.0,5.92,inf,-84.2343,-0.3,5.916,-24.650000000000006,-84.538,0.0,5.912,inf,-83.6147,-0.1,5.904,-73.8,-83.017,0.2,5.92,37.0,-82.7339,-0.1,5.904,-73.8,-84.115,0.2,5.912,36.95,-85.0493,0.2,5.908,36.925000000000004,-87.7857,0.0,5.92,inf,-85.929,-0.3,5.916,-24.650000000000006,-85.7663,0.0,5.912,inf,-84.027,-0.1,5.904,-73.8,-82.7013,0.2,5.92,37.0,-83.332,-0.1,5.904,-73.8,-84.5604,0.2,5.912,36.95,-84.805
09-05-2025-Fri 20-52-05-PM,0.4,5.908,18.462500000000002,-86.043,-0.1,5.912,-73.9,-84.2994,-0.2,5.916,-36.975,-84.549,-0.1,5.912,-73.9,-83.5821,-0.1,5.908,-73.85000000000001,-83.006,0.0,5.92,inf,-82.7666,0.0,5.904,inf,-84.147,-0.2,5.912,-36.95,-85.0819,0.4,5.908,18.462500000000002,-87.7857,-0.1,5.912,-73.9,-85.95,-0.2,5.916,-36.975,-85.7663,-0.1,5.912,-73.9,-84.006,-0.1,5.908,-73.85000000000001,-82.6686,0.0,5.92,inf,-83.343,0.0,5.904,inf,-84.593,-0.2,5.912,-36.95,-84.837
09-05-2025-Fri 20-52-07-PM,0.0,5.908,inf,-86.108,0.0,5.912,inf,-84.3974,0.1,5.912,73.9,-84.615,0.1,5.908,73.85000000000001,-83.6472,0.0,5.904,inf,-83.06,0.0,5.92,inf,-82.7992,0.0,5.908,inf,-84.191,-0.2,5.912,-36.95,-85.1471,0.0,5.908,inf,-87.8183,0.0,5.912,inf,-86.005,0.1,5.912,73.9,-85.799,0.1,5.908,73.85000000000001,-84.06,0.0,5.904,inf,-82.7339,0.0,5.92,inf,-83.386,0.0,5.908,inf,-84.6255,-0.2,5.912,-36.95,-84.886
09-05-2025-Fri 20-53-02-PM,-0.1,5.904,-73.8,-86.613,0.1,5.916,73.95,-84.9515,0.1,5.916,73.95,-85.136,-0.2,5.912,-36.95,-84.1691,-0.1,5.908,-73.85000000000001,-83.647,0.0,5.92,inf,-83.419,0.0,5.904,inf,-84.756,-0.1,5.912,-73.9,-85.7011,-0.1,5.904,-73.8,-88.274,0.1,5.916,73.95,-86.504,0.1,5.916,73.95,-86.2877,-0.2,5.912,-36.95,-84.604,-0.1,5.908,-73.85000000000001,-83.3538,0.0,5.92,inf,-83.973,0.0,5.904,inf,-85.1471,-0.1,5.912,-73.9,-85.424
09-05-2025-Fri 20-53-04-PM,0.1,5.904,73.8,-86.629,-0.2,5.912,-36.95,-84.9515,-0.2,5.916,-36.975,-85.19,0.1,5.916,73.95,-84.2994,-0.2,5.908,-36.925000000000004,-83.702,0.0,5.92,inf,-83.4516,0.0,5.908,inf,-84.777,0.3,5.912,24.633333333333336,-85.7337,0.1,5.904,73.8,-88.3066,-0.2,5.912,-36.95,-86.526,-0.2,5.916,-36.975,-86.3203,0.1,5.916,73.95,-84.658,-0.2,5.908,-36.925000000000004,-83.3538,0.0,5.92,inf,-83.984,0.0,5.908,inf,-85.1471,0.3,5.912,24.633333333333336,-85.44
09-05-2025-Fri 20-53-06-PM,0.1,5.904,73.8,-86.613,-0.1,5.916,-73.95,-84.919,-0.1,5.916,-73.95,-85.147,-0.1,5.912,-73.9,-84.2017,-0.2,5.908,-36.925000000000004,-83.691,-0.1,5.916,-73.95,-83.4842,0.0,5.904,inf,-84.799,0.1,5.912,73.9,-85.7337,0.1,5.904,73.8,-88.3066,-0.1,5.916,-73.95,-86.515,-0.1,5.916,-73.95,-86.3203,-0.1,5.912,-73.9,-84.636,-0.2,5.908,-36.925000000000004,-83.3864,-0.1,5.916,-73.95,-84.017,0.0,5.904,inf,-85.1797,0.1,5.912,73.9,-85.457
09-05-2025-Fri 20-53-09-PM,0.2,5.904,36.9,-86.694,0.0,5.912,inf,-85.0819,-0.1,5.916,-73.95,-85.234,0.1,5.916,73.95,-84.267,0.1,5.904,73.8,-83.723,0.1,5.916,73.95,-83.4842,-0.1,5.908,-73.85000000000001,-84.821,0.1,5.912,73.9,-85.7663,0.2,5.904,36.9,-88.3066,0.0,5.912,inf,-86.58,-0.1,5.916,-73.95,-86.3528,0.1,5.916,73.95,-84.68,0.1,5.904,73.8,-83.419,0.1,5.916,73.95,-84.038,-0.1,5.908,-73.85000000000001,-85.2123,0.1,5.912,73.9,-85.489
09-05-2025-Fri 20-53-12-PM,0.1,5.908,73.85000000000001,-86.694,0.0,5.912,inf,-85.0493,0.0,5.912,inf,-85.234,0.1,5.912,73.9,-84.267,-0.3,5.908,-24.61666666666667,-83.745,0.1,5.92,74.0,-83.5168,-0.2,5.908,-36.925000000000004,-84.854,-0.1,5.908,-73.85000000000001,-85.799,0.1,5.908,73.85000000000001,-88.3391,0.0,5.912,inf,-86.591,0.0,5.912,inf,-86.3854,0.1,5.912,73.9,-84.701,-0.3,5.908,-24.61666666666667,-83.4516,0.1,5.92,74.0,-84.071,-0.2,5.908,-36.925000000000004,-85.2449,-0.1,5.908,-73.85000000000001,-85.522
09-05-2025-Fri 20-53-14-PM,0.2,5.908,36.925000000000004,-86.694,-0.2,5.912,-36.95,-85.0167,0.1,5.916,73.95,-85.245,-0.1,5.912,-73.9,-84.3322,-0.2,5.904,-36.9,-83.789,0.0,5.92,inf,-83.5495,0.1,5.904,73.8,-84.875,0.0,5.908,inf,-85.8315,0.2,5.908,36.925000000000004,-88.3716,-0.2,5.912,-36.95,-86.591,0.1,5.916,73.95,-86.3854,-0.1,5.912,-73.9,-84.734,-0.2,5.904,-36.9,-83.4842,0.0,5.92,inf,-84.093,0.1,5.904,73.8,-85.2449,0.0,5.908,inf,-85.538
09-05-2025-Fri 20-54-45-PM,0.3,5.904,24.6,-87.329,-0.1,5.916,-73.95,-85.8315,-0.2,5.916,-36.975,-85.973,-0.3,5.912,-24.633333333333336,-85.0819,-0.1,5.908,-73.85000000000001,-84.604,-0.1,5.92,-74.0,-84.3974,0.0,5.908,inf,-85.614,-0.1,5.908,-73.85000000000001,-86.5482,0.3,5.904,24.6,-88.8274,-0.1,5.916,-73.95,-87.221,-0.2,5.916,-36.975,-87.0042,-0.3,5.912,-24.633333333333336,-85.473,-0.1,5.908,-73.85000000000001,-84.3322,-0.1,5.92,-74.0,-84.875,0.0,5.908,inf,-85.8967,-0.1,5.908,-73.85000000000001,-86.222
09-05-2025-Fri 20-54-47-PM,0.0,5.908,inf,-87.329,0.3,5.916,24.650000000000006,-85.799,0.0,5.912,inf,-85.973,0.2,5.916,36.975,-85.0819,0.0,5.908,inf,-84.626,0.0,5.916,inf,-84.4299,0.1,5.908,73.85000000000001,-85.636,0.1,5.912,73.9,-86.5807,0.0,5.908,inf,-88.8598,0.3,5.916,24.650000000000006,-87.232,0.0,5.912,inf,-87.0368,0.2,5.916,36.975,-85.494,0.0,5.908,inf,-84.3647,0.0,5.916,inf,-84.897,0.1,5.908,73.85000000000001,-85.8967,0.1,5.912,73.9,-86.239
09-05-2025-Fri 20-54-49-PM,0.3,5.904,24.6,-87.378,0.0,5.916,inf,-85.8967,0.3,5.916,24.650000000000006,-85.994,0.0,5.912,inf,-85.0819,-0.2,5.904,-36.9,-84.647,-0.1,5.924,-74.05,-84.4625,-0.3,5.908,-24.61666666666667,-85.668,0.0,5.912,inf,-86.6134,0.3,5.904,24.6,-88.8598,0.0,5.916,inf,-87.254,0.3,5.916,24.650000000000006,-87.0042,0.0,5.912,inf,-85.494,-0.2,5.904,-36.9,-84.3974,-0.1,5.924,-74.05,-84.93,-0.3,5.908,-24.61666666666667,-85.9292,0.0,5.912,inf,-86.271
09-05-2025-Fri 20-54-52-PM,0.1,5.908,73.85000000000001,-87.443,0.1,5.916,73.95,-86.0269,-0.2,5.916,-36.975,-86.059,-0.4,5.912,-18.475,-85.1145,-0.1,5.904,-73.8,-84.658,-0.2,5.916,-36.975,-84.4625,0.0,5.904,inf,-85.679,0.0,5.908,inf,-86.6134,0.1,5.908,73.85000000000001,-88.8598,0.1,5.916,73.95,-87.308,-0.2,5.916,-36.975,-87.0368,-0.4,5.912,-18.475,-85.516,-0.1,5.904,-73.8,-84.3974,-0.2,5.916,-36.975,-84.941,0.0,5.904,inf,-85.9619,0.0,5.908,inf,-86.288
09-05-2025-Fri 20-54-54-PM,0.3,5.908,24.61666666666667,-87.394,0.3,5.912,24.633333333333336,-85.9292,-0.2,5.916,-36.975,-86.059,-0.2,5.912,-36.95,-85.1797,-0.2,5.904,-36.9,-84.702,-0.1,5.92,-74.0,-84.4625,0.1,5.908,73.85000000000001,-85.679,0.1,5.912,73.9,-86.6134,0.3,5.908,24.61666666666667,-88.8598,0.3,5.912,24.633333333333336,-87.286,-0.2,5.916,-36.975,-87.0693,-0.2,5.912,-36.95,-85.57,-0.2,5.904,-36.9,-84.4625,-0.1,5.92,-74.0,-84.962,0.1,5.908,73.85000000000001,-85.9619,0.1,5.912,73.9,-86.288
09-05-2025-Fri 20-56-04-PM,0.3,5.904,24.6,-88.274,0.1,5.916,73.95,-86.6786,0.0,5.912,inf,-86.863,0.0,5.912,inf,-85.9619,0.0,5.904,inf,-85.484,0.0,5.92,inf,-85.2449,-0.1,5.908,-73.85000000000001,-86.515,0.1,5.912,73.9,-87.3299,0.3,5.904,24.6,-89.8684,0.1,5.916,73.95,-88.165,0.0,5.912,inf,-87.9485,0.0,5.912,inf,-86.385,0.0,5.904,inf,-85.2449,0.0,5.92,inf,-85.82,-0.1,5.908,-73.85000000000001,-86.9717,0.1,5.912,73.9,-87.151
09-05-2025-Fri 20-56-06-PM,0.4,5.908,18.462500000000002,-88.257,0.0,5.912,inf,-86.5482,-0.1,5.916,-73.95,-86.863,-0.1,5.912,-73.9,-86.0269,-0.3,5.904,-24.6,-85.516,0.0,5.916,inf,-85.2775,0.1,5.904,73.8,-86.559,-0.1,5.912,-73.9,-87.3624,0.4,5.908,18.462500000000002,-89.966,0.0,5.912,inf,-88.176,-0.1,5.916,-73.95,-88.0136,-0.1,5.912,-73.9,-86.428,-0.3,5.904,-24.6,-85.2449,0.0,5.916,inf,-85.853,0.1,5.904,73.8,-87.0368,-0.1,5.912,-73.9,-87.2
09-05-2025-Fri 20-56-08-PM,0.1,5.904,73.8,-88.355,-0.1,5.912,-73.9,-86.6786,0.2,5.912,36.95,-86.917,-0.2,5.908,-36.925000000000004,-85.9619,-0.3,5.9,-24.583333333333336,-85.527,-0.1,5.92,-74.0,-85.3102,0.1,5.904,73.8,-86.613,0.1,5.908,73.85000000000001,-87.4276,0.1,5.904,73.8,-90.031,-0.1,5.912,-73.9,-88.274,0.2,5.912,36.95,-88.1113,-0.2,5.908,-36.925000000000004,-86.461,-0.3,5.9,-24.583333333333336,-85.3102,-0.1,5.92,-74.0,-85.907,0.1,5.904,73.8,-87.1019,0.1,5.908,73.85000000000001,-87.265
09-05-2025-Fri 20-56-11-PM,0.0,5.904,inf,-88.42,-0.2,5.916,-36.975,-86.7111,-0.2,5.916,-36.975,-86.982,-0.1,5.912,-73.9,-86.0921,0.0,5.904,inf,-85.603,0.1,5.916,73.95,-85.3753,0.1,5.908,73.85000000000001,-86.678,0.1,5.912,73.9,-87.4927,0.0,5.904,inf,-90.1286,-0.2,5.916,-36.975,-88.328,-0.2,5.916,-36.975,-88.1439,-0.1,5.912,-73.9,-86.526,0.0,5.904,inf,-85.3427,0.1,5.916,73.95,-85.962,0.1,5.908,73.85000000000001,-87.1671,0.1,5.912,73.9,-87.33
09-05-2025-Fri 20-56-13-PM,0.0,5.904,inf,-88.469,-0.1,5.912,-73.9,-86.7762,-0.2,5.916,-36.975,-87.026,0.1,5.912,73.9,-86.0921,-0.2,5.908,-36.925000000000004,-85.625,0.1,5.92,74.0,-85.4079,0.0,5.904,inf,-86.711,0.1,5.912,73.9,-87.5253,0.0,5.904,inf,-90.161,-0.1,5.912,-73.9,-88.382,-0.2,5.916,-36.975,-88.2089,0.1,5.912,73.9,-86.559,-0.2,5.908,-36.925000000000004,-85.3753,0.1,5.92,74.0,-85.994,0.0,5.904,inf,-87.1996,0.1,5.912,73.9,-87.362
09-05-2025-Fri 20-56-15-PM,0.2,5.908,36.925000000000004,-88.517,0.1,5.912,73.9,-86.7762,-0.1,5.912,-73.9,-87.058,-0.2,5.916,-36.975,-86.1573,0.1,5.904,73.8,-85.679,0.1,5.92,74.0,-85.4404,0.1,5.904,73.8,-86.743,-0.1,5.912,-73.9,-87.5578,0.2,5.908,36.925000000000004,-90.2587,0.1,5.912,73.9,-88.425,-0.1,5.912,-73.9,-88.2415,-0.2,5.916,-36.975,-86.613,0.1,5.904,73.8,-85.4404,0.1,5.92,74.0,-86.038,0.1,5.904,73.8,-87.2321,-0.1,5.912,-73.9,-87.395
09-05-2025-Fri 20-56-49-PM,0.0,5.908,inf,-89.136,-0.1,5.912,-73.9,-87.2648,-0.3,5.912,-24.633333333333336,-87.634,0.2,5.912,36.95,-86.7436,-0.1,5.904,-73.8,-86.233,0.1,5.916,73.95,-85.9944,0.1,5.904,73.8,-87.33,0.1,5.912,73.9,-88.1439,0.0,5.908,inf,-91.0065,-0.1,5.912,-73.9,-89.055,-0.3,5.912,-24.633333333333336,-88.8924,0.2,5.912,36.95,-87.199,-0.1,5.904,-73.8,-85.9619,0.1,5.916,73.95,-86.602,0.1,5.904,73.8,-87.8509,0.1,5.912,73.9,-87.997
09-05-2025-Fri 20-56-51-PM,0.1,5.904,73.8,-89.217,0.0,5.912,inf,-87.3624,-0.1,5.912,-73.9,-87.71,-0.1,5.908,-73.85000000000001,-86.8414,-0.1,5.904,-73.8,-86.288,-0.1,5.916,-73.95,-86.0269,0.0,5.908,inf,-87.373,0.2,5.908,36.925000000000004,-88.2089,0.1,5.904,73.8,-91.0716,0.0,5.912,inf,-89.12,-0.1,5.912,-73.9,-88.9249,-0.1,5.908,-73.85000000000001,-87.254,-0.1,5.904,-73.8,-85.9944,-0.1,5.916,-73.95,-86.635,0.0,5.908,inf,-87.8833,0.2,5.908,36.925000000000004,-88.046
09-05-2025-Fri 20-56-53-PM,0.2,5.908,36.925000000000004,-89.282,0.1,5.916,73.95,-87.4601,-0.2,5.912,-36.95,-87.764,-0.2,5.912,-36.95,-86.874,0.1,5.904,73.8,-86.32,-0.1,5.92,-74.0,-86.0596,-0.1,5.908,-73.85000000000001,-87.384,0.1,5.912,73.9,-88.2089,0.2,5.908,36.925000000000004,-91.1041,0.1,5.916,73.95,-89.174,-0.2,5.912,-36.95,-88.9575,-0.2,5.912,-36.95,-87.286,0.1,5.904,73.8,-86.0269,-0.1,5.92,-74.0,-86.657,-0.1,5.908,-73.85000000000001,-87.8833,0.1,5.912,73.9,-88.046
09-05-2025-Fri 20-56-56-PM,0.1,5.904,73.8,-89.282,-0.1,5.912,-73.9,-87.4276,0.0,5.916,inf,-87.753,0.0,5.912,inf,-86.8089,-0.1,5.908,-73.85000000000001,-86.32,-0.1,5.92,-74.0,-86.0921,-0.1,5.904,-73.8,-87.427,0.2,5.912,36.95,-88.2415,0.1,5.904,73.8,-91.1365,-0.1,5.912,-73.9,-89.196,0.0,5.916,inf,-89.0225,0.0,5.912,inf,-87.297,-0.1,5.908,-73.85000000000001,-86.0596,-0.1,5.92,-74.0,-86.7,-0.1,5.904,-73.8,-87.9485,0.2,5.912,36.95,-88.095
09-05-2025-Fri 20-56-58-PM,0.2,5.908,36.925000000000004,-89.331,-0.2,5.916,-36.975,-87.4927,0.0,5.912,inf,-87.818,0.0,5.912,inf,-86.9065,-0.3,5.904,-24.6,-86.385,-0.1,5.92,-74.0,-86.1248,-0.1,5.904,-73.8,-87.471,0.3,5.912,24.633333333333336,-88.3066,0.2,5.908,36.925000000000004,-91.1691,-0.2,5.916,-36.975,-89.239,0.0,5.912,inf,-89.0551,0.0,5.912,inf,-87.362,-0.3,5.904,-24.6,-86.1248,-0.1,5.92,-74.0,-86.744,-0.1,5.904,-73.8,-87.9811,0.3,5.912,24.633333333333336,-88.144
09-05-2025-Fri 20-57-00-PM,0.0,5.904,inf,-89.38,-0.1,5.912,-73.9,-87.5578,-0.1,5.916,-73.95,-87.84,0.1,5.912,73.9,-86.874,-0.3,5.904,-24.6,-86.396,0.2,5.92,37.0,-86.1899,0.0,5.908,inf,-87.525,0.1,5.908,73.85000000000001,-88.3391,0.0,5.904,inf,-91.2016,-0.1,5.912,-73.9,-89.282,-0.1,5.916,-73.95,-89.0876,0.1,5.912,73.9,-87.362,-0.3,5.904,-24.6,-86.1248,0.2,5.92,37.0,-86.787,0.0,5.908,inf,-88.0461,0.1,5.908,73.85000000000001,-88.193
09-05-2025-Fri 20-57-03-PM,0.2,5.912,36.95,-89.363,-0.1,5.916,-73.95,-87.4927,-0.1,5.916,-73.95,-87.861,0.0,5.912,inf,-86.9717,-0.1,5.908,-73.85000000000001,-86.461,0.3,5.92,24.66666666666667,-86.2225,-0.2,5.912,-36.95,-87.558,-0.1,5.912,-73.9,-88.3716,0.2,5.912,36.95,-91.2341,-0.1,5.916,-73.95,-89.282,-0.1,5.916,-73.95,-89.1201,0.0,5.912,inf,-87.427,-0.1,5.908,-73.85000000000001,-86.1899,0.3,5.92,24.66666666666667,-86.83,-0.2,5.912,-36.95,-88.0787,-0.1,5.912,-73.9,-88.225
09-05-2025-Fri 20-57-05-PM,0.1,5.908,73.85000000000001,-89.428,0.1,5.916,73.95,-87.5578,-0.2,5.916,-36.975,-87.916,-0.2,5.912,-36.95,-87.0042,-0.2,5.904,-36.9,-86.461,0.1,5.92,74.0,-86.1899,-0.1,5.904,-73.8,-87.568,0.1,5.912,73.9,-88.4042,0.1,5.908,73.85000000000001,-91.299,0.1,5.916,73.95,-89.347,-0.2,5.916,-36.975,-89.1852,-0.2,5.912,-36.95,-87.46,-0.2,5.904,-36.9,-86.1899,0.1,5.92,74.0,-86.83,-0.1,5.904,-73.8,-88.1113,0.1,5.912,73.9,-88.258
09-05-2025-Fri 20-57-07-PM,0.0,5.904,inf,-89.461,0.1,5.916,73.95,-87.5904,-0.1,5.912,-73.9,-87.948,0.3,5.912,24.633333333333336,-87.0693,-0.1,5.904,-73.8,-86.526,-0.1,5.916,-73.95,-86.255,-0.2,5.908,-36.925000000000004,-87.612,0.1,5.912,73.9,-88.4368,0.0,5.904,inf,-91.3316,0.1,5.916,73.95,-89.369,-0.1,5.912,-73.9,-89.1852,0.3,5.912,24.633333333333336,-87.503,-0.1,5.904,-73.8,-86.255,-0.1,5.916,-73.95,-86.885,-0.2,5.908,-36.925000000000004,-88.1439,0.1,5.912,73.9,-88.29
09-05-2025-Fri 20-57-10-PM,0.2,5.908,36.925000000000004,-89.494,0.1,5.912,73.9,-87.623,0.0,5.912,inf,-87.981,-0.1,5.916,-73.95,-87.0693,0.1,5.908,73.85000000000001,-86.559,0.1,5.92,74.0,-86.3203,0.1,5.904,73.8,-87.666,-0.1,5.912,-73.9,-88.4693,0.2,5.908,36.925000000000004,-91.3641,0.1,5.912,73.9,-89.412,0.0,5.912,inf,-89.2503,-0.1,5.916,-73.95,-87.536,0.1,5.908,73.85000000000001,-86.2877,0.1,5.92,74.0,-86.939,0.1,5.904,73.8,-88.2089,-0.1,5.912,-73.9,-88.339
09-05-2025-Fri 20-57-12-PM,-0.1,5.908,-73.85000000000001,-89.51,0.1,5.912,73.9,-87.623,0.1,5.912,73.9,-88.013,-0.1,5.912,-73.9,-87.1345,-0.1,5.904,-73.8,-86.603,-0.2,5.92,-37.0,-86.3203,0.0,5.904,inf,-87.699,0.0,5.912,inf,-88.5344,-0.1,5.908,-73.85000000000001,-91.3966,0.1,5.912,73.9,-89.434,0.1,5.912,73.9,-89.2829,-0.1,5.912,-73.9,-87.59,-0.1,5.904,-73.8,-86.3528,-0.2,5.92,-37.0,-86.972,0.0,5.904,inf,-88.2415,0.0,5.912,inf,-88.388
09-05-2025-Fri 20-58-27-PM,0.1,5.908,73.85000000000001,-90.502,-0.1,5.912,-73.9,-88.6646,-0.2,5.916,-36.975,-89.012,-0.1,5.908,-73.85000000000001,-88.0787,0.1,5.904,73.8,-87.59,0.0,5.92,inf,-87.3624,0.1,5.908,73.85000000000001,-88.697,0.1,5.912,73.9,-89.5431,0.1,5.908,73.85000000000001,-92.3391,-0.1,5.912,-73.9,-90.432,-0.2,5.916,-36.975,-90.2913,-0.1,5.908,-73.85000000000001,-88.567,0.1,5.904,73.8,-87.3299,0.0,5.92,inf,-87.959,0.1,5.908,73.85000000000001,-89.1852,0.1,5.912,73.9,-89.364
09-05-2025-Fri 20-58-30-PM,0.1,5.904,73.8,-90.534,-0.1,5.916,-73.95,-88.6971,-0.3,5.912,-24.633333333333336,-89.044,-0.4,5.912,-18.475,-88.1439,-0.1,5.904,-73.8,-87.634,0.0,5.916,inf,-87.3949,-0.2,5.904,-36.9,-88.729,0.0,5.912,inf,-89.5757,0.1,5.904,73.8,-92.3715,-0.1,5.916,-73.95,-90.453,-0.3,5.912,-24.633333333333336,-90.2913,-0.4,5.912,-18.475,-88.599,-0.1,5.904,-73.8,-87.3624,0.0,5.916,inf,-87.992,-0.2,5.904,-36.9,-89.2178,0.0,5.912,inf,-89.397
09-05-2025-Fri 20-58-32-PM,0.0,5.904,inf,-90.551,0.1,5.912,73.9,-88.7296,-0.2,5.916,-36.975,-89.077,-0.1,5.912,-73.9,-88.1764,0.1,5.904,73.8,-87.655,-0.2,5.916,-36.975,-87.3949,-0.1,5.904,-73.8,-88.74,-0.2,5.912,-36.95,-89.6082,0.0,5.904,inf,-92.3715,0.1,5.912,73.9,-90.475,-0.2,5.916,-36.975,-90.3236,-0.1,5.912,-73.9,-88.632,0.1,5.904,73.8,-87.3949,-0.2,5.916,-36.975,-88.003,-0.1,5.904,-73.8,-89.2178,-0.2,5.912,-36.95,-89.413
09-05-2025-Fri 20-58-35-PM,0.0,5.904,inf,-90.648,0.2,5.916,36.975,-88.8598,-0.2,5.912,-36.95,-89.131,-0.3,5.916,-24.650000000000006,-88.1764,-0.2,5.908,-36.925000000000004,-87.666,0.0,5.92,inf,-87.4276,0.1,5.908,73.85000000000001,-88.773,0.1,5.916,73.95,-89.6407,0.0,5.904,inf,-92.4365,0.2,5.916,36.975,-90.551,-0.2,5.912,-36.95,-90.3562,-0.3,5.916,-24.650000000000006,-88.642,-0.2,5.908,-36.925000000000004,-87.3949,0.0,5.92,inf,-88.024,0.1,5.908,73.85000000000001,-89.2503,0.1,5.916,73.95,-89.446
09-05-2025-Fri 20-58-37-PM,0.1,5.908,73.85000000000001,-90.616,0.1,5.916,73.95,-88.7948,0.0,5.916,inf,-89.142,0.1,5.912,73.9,-88.2415,-0.1,5.904,-73.8,-87.721,0.1,5.92,74.0,-87.4927,-0.2,5.904,-36.9,-88.816,0.0,5.908,inf,-89.6407,0.1,5.908,73.85000000000001,-92.4365,0.1,5.916,73.95,-90.54,0.0,5.916,inf,-90.3887,0.1,5.912,73.9,-88.686,-0.1,5.904,-73.8,-87.4276,0.1,5.92,74.0,-88.079,-0.2,5.904,-36.9,-89.3154,0.0,5.908,inf,-89.478
09-05-2025-Fri 20-58-39-PM,0.2,5.904,36.9,-90.632,0.3,5.912,24.633333333333336,-88.7948,-0.2,5.912,-36.95,-89.153,0.0,5.912,inf,-88.2415,0.0,5.904,inf,-87.742,0.2,5.92,37.0,-87.4927,0.1,5.904,73.8,-88.838,-0.1,5.908,-73.85000000000001,-89.7057,0.2,5.904,36.9,-92.469,0.3,5.912,24.633333333333336,-90.562,-0.2,5.912,-36.95,-90.4213,0.0,5.912,inf,-88.718,0.0,5.904,inf,-87.4927,0.2,5.92,37.0,-88.1,0.1,5.904,73.8,-89.3154,-0.1,5.908,-73.85000000000001,-89.511
09-05-2025-Fri 20-58-42-PM,-0.3,5.904,-24.6,-90.697,0.1,5.916,73.95,-88.8924,-0.3,5.916,-24.650000000000006,-89.218,0.1,5.912,73.9,-88.3066,0.1,5.904,73.8,-87.797,0.1,5.916,73.95,-87.5578,0.0,5.904,inf,-88.881,0.3,5.908,24.61666666666667,-89.7383,-0.3,5.904,-24.6,-92.5014,0.1,5.916,73.95,-90.616,-0.3,5.916,-24.650000000000006,-90.4538,0.1,5.912,73.9,-88.762,0.1,5.904,73.8,-87.5253,0.1,5.916,73.95,-88.144,0.0,5.904,inf,-89.3478,0.3,5.908,24.61666666666667,-89.543
09-05-2025-Fri 20-58-44-PM,0.2,5.908,36.925000000000004,-90.729,0.0,5.912,inf,-88.9249,-0.2,5.912,-36.95,-89.228,0.1,5.912,73.9,-88.3066,0.0,5.904,inf,-87.797,0.0,5.92,inf,-87.5578,0.0,5.908,inf,-88.903,0.1,5.912,73.9,-89.7708,0.2,5.908,36.925000000000004,-92.534,0.0,5.912,inf,-90.638,-0.2,5.912,-36.95,-90.4538,0.1,5.912,73.9,-88.762,0.0,5.904,inf,-87.5253,0.0,5.92,inf,-88.154,0.0,5.908,inf,-89.3804,0.1,5.912,73.9,-89.576
09-05-2025-Fri 20-58-46-PM,0.0,5.904,inf,-90.778,0.1,5.912,73.9,-89.0225,-0.1,5.912,-73.9,-89.261,0.0,5.908,inf,-88.274,-0.2,5.9,-36.875,-87.818,0.2,5.92,37.0,-87.5904,-0.1,5.904,-73.8,-88.936,0.2,5.912,36.95,-89.8034,0.0,5.904,inf,-92.534,0.1,5.912,73.9,-90.681,-0.1,5.912,-73.9,-90.4863,0.0,5.908,inf,-88.784,-0.2,5.9,-36.875,-87.5904,0.2,5.92,37.0,-88.198,-0.1,5.904,-73.8,-89.413,0.2,5.912,36.95,-89.608
09-05-2025-Fri 20-58-49-PM,0.2,5.904,36.9,-90.762,0.0,5.912,inf,-88.9575,-0.2,5.912,-36.95,-89.283,-0.1,5.912,-73.9,-88.3716,-0.4,5.908,-18.462500000000002,-87.872,-0.1,5.92,-74.0,-87.6555,0.1,5.904,73.8,-88.979,0.0,5.908,inf,-89.8358,0.2,5.904,36.9,-92.5665,0.0,5.912,inf,-90.681,-0.2,5.912,-36.95,-90.5188,-0.1,5.912,-73.9,-88.827,-0.4,5.908,-18.462500000000002,-87.5904,-0.1,5.92,-74.0,-88.23,0.1,5.904,73.8,-89.4455,0.0,5.908,inf,-89.641
09-05-2025-Fri 20-58-51-PM,0.1,5.904,73.8,-90.778,0.1,5.916,73.95,-88.99,-0.2,5.916,-36.975,-89.315,0.1,5.912,73.9,-88.3716,-0.1,5.904,-73.8,-87.883,0.2,5.92,37.0,-87.6555,0.2,5.908,36.925000000000004,-88.979,0.0,5.908,inf,-89.8358,0.1,5.904,73.8,-92.5665,0.1,5.916,73.95,-90.713,-0.2,5.916,-36.975,-90.5839,0.1,5.912,73.9,-88.86,-0.1,5.904,-73.8,-87.623,0.2,5.92,37.0,-88.241,0.2,5.908,36.925000000000004,-89.4455,0.0,5.908,inf,-89.641
09-05-2025-Fri 20-59-48-PM,0.1,5.908,73.85000000000001,-91.997,0.1,5.916,73.95,-90.031,-0.2,5.912,-36.95,-90.421,-0.1,5.908,-73.85000000000001,-89.413,-0.3,5.904,-24.6,-88.838,0.0,5.916,inf,-88.567,0.1,5.904,73.8,-90.042,0.1,5.912,73.9,-90.8439,0.1,5.908,73.85000000000001,-93.963,0.1,5.916,73.95,-91.938,-0.2,5.912,-36.95,-91.8191,-0.1,5.908,-73.85000000000001,-89.922,-0.3,5.904,-24.6,-88.5344,0.0,5.916,inf,-89.272,0.1,5.904,73.8,-90.714,0.1,5.912,73.9,-90.779
09-05-2025-Fri 20-59-51-PM,0.3,5.904,24.6,-92.03,0.0,5.912,inf,-90.031,0.0,5.912,inf,-90.454,0.1,5.912,73.9,-89.4781,-0.3,5.904,-24.6,-88.892,0.1,5.916,73.95,-88.6321,0.2,5.904,36.9,-90.096,0.1,5.908,73.85000000000001,-90.9091,0.3,5.904,24.6,-94.028,0.0,5.912,inf,-91.97,0.0,5.912,inf,-91.8516,0.1,5.912,73.9,-89.966,-0.3,5.904,-24.6,-88.567,0.1,5.916,73.95,-89.315,0.2,5.904,36.9,-90.7464,0.1,5.908,73.85000000000001,-90.828
09-05-2025-Fri 20-59-53-PM,0.3,5.908,24.61666666666667,-92.094,0.0,5.912,inf,-90.0636,-0.1,5.916,-73.95,-90.519,-0.2,5.912,-36.95,-89.5757,0.0,5.904,inf,-88.968,-0.2,5.916,-36.975,-88.6971,0.1,5.904,73.8,-90.15,0.0,5.912,inf,-90.9739,0.3,5.908,24.61666666666667,-94.1253,0.0,5.912,inf,-92.035,-0.1,5.916,-73.95,-91.9166,-0.2,5.912,-36.95,-90.041,0.0,5.904,inf,-88.6321,-0.2,5.916,-36.975,-89.369,0.1,5.904,73.8,-90.779,0.0,5.912,inf,-90.876
09-05-2025-Fri 20-59-55-PM,0.3,5.904,24.6,-92.127,0.2,5.912,36.95,-90.0961,0.0,5.912,inf,-90.54,0.1,5.912,73.9,-89.5431,0.0,5.908,inf,-88.99,0.1,5.916,73.95,-88.7296,0.0,5.908,inf,-90.204,0.0,5.908,inf,-91.0065,0.3,5.904,24.6,-94.1578,0.2,5.912,36.95,-92.078,0.0,5.912,inf,-91.9816,0.1,5.912,73.9,-90.074,0.0,5.908,inf,-88.6971,0.1,5.916,73.95,-89.434,0.0,5.908,inf,-90.8764,0.0,5.908,inf,-90.941
09-05-2025-Fri 20-59-58-PM,0.3,5.904,24.6,-92.208,0.1,5.912,73.9,-90.161,-0.2,5.912,-36.95,-90.594,-0.3,5.916,-24.650000000000006,-89.5757,-0.2,5.904,-36.9,-89.022,0.0,5.916,inf,-88.7622,-0.2,5.904,-36.9,-90.248,0.1,5.912,73.9,-91.0716,0.3,5.904,24.6,-94.2552,0.1,5.912,73.9,-92.154,-0.2,5.912,-36.95,-92.0466,-0.3,5.916,-24.650000000000006,-90.117,-0.2,5.904,-36.9,-88.7296,0.0,5.916,inf,-89.467,-0.2,5.904,-36.9,-90.9091,0.1,5.912,73.9,-90.99
09-05-2025-Fri 21-00-00-PM,0.4,5.908,18.462500000000002,-92.322,0.1,5.916,73.95,-90.3236,-0.1,5.912,-73.9,-90.703,-0.1,5.912,-73.9,-89.7057,-0.3,5.904,-24.6,-89.098,0.0,5.92,inf,-88.8274,0.0,5.904,inf,-90.313,-0.2,5.912,-36.95,-91.1365,0.4,5.908,18.462500000000002,-94.3201,0.1,5.916,73.95,-92.241,-0.1,5.912,-73.9,-92.0791,-0.1,5.912,-73.9,-90.182,-0.3,5.904,-24.6,-88.7622,0.0,5.92,inf,-89.521,0.0,5.904,inf,-90.9739,-0.2,5.912,-36.95,-91.055
09-05-2025-Fri 21-00-02-PM,0.1,5.904,73.8,-92.354,0.2,5.916,36.975,-90.3236,0.1,5.912,73.9,-90.735,0.0,5.912,inf,-89.7383,-0.1,5.904,-73.8,-89.142,-0.1,5.92,-74.0,-88.8598,0.1,5.904,73.8,-90.356,0.1,5.912,73.9,-91.1691,0.1,5.904,73.8,-94.3849,0.2,5.916,36.975,-92.284,0.1,5.912,73.9,-92.144,0.0,5.912,inf,-90.237,-0.1,5.904,-73.8,-88.8274,-0.1,5.92,-74.0,-89.575,0.1,5.904,73.8,-91.039,0.1,5.912,73.9,-91.104
09-05-2025-Fri 21-00-05-PM,0.1,5.904,73.8,-92.403,-0.1,5.916,-73.95,-90.3236,-0.1,5.912,-73.9,-90.779,0.0,5.912,inf,-89.8034,0.0,5.904,inf,-89.196,0.3,5.916,24.650000000000006,-88.9249,0.2,5.908,36.925000000000004,-90.41,0.2,5.912,36.95,-91.2016,0.1,5.904,73.8,-94.4825,-0.1,5.916,-73.95,-92.338,-0.1,5.912,-73.9,-92.2091,0.0,5.912,inf,-90.291,0.0,5.904,inf,-88.8598,0.3,5.916,24.650000000000006,-89.63,0.2,5.908,36.925000000000004,-91.1041,0.2,5.912,36.95,-91.153
09-05-2025-Fri 21-00-33-PM,-0.2,5.904,-36.9,-93.004,0.1,5.916,73.95,-90.9091,-0.2,5.912,-36.95,-91.375,0.0,5.912,inf,-90.3887,0.0,5.904,inf,-89.76,0.0,5.92,inf,-89.4781,0.2,5.908,36.925000000000004,-90.995,0.1,5.912,73.9,-91.8516,-0.2,5.904,-36.9,-95.099,0.1,5.916,73.95,-92.945,-0.2,5.912,-36.95,-92.8264,0.0,5.912,inf,-90.876,0.0,5.904,inf,-89.413,0.0,5.92,inf,-90.183,0.2,5.908,36.925000000000004,-91.6566,0.1,5.912,73.9,-91.754
09-05-2025-Fri 21-00-36-PM,0.2,5.904,36.9,-93.02,-0.1,5.916,-73.95,-90.8764,-0.1,5.912,-73.9,-91.396,-0.3,5.912,-24.633333333333336,-90.4538,-0.1,5.904,-73.8,-89.814,-0.1,5.92,-74.0,-89.5106,0.2,5.908,36.925000000000004,-91.039,0.1,5.908,73.85000000000001,-91.8842,0.2,5.904,36.9,-95.1639,-0.1,5.916,-73.95,-92.966,-0.1,5.912,-73.9,-92.8589,-0.3,5.912,-24.633333333333336,-90.93,-0.1,5.904,-73.8,-89.4781,-0.1,5.92,-74.0,-90.237,0.2,5.908,36.925000000000004,-91.7216,0.1,5.908,73.85000000000001,-91.803
09-05-2025-Fri 21-00-39-PM,0.1,5.904,73.8,-93.069,-0.1,5.916,-73.95,-90.9415,-0.3,5.912,-24.633333333333336,-91.429,0.0,5.916,inf,-90.4538,0.0,5.904,inf,-89.836,-0.2,5.92,-37.0,-89.5431,0.1,5.904,73.8,-91.071,-0.1,5.912,-73.9,-91.9166,0.1,5.904,73.8,-95.1964,-0.1,5.916,-73.95,-93.01,-0.3,5.912,-24.633333333333336,-92.8913,0.0,5.916,inf,-90.952,0.0,5.904,inf,-89.5106,-0.2,5.92,-37.0,-90.269,0.1,5.904,73.8,-91.7542,-0.1,5.912,-73.9,-91.835
09-05-2025-Fri 21-00-41-PM,0.2,5.908,36.925000000000004,-93.118,0.0,5.912,inf,-90.9739,0.1,5.916,73.95,-91.472,-0.3,5.912,-24.633333333333336,-90.4863,-0.2,5.904,-36.9,-89.89,0.0,5.92,inf,-89.6082,-0.1,5.904,-73.8,-91.125,0.3,5.908,24.61666666666667,-91.9816,0.2,5.908,36.925000000000004,-95.2613,0.0,5.912,inf,-93.064,0.1,5.916,73.95,-92.9563,-0.3,5.912,-24.633333333333336,-91.006,-0.2,5.904,-36.9,-89.5757,0.0,5.92,inf,-90.324,-0.1,5.904,-73.8,-91.7867,0.3,5.908,24.61666666666667,-91.884
09-05-2025-Fri 21-00-43-PM,0.2,5.904,36.9,-93.183,0.0,5.916,inf,-91.039,-0.1,5.916,-73.95,-91.516,0.3,5.912,24.633333333333336,-90.5188,-0.1,5.908,-73.85000000000001,-89.912,0.0,5.92,inf,-89.6407,0.1,5.908,73.85000000000001,-91.18,0.2,5.908,36.925000000000004,-92.0466,0.2,5.904,36.9,-95.3262,0.0,5.916,inf,-93.118,-0.1,5.916,-73.95,-92.9888,0.3,5.912,24.633333333333336,-91.028,-0.1,5.908,-73.85000000000001,-89.5757,0.0,5.92,inf,-90.356,0.1,5.908,73.85000000000001,-91.8516,0.2,5.908,36.925000000000004,-91.949
09-05-2025-Fri 21-00-46-PM,-0.1,5.908,-73.85000000000001,-93.248,-0.1,5.912,-73.9,-91.1365,-0.3,5.916,-24.650000000000006,-91.57,-0.2,5.912,-36.95,-90.5188,-0.1,5.908,-73.85000000000001,-89.944,-0.1,5.92,-74.0,-89.7057,0.2,5.908,36.925000000000004,-91.234,0.0,5.912,inf,-92.0791,-0.1,5.908,-73.85000000000001,-95.3586,-0.1,5.912,-73.9,-93.183,-0.3,5.916,-24.650000000000006,-93.0537,-0.2,5.912,-36.95,-91.06,-0.1,5.908,-73.85000000000001,-89.6082,-0.1,5.92,-74.0,-90.41,0.2,5.908,36.925000000000004,-91.9166,0.0,5.912,inf,-91.998
09-05-2025-Fri 21-00-48-PM,0.2,5.908,36.925000000000004,-93.28,-0.1,5.916,-73.95,-91.1365,0.4,5.912,18.475,-91.624,0.1,5.912,73.9,-90.6488,0.2,5.904,36.9,-90.042,0.0,5.92,inf,-89.7708,-0.2,5.904,-36.9,-91.288,0.1,5.912,73.9,-92.1115,0.2,5.908,36.925000000000004,-95.4235,-0.1,5.916,-73.95,-93.215,0.4,5.912,18.475,-93.0862,0.1,5.912,73.9,-91.147,0.2,5.904,36.9,-89.7057,0.0,5.92,inf,-90.486,-0.2,5.904,-36.9,-91.9816,0.1,5.912,73.9,-92.047
09-05-2025-Fri 21-00-51-PM,0.1,5.904,73.8,-93.313,-0.2,5.912,-36.95,-91.1691,0.1,5.912,73.9,-91.667,0.1,5.916,73.95,-90.6814,-0.1,5.908,-73.85000000000001,-90.074,-0.4,5.916,-18.4875,-89.8034,0.2,5.908,36.925000000000004,-91.321,0.0,5.908,inf,-92.1766,0.1,5.904,73.8,-95.456,-0.2,5.912,-36.95,-93.259,0.1,5.912,73.9,-93.1512,0.1,5.916,73.95,-91.19,-0.1,5.908,-73.85000000000001,-89.7383,-0.4,5.916,-18.4875,-90.508,0.2,5.908,36.925000000000004,-91.9816,0.0,5.908,inf,-92.079
09-05-2025-Fri 21-01-19-PM,0.4,5.904,18.45,-93.848,0.1,5.912,73.9,-91.6891,-0.1,5.912,-73.9,-92.198,0.1,5.912,73.9,-91.2341,0.1,5.9,73.75,-90.584,0.1,5.916,73.95,-90.3236,-0.1,5.904,-73.8,-91.84,-0.1,5.912,-73.9,-92.7289,0.4,5.904,18.45,-96.0074,0.1,5.912,73.9,-93.789,-0.1,5.912,-73.9,-93.6708,0.1,5.912,73.9,-91.7,0.1,5.9,73.75,-90.1937,0.1,5.916,73.95,-90.995,-0.1,5.904,-73.8,-92.469,-0.1,5.912,-73.9,-92.599
09-05-2025-Fri 21-01-22-PM,0.2,5.904,36.9,-93.864,-0.1,5.912,-73.9,-91.6891,-0.2,5.916,-36.975,-92.22,-0.2,5.912,-36.95,-91.2341,-0.1,5.904,-73.8,-90.616,-0.1,5.916,-73.95,-90.3562,0.0,5.908,inf,-91.884,0.0,5.908,inf,-92.7613,0.2,5.904,36.9,-96.0399,-0.1,5.912,-73.9,-93.822,-0.2,5.916,-36.975,-93.7357,-0.2,5.912,-36.95,-91.743,-0.1,5.904,-73.8,-90.2587,-0.1,5.916,-73.95,-91.05,0.0,5.908,inf,-92.534,0.0,5.908,inf,-92.648
09-05-2025-Fri 21-01-24-PM,0.3,5.908,24.61666666666667,-93.946,0.1,5.912,73.9,-91.8516,0.2,5.916,36.975,-92.274,-0.2,5.912,-36.95,-91.2341,-0.1,5.904,-73.8,-90.638,0.0,5.92,inf,-90.3887,0.0,5.904,inf,-91.927,0.1,5.912,73.9,-92.8264,0.3,5.908,24.61666666666667,-96.0399,0.1,5.912,73.9,-93.876,0.2,5.916,36.975,-93.7357,-0.2,5.912,-36.95,-91.754,-0.1,5.904,-73.8,-90.2913,0.0,5.92,inf,-91.082,0.0,5.904,inf,-92.5665,0.1,5.912,73.9,-92.696
09-05-2025-Fri 21-01-26-PM,0.1,5.908,73.85000000000001,-93.978,0.0,5.912,inf,-91.8516,-0.1,5.916,-73.95,-92.35,-0.2,5.912,-36.95,-91.3966,-0.1,5.904,-73.8,-90.725,-0.3,5.92,-24.66666666666667,-90.4213,0.2,5.904,36.9,-91.96,-0.1,5.908,-73.85000000000001,-92.8589,0.1,5.908,73.85000000000001,-96.1049,0.0,5.912,inf,-93.919,-0.1,5.916,-73.95,-93.8006,-0.2,5.912,-36.95,-91.851,-0.1,5.904,-73.8,-90.3562,-0.3,5.92,-24.66666666666667,-91.125,0.2,5.904,36.9,-92.5989,-0.1,5.908,-73.85000000000001,-92.729
09-05-2025-Fri 21-01-29-PM,0.2,5.908,36.925000000000004,-93.994,-0.3,5.912,-24.633333333333336,-91.8516,0.0,5.916,inf,-92.36,0.1,5.912,73.9,-91.3966,0.1,5.904,73.8,-90.757,-0.2,5.92,-37.0,-90.4863,-0.2,5.904,-36.9,-92.014,0.2,5.908,36.925000000000004,-92.8913,0.2,5.908,36.925000000000004,-96.1372,-0.3,5.912,-24.633333333333336,-93.941,0.0,5.916,inf,-93.8332,0.1,5.912,73.9,-91.873,0.1,5.904,73.8,-90.3887,-0.2,5.92,-37.0,-91.18,-0.2,5.904,-36.9,-92.664,0.2,5.908,36.925000000000004,-92.778
09-05-2025-Fri 21-01-31-PM,-0.1,5.908,-73.85000000000001,-94.059,0.1,5.912,73.9,-91.949,-0.4,5.916,-18.4875,-92.404,0.0,5.912,inf,-91.4291,-0.2,5.904,-36.9,-90.79,0.0,5.92,inf,-90.5188,0.0,5.908,inf,-92.036,0.1,5.912,73.9,-92.9237,-0.1,5.908,-73.85000000000001,-96.1696,0.1,5.912,73.9,-93.984,-0.4,5.916,-18.4875,-93.8332,0.0,5.912,inf,-91.895,-0.2,5.904,-36.9,-90.4213,0.0,5.92,inf,-91.201,0.0,5.908,inf,-92.664,0.1,5.912,73.9,-92.794
09-05-2025-Fri 21-01-33-PM,0.0,5.908,inf,-94.092,0.1,5.908,73.85000000000001,-92.0141,-0.1,5.916,-73.95,-92.48,0.1,5.916,73.95,-91.5266,-0.1,5.904,-73.8,-90.844,-0.1,5.92,-74.0,-90.5514,0.0,5.908,inf,-92.09,0.2,5.912,36.95,-92.9888,0.0,5.908,inf,-96.1696,0.1,5.908,73.85000000000001,-94.027,-0.1,5.916,-73.95,-93.8981,0.1,5.916,73.95,-91.96,-0.1,5.904,-73.8,-90.4538,-0.1,5.92,-74.0,-91.245,0.0,5.908,inf,-92.7289,0.2,5.912,36.95,-92.859
09-05-2025-Fri 21-02-21-PM,0.3,5.904,24.6,-94.855,0.1,5.912,73.9,-92.7939,-0.3,5.912,-24.633333333333336,-93.194,-0.4,5.912,-18.475,-92.1766,0.0,5.904,inf,-91.581,0.0,5.916,inf,-91.3316,-0.3,5.908,-24.61666666666667,-92.848,0.1,5.912,73.9,-93.7682,0.3,5.904,24.6,-96.9156,0.1,5.912,73.9,-94.774,-0.3,5.912,-24.633333333333336,-94.6122,-0.4,5.912,-18.475,-92.674,0.0,5.904,inf,-91.2341,0.0,5.916,inf,-92.003,-0.3,5.908,-24.61666666666667,-93.4435,0.1,5.912,73.9,-93.606
09-05-2025-Fri 21-02-28-PM,0.1,5.908,73.85000000000001,-94.936,0.0,5.916,inf,-92.8913,-0.1,5.912,-73.9,-93.302,-0.1,5.912,-73.9,-92.3065,0.0,5.904,inf,-91.678,-0.1,5.92,-74.0,-91.4291,-0.1,5.904,-73.8,-92.945,0.0,5.912,inf,-93.8656,0.1,5.908,73.85000000000001,-96.9803,0.0,5.916,inf,-94.86,-0.1,5.912,-73.9,-94.7096,-0.1,5.912,-73.9,-92.772,0.0,5.904,inf,-91.299,-0.1,5.92,-74.0,-92.09,-0.1,5.904,-73.8,-93.5409,0.0,5.912,inf,-93.703
09-05-2025-Fri 21-03-16-PM,0.4,5.904,18.45,-95.617,0.2,5.916,36.975,-93.7033,0.0,5.916,inf,-93.974,0.0,5.912,inf,-92.9237,-0.5,5.904,-14.76,-92.382,0.0,5.92,inf,-92.1766,0.1,5.908,73.85000000000001,-93.649,0.0,5.912,inf,-94.6122,0.4,5.904,18.45,-97.5315,0.2,5.916,36.975,-95.51,0.0,5.916,inf,-95.2938,0.0,5.912,inf,-93.421,-0.5,5.904,-14.76,-92.0466,0.0,5.92,inf,-92.794,0.1,5.908,73.85000000000001,-94.1578,0.0,5.912,inf,-94.385
09-05-2025-Fri 21-03-18-PM,0.0,5.904,inf,-95.65,-0.1,5.912,-73.9,-93.7357,-0.2,5.912,-36.95,-94.028,0.1,5.912,73.9,-92.9888,0.0,5.908,inf,-92.404,-0.2,5.92,-37.0,-92.1766,-0.1,5.904,-73.8,-93.671,0.0,5.912,inf,-94.6447,0.0,5.904,inf,-97.5639,-0.1,5.912,-73.9,-95.553,-0.2,5.912,-36.95,-95.3586,0.1,5.912,73.9,-93.465,0.0,5.908,inf,-92.0466,-0.2,5.92,-37.0,-92.804,-0.1,5.904,-73.8,-94.1903,0.0,5.912,inf,-94.417
09-05-2025-Fri 21-03-20-PM,0.1,5.904,73.8,-95.698,0.1,5.916,73.95,-93.8006,0.0,5.912,inf,-94.071,-0.2,5.912,-36.95,-93.0537,-0.1,5.904,-73.8,-92.458,0.0,5.92,inf,-92.2415,0.0,5.904,inf,-93.692,0.0,5.912,inf,-94.6447,0.1,5.904,73.8,-97.5963,0.1,5.916,73.95,-95.585,0.0,5.912,inf,-95.3586,-0.2,5.912,-36.95,-93.497,-0.1,5.904,-73.8,-92.0791,0.0,5.92,inf,-92.837,0.0,5.904,inf,-94.1903,0.0,5.912,inf,-94.417
09-05-2025-Fri 21-03-23-PM,0.2,5.908,36.925000000000004,-95.715,0.2,5.912,36.95,-93.8332,-0.1,5.916,-73.95,-94.104,-0.1,5.908,-73.85000000000001,-93.0862,-0.1,5.908,-73.85000000000001,-92.48,0.0,5.92,inf,-92.2415,0.0,5.904,inf,-93.714,0.1,5.908,73.85000000000001,-94.6772,0.2,5.908,36.925000000000004,-97.5963,0.2,5.912,36.95,-95.607,-0.1,5.916,-73.95,-95.3911,-0.1,5.908,-73.85000000000001,-93.53,-0.1,5.908,-73.85000000000001,-92.1115,0.0,5.92,inf,-92.859,0.0,5.904,inf,-94.2227,0.1,5.908,73.85000000000001,-94.45
09-05-2025-Fri 21-03-25-PM,0.1,5.904,73.8,-95.731,0.1,5.912,73.9,-93.8332,-0.2,5.912,-36.95,-94.114,-0.1,5.912,-73.9,-93.0862,0.1,5.904,73.8,-92.512,-0.1,5.92,-74.0,-92.274,-0.1,5.908,-73.85000000000001,-93.746,0.0,5.912,inf,-94.7096,0.1,5.904,73.8,-97.6287,0.1,5.912,73.9,-95.628,-0.2,5.912,-36.95,-95.4235,-0.1,5.912,-73.9,-93.562,0.1,5.904,73.8,-92.1766,-0.1,5.92,-74.0,-92.902,-0.1,5.908,-73.85000000000001,-94.2552,0.0,5.912,inf,-94.482
09-05-2025-Fri 21-03-28-PM,0.3,5.908,24.61666666666667,-95.747,0.0,5.916,inf,-93.8332,0.0,5.912,inf,-94.114,0.0,5.916,inf,-93.0537,-0.2,5.908,-36.925000000000004,-92.534,0.1,5.92,74.0,-92.3391,0.2,5.908,36.925000000000004,-93.79,0.0,5.912,inf,-94.7421,0.3,5.908,24.61666666666667,-97.6611,0.0,5.916,inf,-95.65,0.0,5.912,inf,-95.456,0.0,5.916,inf,-93.573,-0.2,5.908,-36.925000000000004,-92.2091,0.1,5.92,74.0,-92.945,0.2,5.908,36.925000000000004,-94.2876,0.0,5.912,inf,-94.515
09-05-2025-Fri 21-05-22-PM,0.1,5.908,73.85000000000001,-96.818,0.1,5.912,73.9,-95.2289,-0.1,5.916,-73.95,-95.348,0.1,5.916,73.95,-94.45,-0.1,5.904,-73.8,-93.92,0.0,5.916,inf,-93.7033,-0.2,5.904,-36.9,-94.98,0.3,5.912,24.633333333333336,-95.9426,0.1,5.908,73.85000000000001,-98.4064,0.1,5.912,73.9,-96.667,-0.1,5.916,-73.95,-96.3643,0.1,5.916,73.95,-94.807,-0.1,5.904,-73.8,-93.6058,0.0,5.916,inf,-94.201,-0.2,5.904,-36.9,-95.2938,0.3,5.912,24.633333333333336,-95.618
09-05-2025-Fri 21-05-25-PM,0.3,5.904,24.6,-96.785,0.1,5.912,73.9,-95.1315,-0.3,5.916,-24.650000000000006,-95.294,0.1,5.912,73.9,-94.3526,0.0,5.908,inf,-93.887,0.1,5.92,74.0,-93.7033,0.0,5.908,inf,-94.991,0.1,5.912,73.9,-95.975,0.3,5.904,24.6,-98.4388,0.1,5.912,73.9,-96.656,-0.3,5.916,-24.650000000000006,-96.3967,0.1,5.912,73.9,-94.785,0.0,5.908,inf,-93.6058,0.1,5.92,74.0,-94.201,0.0,5.908,inf,-95.2938,0.1,5.912,73.9,-95.634
09-05-2025-Fri 21-05-27-PM,0.3,5.904,24.6,-96.834,0.1,5.916,73.95,-95.2289,0.0,5.912,inf,-95.348,-0.4,5.912,-18.475,-94.4175,0.0,5.904,inf,-93.93,0.0,5.92,inf,-93.7357,-0.2,5.908,-36.925000000000004,-95.012,0.1,5.912,73.9,-95.975,0.3,5.904,24.6,-98.4388,0.1,5.916,73.95,-96.688,0.0,5.912,inf,-96.3967,-0.4,5.912,-18.475,-94.818,0.0,5.904,inf,-93.6383,0.0,5.92,inf,-94.233,-0.2,5.908,-36.925000000000004,-95.3262,0.1,5.912,73.9,-95.651
09-05-2025-Fri 21-05-29-PM,0.1,5.904,73.8,-96.85,-0.1,5.912,-73.9,-95.2289,-0.2,5.912,-36.95,-95.326,-0.1,5.916,-73.95,-94.3526,-0.1,5.904,-73.8,-93.92,-0.1,5.92,-74.0,-93.7357,0.0,5.908,inf,-95.034,-0.2,5.912,-36.95,-96.0399,0.1,5.904,73.8,-98.4713,-0.1,5.912,-73.9,-96.699,-0.2,5.912,-36.95,-96.3967,-0.1,5.916,-73.95,-94.807,-0.1,5.904,-73.8,-93.6708,-0.1,5.92,-74.0,-94.244,0.0,5.908,inf,-95.3262,-0.2,5.912,-36.95,-95.683
09-05-2025-Fri 21-05-32-PM,0.1,5.904,73.8,-96.883,-0.1,5.916,-73.95,-95.2938,-0.3,5.916,-24.650000000000006,-95.369,-0.1,5.912,-73.9,-94.3849,-0.2,5.904,-36.9,-93.952,-0.1,5.92,-74.0,-93.8006,0.0,5.904,inf,-95.045,0.2,5.908,36.925000000000004,-96.0074,0.1,5.904,73.8,-98.4713,-0.1,5.916,-73.95,-96.731,-0.3,5.916,-24.650000000000006,-96.4291,-0.1,5.912,-73.9,-94.828,-0.2,5.904,-36.9,-93.6708,-0.1,5.92,-74.0,-94.266,0.0,5.904,inf,-95.3262,0.2,5.908,36.925000000000004,-95.667
09-05-2025-Fri 21-05-34-PM,0.1,5.908,73.85000000000001,-96.866,0.1,5.916,73.95,-95.2613,-0.1,5.916,-73.95,-95.391,-0.1,5.916,-73.95,-94.4825,-0.1,5.908,-73.85000000000001,-93.995,0.1,5.92,74.0,-93.8006,0.3,5.908,24.61666666666667,-95.056,-0.1,5.912,-73.9,-96.0399,0.1,5.908,73.85000000000001,-98.4713,0.1,5.916,73.95,-96.721,-0.1,5.916,-73.95,-96.4291,-0.1,5.916,-73.95,-94.872,-0.1,5.908,-73.85000000000001,-93.7033,0.1,5.92,74.0,-94.277,0.3,5.908,24.61666666666667,-95.3262,-0.1,5.912,-73.9,-95.683
09-05-2025-Fri 21-05-37-PM,0.1,5.908,73.85000000000001,-96.883,0.0,5.916,inf,-95.2938,0.0,5.916,inf,-95.413,-0.3,5.916,-24.650000000000006,-94.5149,0.1,5.904,73.8,-94.017,0.2,5.916,36.975,-93.8006,0.2,5.904,36.9,-95.056,0.2,5.912,36.95,-96.0399,0.1,5.908,73.85000000000001,-98.4713,0.0,5.916,inf,-96.731,0.0,5.916,inf,-96.4291,-0.3,5.916,-24.650000000000006,-94.893,0.1,5.904,73.8,-93.7357,0.2,5.916,36.975,-94.287,0.2,5.904,36.9,-95.3262,0.2,5.912,36.95,-95.683
09-05-2025-Fri 21-05-39-PM,0.2,5.908,36.925000000000004,-96.883,-0.1,5.912,-73.9,-95.2938,0.2,5.916,36.975,-95.413,0.0,5.912,inf,-94.4825,-0.2,5.904,-36.9,-94.028,0.0,5.92,inf,-93.8332,-0.2,5.908,-36.925000000000004,-95.077,-0.1,5.912,-73.9,-96.0724,0.2,5.908,36.925000000000004,-98.4713,-0.1,5.912,-73.9,-96.742,0.2,5.916,36.975,-96.4615,0.0,5.912,inf,-94.904,-0.2,5.904,-36.9,-93.7682,0.0,5.92,inf,-94.309,-0.2,5.908,-36.925000000000004,-95.3262,-0.1,5.912,-73.9,-95.699
09-05-2025-Fri 21-05-42-PM,0.0,5.908,inf,-96.915,-0.1,5.916,-73.95,-95.3262,-0.1,5.916,-73.95,-95.434,0.1,5.912,73.9,-94.5149,0.3,5.904,24.6,-94.039,0.0,5.92,inf,-93.8332,0.0,5.904,inf,-95.088,-0.1,5.912,-73.9,-96.0724,0.0,5.908,inf,-98.5036,-0.1,5.916,-73.95,-96.764,-0.1,5.916,-73.95,-96.4615,0.1,5.912,73.9,-94.915,0.3,5.904,24.6,-93.7682,0.0,5.92,inf,-94.32,0.0,5.904,inf,-95.3586,-0.1,5.912,-73.9,-95.715
09-05-2025-Fri 21-05-44-PM,0.0,5.904,inf,-96.964,0.1,5.912,73.9,-95.4235,-0.1,5.916,-73.95,-95.456,-0.1,5.912,-73.9,-94.4825,0.0,5.908,inf,-94.039,0.1,5.92,74.0,-93.8656,-0.1,5.908,-73.85000000000001,-95.11,0.0,5.912,inf,-96.1049,0.0,5.904,inf,-98.5036,0.1,5.912,73.9,-96.796,-0.1,5.916,-73.95,-96.4615,-0.1,5.912,-73.9,-94.904,0.0,5.908,inf,-93.7682,0.1,5.92,74.0,-94.331,-0.1,5.908,-73.85000000000001,-95.3586,0.0,5.912,inf,-95.732
09-05-2025-Fri 21-06-08-PM,0.0,5.908,inf,-97.012,0.3,5.916,24.650000000000006,-95.4884,0.0,5.916,inf,-95.521,-0.1,5.912,-73.9,-94.5473,-0.1,5.904,-73.8,-94.169,0.2,5.92,37.0,-93.9955,-0.2,5.908,-36.925000000000004,-95.185,0.0,5.912,inf,-96.1696,0.0,5.908,inf,-98.5361,0.3,5.916,24.650000000000006,-96.85,0.0,5.916,inf,-96.5264,-0.1,5.912,-73.9,-95.012,-0.1,5.904,-73.8,-93.963,0.2,5.92,37.0,-94.45,-0.2,5.908,-36.925000000000004,-95.3911,0.0,5.912,inf,-95.78
09-05-2025-Fri 21-06-10-PM,0.0,5.904,inf,-96.996,-0.1,5.916,-73.95,-95.4884,-0.2,5.916,-36.975,-95.532,0.1,5.908,73.85000000000001,-94.5797,-0.2,5.908,-36.925000000000004,-94.179,0.1,5.92,74.0,-93.9955,0.2,5.908,36.925000000000004,-95.196,0.0,5.912,inf,-96.1696,0.0,5.904,inf,-98.5036,-0.1,5.916,-73.95,-96.839,-0.2,5.916,-36.975,-96.5264,0.1,5.908,73.85000000000001,-95.023,-0.2,5.908,-36.925000000000004,-93.963,0.1,5.92,74.0,-94.461,0.2,5.908,36.925000000000004,-95.4235,0.0,5.912,inf,-95.797
09-05-2025-Fri 21-06-13-PM,-0.1,5.908,-73.85000000000001,-97.029,0.0,5.912,inf,-95.5209,0.1,5.916,73.95,-95.564,0.1,5.912,73.9,-94.6447,0.0,5.908,inf,-94.201,-0.1,5.92,-74.0,-93.9955,0.0,5.904,inf,-95.196,-0.1,5.912,-73.9,-96.1696,-0.1,5.908,-73.85000000000001,-98.5361,0.0,5.912,inf,-96.861,0.1,5.916,73.95,-96.5264,0.1,5.912,73.9,-95.045,0.0,5.908,inf,-93.963,-0.1,5.92,-74.0,-94.461,0.0,5.904,inf,-95.4235,-0.1,5.912,-73.9,-95.797
09-05-2025-Fri 21-06-15-PM,0.3,5.908,24.61666666666667,-97.012,0.0,5.916,inf,-95.5209,-0.4,5.916,-18.4875,-95.564,-0.1,5.912,-73.9,-94.6447,-0.1,5.908,-73.85000000000001,-94.223,0.1,5.916,73.95,-94.028,0.0,5.912,inf,-95.218,-0.1,5.912,-73.9,-96.2021,0.3,5.908,24.61666666666667,-98.5036,0.0,5.916,inf,-96.85,-0.4,5.916,-18.4875,-96.5264,-0.1,5.912,-73.9,-95.056,-0.1,5.908,-73.85000000000001,-93.9955,0.1,5.916,73.95,-94.482,0.0,5.912,inf,-95.4235,-0.1,5.912,-73.9,-95.813
09-05-2025-Fri 21-06-17-PM,-0.1,5.908,-73.85000000000001,-97.045,0.0,5.912,inf,-95.5858,-0.2,5.916,-36.975,-95.586,-0.3,5.912,-24.633333333333336,-94.6447,0.3,5.908,24.61666666666667,-94.212,0.1,5.92,74.0,-94.028,0.2,5.904,36.9,-95.218,0.2,5.908,36.925000000000004,-96.2021,-0.1,5.908,-73.85000000000001,-98.5036,0.0,5.912,inf,-96.872,-0.2,5.916,-36.975,-96.5264,-0.3,5.912,-24.633333333333336,-95.045,0.3,5.908,24.61666666666667,-93.963,0.1,5.92,74.0,-94.472,0.2,5.904,36.9,-95.4235,0.2,5.908,36.925000000000004,-95.813
09-05-2025-Fri 21-06-20-PM,0.2,5.908,36.925000000000004,-96.996,0.1,5.912,73.9,-95.4884,-0.2,5.916,-36.975,-95.553,0.0,5.916,inf,-94.6122,-0.2,5.904,-36.9,-94.223,0.0,5.92,inf,-94.0603,0.0,5.908,inf,-95.239,0.0,5.912,inf,-96.2345,0.2,5.908,36.925000000000004,-98.5036,0.1,5.912,73.9,-96.85,-0.2,5.916,-36.975,-96.5588,0.0,5.916,inf,-95.056,-0.2,5.904,-36.9,-93.9955,0.0,5.92,inf,-94.493,0.0,5.908,inf,-95.4235,0.0,5.912,inf,-95.829
09-05-2025-Fri 21-06-22-PM,0.0,5.908,inf,-97.045,0.0,5.916,inf,-95.5533,0.1,5.912,73.9,-95.596,0.1,5.912,73.9,-94.6772,0.0,5.904,inf,-94.255,0.1,5.92,74.0,-94.0603,0.0,5.904,inf,-95.218,0.0,5.912,inf,-96.2021,0.0,5.908,inf,-98.5361,0.0,5.916,inf,-96.883,0.1,5.912,73.9,-96.5588,0.1,5.912,73.9,-95.088,0.0,5.904,inf,-94.028,0.1,5.92,74.0,-94.493,0.0,5.904,inf,-95.3911,0.0,5.912,inf,-95.797
09-05-2025-Fri 21-06-25-PM,0.0,5.904,inf,-97.061,0.0,5.912,inf,-95.5858,-0.1,5.912,-73.9,-95.607,-0.3,5.912,-24.633333333333336,-94.6772,-0.2,5.904,-36.9,-94.255,0.1,5.92,74.0,-94.0603,0.2,5.904,36.9,-95.239,0.1,5.908,73.85000000000001,-96.2345,0.0,5.904,inf,-98.5361,0.0,5.912,inf,-96.894,-0.1,5.912,-73.9,-96.5588,-0.3,5.912,-24.633333333333336,-95.088,-0.2,5.904,-36.9,-94.028,0.1,5.92,74.0,-94.504,0.2,5.904,36.9,-95.4235,0.1,5.908,73.85000000000001,-95.829
09-05-2025-Fri 21-06-28-PM,0.2,5.904,36.9,-97.012,-0.2,5.912,-36.95,-95.5209,0.2,5.916,36.975,-95.586,0.0,5.912,inf,-94.6772,0.1,5.908,73.85000000000001,-94.266,0.1,5.92,74.0,-94.0603,0.0,5.908,inf,-95.229,0.0,5.912,inf,-96.2021,0.2,5.904,36.9,-98.5036,-0.2,5.912,-36.95,-96.861,0.2,5.916,36.975,-96.5588,0.0,5.912,inf,-95.099,0.1,5.908,73.85000000000001,-94.0603,0.1,5.92,74.0,-94.515,0.0,5.908,inf,-95.4235,0.0,5.912,inf,-95.813
09-05-2025-Fri 21-06-35-PM,0.4,5.904,18.45,-97.045,-0.3,5.912,-24.633333333333336,-95.5858,-0.3,5.912,-24.633333333333336,-95.586,0.2,5.912,36.95,-94.6122,-0.2,5.904,-36.9,-94.255,0.0,5.92,inf,-94.0929,0.1,5.908,73.85000000000001,-95.25,0.1,5.912,73.9,-96.2021,0.4,5.904,18.45,-98.5036,-0.3,5.912,-24.633333333333336,-96.883,-0.3,5.912,-24.633333333333336,-96.5588,0.2,5.912,36.95,-95.077,-0.2,5.904,-36.9,-94.0603,0.0,5.92,inf,-94.536,0.1,5.908,73.85000000000001,-95.456,0.1,5.912,73.9,-95.829
09-05-2025-Fri 21-06-37-PM,0.2,5.908,36.925000000000004,-97.093,0.1,5.916,73.95,-95.6507,0.0,5.916,inf,-95.607,-0.1,5.916,-73.95,-94.6122,-0.1,5.904,-73.8,-94.266,0.0,5.92,inf,-94.0929,-0.1,5.904,-73.8,-95.272,-0.1,5.912,-73.9,-96.267,0.2,5.908,36.925000000000004,-98.5361,0.1,5.916,73.95,-96.915,0.0,5.916,inf,-96.5588,-0.1,5.916,-73.95,-95.088,-0.1,5.904,-73.8,-94.0929,0.0,5.92,inf,-94.547,-0.1,5.904,-73.8,-95.456,-0.1,5.912,-73.9,-95.862
09-05-2025-Fri 21-06-39-PM,0.1,5.908,73.85000000000001,-97.045,-0.2,5.916,-36.975,-95.5858,-0.2,5.916,-36.975,-95.607,0.1,5.916,73.95,-94.6772,-0.3,5.908,-24.61666666666667,-94.298,0.1,5.92,74.0,-94.0929,0.0,5.908,inf,-95.261,-0.1,5.912,-73.9,-96.2345,0.1,5.908,73.85000000000001,-98.5036,-0.2,5.916,-36.975,-96.883,-0.2,5.916,-36.975,-96.5588,0.1,5.916,73.95,-95.12,-0.3,5.908,-24.61666666666667,-94.1253,0.1,5.92,74.0,-94.558,0.0,5.908,inf,-95.456,-0.1,5.912,-73.9,-95.845
09-05-2025-Fri 21-06-42-PM,0.1,5.904,73.8,-97.093,0.1,5.912,73.9,-95.683,0.1,5.916,73.95,-95.64,0.1,5.912,73.9,-94.6772,0.0,5.904,inf,-94.298,0.1,5.92,74.0,-94.1253,-0.1,5.904,-73.8,-95.272,-0.1,5.912,-73.9,-96.267,0.1,5.904,73.8,-98.5036,0.1,5.912,73.9,-96.915,0.1,5.916,73.95,-96.5588,0.1,5.912,73.9,-95.11,0.0,5.904,inf,-94.0929,0.1,5.92,74.0,-94.547,-0.1,5.904,-73.8,-95.4235,-0.1,5.912,-73.9,-95.845
09-05-2025-Fri 21-06-44-PM,0.3,5.908,24.61666666666667,-97.093,0.2,5.912,36.95,-95.683,0.0,5.916,inf,-95.672,-0.2,5.912,-36.95,-94.7421,0.0,5.908,inf,-94.331,0.2,5.916,36.975,-94.1253,0.1,5.904,73.8,-95.261,-0.3,5.912,-24.633333333333336,-96.2345,0.3,5.908,24.61666666666667,-98.5036,0.2,5.912,36.95,-96.926,0.0,5.916,inf,-96.5912,-0.2,5.912,-36.95,-95.153,0.0,5.908,inf,-94.1253,0.2,5.916,36.975,-94.558,0.1,5.904,73.8,-95.4235,-0.3,5.912,-24.633333333333336,-95.829
09-05-2025-Fri 21-06-46-PM,0.1,5.908,73.85000000000001,-97.11,-0.1,5.916,-73.95,-95.7155,0.0,5.916,inf,-95.683,0.1,5.912,73.9,-94.7745,0.0,5.908,inf,-94.353,0.2,5.92,37.0,-94.1253,0.2,5.908,36.925000000000004,-95.261,-0.2,5.912,-36.95,-96.2345,0.1,5.908,73.85000000000001,-98.5036,-0.1,5.916,-73.95,-96.926,0.0,5.916,inf,-96.5588,0.1,5.912,73.9,-95.164,0.0,5.908,inf,-94.1578,0.2,5.92,37.0,-94.569,0.2,5.908,36.925000000000004,-95.4235,-0.2,5.912,-36.95,-95.829
09-05-2025-Fri 21-06-49-PM,0.1,5.908,73.85000000000001,-97.077,0.0,5.912,inf,-95.6182,-0.3,5.916,-24.650000000000006,-95.607,-0.1,5.912,-73.9,-94.6447,0.1,5.904,73.8,-94.298,-0.1,5.92,-74.0,-94.1253,0.1,5.908,73.85000000000001,-95.272,0.0,5.912,inf,-96.2345,0.1,5.908,73.85000000000001,-98.5361,0.0,5.912,inf,-96.904,-0.3,5.916,-24.650000000000006,-96.5588,-0.1,5.912,-73.9,-95.11,0.1,5.904,73.8,-94.1253,-0.1,5.92,-74.0,-94.569,0.1,5.908,73.85000000000001,-95.456,0.0,5.912,inf,-95.845
09-05-2025-Fri 21-06-51-PM,0.4,5.908,18.462500000000002,-97.061,-0.1,5.912,-73.9,-95.6182,-0.1,5.916,-73.95,-95.64,0.1,5.912,73.9,-94.7096,0.1,5.908,73.85000000000001,-94.331,-0.2,5.92,-37.0,-94.1253,-0.2,5.904,-36.9,-95.283,0.1,5.908,73.85000000000001,-96.267,0.4,5.908,18.462500000000002,-98.5036,-0.1,5.912,-73.9,-96.904,-0.1,5.916,-73.95,-96.5912,0.1,5.912,73.9,-95.153,0.1,5.908,73.85000000000001,-94.1578,-0.2,5.92,-37.0,-94.58,-0.2,5.904,-36.9,-95.456,0.1,5.908,73.85000000000001,-95.862
09-05-2025-Fri 21-06-54-PM,0.2,5.908,36.925000000000004,-97.093,-0.1,5.916,-73.95,-95.683,0.0,5.916,inf,-95.661,-0.1,5.916,-73.95,-94.7421,0.1,5.908,73.85000000000001,-94.342,-0.1,5.92,-74.0,-94.1253,0.1,5.904,73.8,-95.272,-0.2,5.912,-36.95,-96.267,0.2,5.908,36.925000000000004,-98.5036,-0.1,5.916,-73.95,-96.915,0.0,5.916,inf,-96.5588,-0.1,5.916,-73.95,-95.153,0.1,5.908,73.85000000000001,-94.1578,-0.1,5.92,-74.0,-94.569,0.1,5.904,73.8,-95.4235,-0.2,5.912,-36.95,-95.845
09-05-2025-Fri 21-06-56-PM,0.2,5.908,36.925000000000004,-97.077,-0.2,5.916,-36.975,-95.6507,-0.2,5.912,-36.95,-95.651,0.1,5.912,73.9,-94.7096,0.0,5.904,inf,-94.342,-0.2,5.92,-37.0,-94.1578,-0.1,5.908,-73.85000000000001,-95.283,-0.1,5.912,-73.9,-96.267,0.2,5.908,36.925000000000004,-98.5036,-0.2,5.916,-36.975,-96.915,-0.2,5.912,-36.95,-96.5912,0.1,5.912,73.9,-95.153,0.0,5.904,inf,-94.1578,-0.2,5.92,-37.0,-94.58,-0.1,5.908,-73.85000000000001,-95.4235,-0.1,5.912,-73.9,-95.845
09-05-2025-Fri 21-06-59-PM,0.4,5.908,18.462500000000002,-97.093,-0.3,5.912,-24.633333333333336,-95.683,0.0,5.916,inf,-95.661,0.0,5.912,inf,-94.7421,-0.1,5.908,-73.85000000000001,-94.353,0.2,5.92,37.0,-94.1253,0.1,5.908,73.85000000000001,-95.272,0.0,5.908,inf,-96.267,0.4,5.908,18.462500000000002,-98.5036,-0.3,5.912,-24.633333333333336,-96.915,0.0,5.916,inf,-96.5588,0.0,5.912,inf,-95.164,-0.1,5.908,-73.85000000000001,-94.1903,0.2,5.92,37.0,-94.58,0.1,5.908,73.85000000000001,-95.4235,0.0,5.908,inf,-95.845
09-05-2025-Fri 21-07-01-PM,0.0,5.908,inf,-97.158,0.4,5.916,18.4875,-95.8128,0.1,5.912,73.9,-95.715,0.2,5.912,36.95,-94.7421,0.2,5.908,36.925000000000004,-94.363,0.1,5.92,74.0,-94.1578,0.1,5.904,73.8,-95.294,0.1,5.912,73.9,-96.267,0.0,5.908,inf,-98.5036,0.4,5.916,18.4875,-96.969,0.1,5.912,73.9,-96.5912,0.2,5.912,36.95,-95.175,0.2,5.908,36.925000000000004,-94.1903,0.1,5.92,74.0,-94.601,0.1,5.904,73.8,-95.456,0.1,5.912,73.9,-95.862
09-05-2025-Fri 21-07-03-PM,0.3,5.912,24.633333333333336,-97.142,0.0,5.912,inf,-95.7805,0.0,5.916,inf,-95.672,-0.2,5.912,-36.95,-94.6772,0.0,5.908,inf,-94.342,-0.1,5.92,-74.0,-94.1578,-0.3,5.908,-24.61666666666667,-95.294,-0.1,5.912,-73.9,-96.267,0.3,5.912,24.633333333333336,-98.5036,0.0,5.912,inf,-96.948,0.0,5.916,inf,-96.5588,-0.2,5.912,-36.95,-95.142,0.0,5.908,inf,-94.1903,-0.1,5.92,-74.0,-94.601,-0.3,5.908,-24.61666666666667,-95.456,-0.1,5.912,-73.9,-95.862
09-05-2025-Fri 21-07-06-PM,0.1,5.908,73.85000000000001,-97.174,0.1,5.916,73.95,-95.8452,-0.3,5.912,-24.633333333333336,-95.715,0.1,5.912,73.9,-94.7421,-0.2,5.904,-36.9,-94.363,0.1,5.92,74.0,-94.1578,0.3,5.908,24.61666666666667,-95.283,0.3,5.912,24.633333333333336,-96.2345,0.1,5.908,73.85000000000001,-98.5036,0.1,5.916,73.95,-96.969,-0.3,5.912,-24.633333333333336,-96.5588,0.1,5.912,73.9,-95.164,-0.2,5.904,-36.9,-94.1903,0.1,5.92,74.0,-94.601,0.3,5.908,24.61666666666667,-95.456,0.3,5.912,24.633333333333336,-95.845
09-05-2025-Fri 21-07-08-PM,0.2,5.904,36.9,-97.126,-0.1,5.916,-73.95,-95.7805,-0.1,5.916,-73.95,-95.694,-0.1,5.912,-73.9,-94.7421,-0.1,5.908,-73.85000000000001,-94.374,0.0,5.92,inf,-94.1578,-0.1,5.908,-73.85000000000001,-95.294,0.2,5.912,36.95,-96.267,0.2,5.904,36.9,-98.4713,-0.1,5.916,-73.95,-96.937,-0.1,5.916,-73.95,-96.5588,-0.1,5.912,-73.9,-95.175,-0.1,5.908,-73.85000000000001,-94.2227,0.0,5.92,inf,-94.612,-0.1,5.908,-73.85000000000001,-95.456,0.2,5.912,36.95,-95.862
09-05-2025-Fri 21-07-10-PM,0.3,5.908,24.61666666666667,-97.126,0.1,5.916,73.95,-95.7479,0.1,5.916,73.95,-95.683,-0.2,5.916,-36.975,-94.7421,-0.1,5.908,-73.85000000000001,-94.374,0.2,5.92,37.0,-94.1578,-0.1,5.908,-73.85000000000001,-95.283,0.2,5.912,36.95,-96.267,0.3,5.908,24.61666666666667,-98.5036,0.1,5.916,73.95,-96.937,0.1,5.916,73.95,-96.5588,-0.2,5.916,-36.975,-95.175,-0.1,5.908,-73.85000000000001,-94.2227,0.2,5.92,37.0,-94.601,-0.1,5.908,-73.85000000000001,-95.4235,0.2,5.912,36.95,-95.845
09-05-2025-Fri 21-07-13-PM,0.1,5.908,73.85000000000001,-97.126,0.5,5.916,14.790000000000001,-95.7479,-0.1,5.916,-73.95,-95.683,-0.1,5.916,-73.95,-94.7421,0.1,5.904,73.8,-94.385,-0.1,5.92,-74.0,-94.1903,0.4,5.908,18.462500000000002,-95.294,0.1,5.912,73.9,-96.267,0.1,5.908,73.85000000000001,-98.5036,0.5,5.916,14.790000000000001,-96.937,-0.1,5.916,-73.95,-96.5588,-0.1,5.916,-73.95,-95.175,0.1,5.904,73.8,-94.2227,-0.1,5.92,-74.0,-94.612,0.4,5.908,18.462500000000002,-95.4235,0.1,5.912,73.9,-95.845
09-05-2025-Fri 21-07-15-PM,0.1,5.908,73.85000000000001,-97.093,-0.1,5.916,-73.95,-95.7155,0.0,5.916,inf,-95.64,0.0,5.912,inf,-94.6447,-0.1,5.908,-73.85000000000001,-94.363,0.0,5.92,inf,-94.1903,0.0,5.908,inf,-95.304,0.0,5.912,inf,-96.267,0.1,5.908,73.85000000000001,-98.4713,-0.1,5.916,-73.95,-96.915,0.0,5.916,inf,-96.5588,0.0,5.912,inf,-95.153,-0.1,5.908,-73.85000000000001,-94.2552,0.0,5.92,inf,-94.634,0.0,5.908,inf,-95.456,0.0,5.912,inf,-95.862
09-05-2025-Fri 21-07-17-PM,0.0,5.908,inf,-97.126,0.1,5.916,73.95,-95.7805,-0.3,5.912,-24.633333333333336,-95.694,-0.2,5.912,-36.95,-94.7421,-0.2,5.904,-36.9,-94.407,0.0,5.92,inf,-94.2227,-0.1,5.908,-73.85000000000001,-95.315,0.2,5.912,36.95,-96.267,0.0,5.908,inf,-98.4713,0.1,5.916,73.95,-96.937,-0.3,5.912,-24.633333333333336,-96.5588,-0.2,5.912,-36.95,-95.185,-0.2,5.904,-36.9,-94.2552,0.0,5.92,inf,-94.645,-0.1,5.908,-73.85000000000001,-95.456,0.2,5.912,36.95,-95.862
09-05-2025-Fri 21-07-20-PM,0.2,5.904,36.9,-97.11,0.2,5.916,36.975,-95.7479,-0.3,5.916,-24.650000000000006,-95.705,-0.2,5.912,-36.95,-94.7745,-0.2,5.908,-36.925000000000004,-94.407,0.2,5.92,37.0,-94.1903,0.4,5.908,18.462500000000002,-95.294,0.1,5.912,73.9,-96.2345,0.2,5.904,36.9,-98.4713,0.2,5.916,36.975,-96.937,-0.3,5.916,-24.650000000000006,-96.5912,-0.2,5.912,-36.95,-95.207,-0.2,5.908,-36.925000000000004,-94.2552,0.2,5.92,37.0,-94.634,0.4,5.908,18.462500000000002,-95.456,0.1,5.912,73.9,-95.845
09-05-2025-Fri 21-07-22-PM,0.1,5.908,73.85000000000001,-97.126,0.1,5.916,73.95,-95.7805,0.0,5.912,inf,-95.683,-0.1,5.908,-73.85000000000001,-94.7096,-0.3,5.904,-24.6,-94.385,0.1,5.92,74.0,-94.1903,0.1,5.908,73.85000000000001,-95.294,0.3,5.912,24.633333333333336,-96.267,0.1,5.908,73.85000000000001,-98.4713,0.1,5.916,73.95,-96.937,0.0,5.912,inf,-96.5588,-0.1,5.908,-73.85000000000001,-95.175,-0.3,5.904,-24.6,-94.2552,0.1,5.92,74.0,-94.623,0.1,5.908,73.85000000000001,-95.4235,0.3,5.912,24.633333333333336,-95.845
09-05-2025-Fri 21-07-24-PM,0.0,5.908,inf,-97.126,0.1,5.916,73.95,-95.7805,-0.1,5.916,-73.95,-95.705,-0.4,5.912,-18.475,-94.7745,0.1,5.908,73.85000000000001,-94.396,0.0,5.924,inf,-94.1903,0.1,5.908,73.85000000000001,-95.304,0.1,5.912,73.9,-96.267,0.0,5.908,inf,-98.4713,0.1,5.916,73.95,-96.937,-0.1,5.916,-73.95,-96.5588,-0.4,5.912,-18.475,-95.185,0.1,5.908,73.85000000000001,-94.2227,0.0,5.924,inf,-94.623,0.1,5.908,73.85000000000001,-95.456,0.1,5.912,73.9,-95.862
,,,,19.735,,,,20.3601,,,,20.36,,,,21.0358,,,,19.977,,,,20.5963,,,,20.901,,,,22.0494,,,,19.1103,,,,19.718,,,,19.6844,,,,19.673,,,,18.2999,,,,19.651,,,,20.0561,,,,21.053
,,,,19.735,,,,20.3262,,,,20.338,,,,21.0019,,,,19.899,,,,20.5963,,,,20.788,,,,21.9478,,,,19.1441,,,,19.718,,,,19.6844,,,,19.595,,,,18.0975,,,,19.505,,,,19.8198,,,,20.884
,,,,19.735,,,,20.3262,,,,20.349,,,,21.0358,,,,19.921,,,,20.6302,,,,20.799,,,,21.9478,,,,19.1441,,,,19.718,,,,19.6844,,,,19.606,,,,18.0975,,,,19.516,,,,19.8198,,,,20.884
,,,,19.718,,,,20.2923,,,,20.349,,,,21.0697,,,,19.944,,,,20.6302,,,,20.799,,,,21.9478,,,,19.1441,,,,19.707,,,,19.6844,,,,19.628,,,,18.1314,,,,19.527,,,,19.8198,,,,20.884
,,,,19.854,,,,20.4278,,,,20.405,,,,21.0358,,,,20.034,,,,20.7657,,,,20.912,,,,22.0155,,,,19.2796,,,,19.82,,,,19.7521,,,,19.696,,,,18.2999,,,,19.673,,,,19.9545,,,,20.985
,,,,19.871,,,,20.4617,,,,20.439,,,,21.1035,,,,20.056,,,,20.7657,,,,20.957,,,,22.0494,,,,19.2796,,,,19.831,,,,19.7521,,,,19.719,,,,18.2999,,,,19.707,,,,20.0561,,,,21.053
,,,,19.871,,,,20.4617,,,,20.417,,,,21.0697,,,,20.124,,,,20.7318,,,,20.934,,,,22.0155,,,,19.2796,,,,19.82,,,,19.7182,,,,19.786,,,,18.57,,,,19.786,,,,20.0561,,,,21.036
,,,,19.888,,,,20.4955,,,,20.439,,,,21.0697,,,,20.034,,,,20.7318,,,,20.856,,,,21.9816,,,,19.2796,,,,19.842,,,,19.7521,,,,19.707,,,,18.2999,,,,19.628,,,,19.8537,,,,20.918
,,,,19.904,,,,20.5286,,,,20.461,,,,21.1374,,,,20.045,,,,20.7318,,,,20.867,,,,22.0155,,,,19.2796,,,,19.842,,,,19.7182,,,,19.707,,,,18.266,,,,19.617,,,,19.8537,,,,20.935
,,,,19.87,,,,20.4278,,,,20.428,,,,21.1374,,,,20.045,,,,20.6979,,,,20.844,,,,22.0155,,,,19.3126,,,,19.82,,,,19.7182,,,,19.719,,,,18.2999,,,,19.606,,,,19.8198,,,,20.918
,,,,19.854,,,,20.4278,,,,20.428,,,,21.1374,,,,20.045,,,,20.7318,,,,20.856,,,,22.0155,,,,19.2796,,,,19.809,,,,19.7182,,,,19.707,,,,18.266,,,,19.606,,,,19.8198,,,,20.918
,,,,19.853,,,,20.3939,,,,20.416,,,,21.1035,,,,20.045,,,,20.7318,,,,20.867,,,,22.0155,,,,19.3126,,,,19.82,,,,19.7521,,,,19.719,,,,18.2999,,,,19.628,,,,19.8537,,,,20.935
,,,,19.887,,,,20.4617,,,,20.439,,,,21.1374,,,,20.045,,,,20.7318,,,,20.867,,,,22.0155,,,,19.3126,,,,19.831,,,,19.7182,,,,19.707,,,,18.266,,,,19.617,,,,19.8537,,,,20.935
,,,,19.938,,,,20.5625,,,,20.461,,,,21.1035,,,,20.034,,,,20.7318,,,,20.856,,,,21.9816,,,,19.3126,,,,19.864,,,,19.7182,,,,19.696,,,,18.266,,,,19.617,,,,19.8537,,,,20.918
,,,,19.87,,,,20.4278,,,,20.394,,,,21.0358,,,,20.011,,,,20.7318,,,,20.856,,,,21.9816,,,,19.3126,,,,19.82,,,,19.7182,,,,19.673,,,,18.266,,,,19.617,,,,19.8537,,,,20.918
,,,,19.87,,,,20.4278,,,,20.439,,,,21.1704,,,,20.079,,,,20.7657,,,,20.867,,,,22.0155,,,,19.3126,,,,19.82,,,,19.7182,,,,19.73,,,,18.2999,,,,19.628,,,,19.8198,,,,20.918
,,,,20.056,,,,20.6302,,,,20.507,,,,21.1374,,,,20.259,,,,20.9003,,,,21.092,,,,22.151,,,,19.482,,,,19.955,,,,19.7521,,,,19.876,,,,18.7393,,,,19.955,,,,20.2246,,,,21.188
,,,,20.022,,,,20.5963,,,,20.495,,,,21.1035,,,,20.236,,,,20.9342,,,,21.081,,,,22.2526,,,,19.4481,,,,19.943,,,,19.786,,,,19.854,,,,18.6716,,,,19.887,,,,20.0561,,,,21.154
,,,,20.141,,,,20.6979,,,,20.563,,,,21.1704,,,,20.281,,,,20.9681,,,,21.104,,,,22.1848,,,,19.5836,,,,20.034,,,,19.8198,,,,19.899,,,,18.7055,,,,19.944,,,,20.1577,,,,21.171
,,,,20.039,,,,20.5625,,,,20.495,,,,21.1374,,,,20.169,,,,20.8665,,,,20.968,,,,22.151,,,,19.5158,,,,19.955,,,,19.786,,,,19.809,,,,18.5031,,,,19.752,,,,19.8876,,,,21.019
,,,,20.09,,,,20.6641,,,,20.54,,,,21.1704,,,,20.191,,,,20.9003,,,,20.98,,,,22.151,,,,19.5158,,,,19.989,,,,19.786,,,,19.82,,,,18.5031,,,,19.764,,,,19.8876,,,,21.019
,,,,20.107,,,,20.6979,,,,20.574,,,,21.2382,,,,20.225,,,,20.9342,,,,20.98,,,,22.1171,,,,19.5158,,,,20.0,,,,19.786,,,,19.842,,,,18.5031,,,,19.775,,,,19.8876,,,,21.002
,,,,20.107,,,,20.6979,,,,20.54,,,,21.1035,,,,20.18,,,,20.9003,,,,20.968,,,,22.151,,,,19.5158,,,,20.011,,,,19.8198,,,,19.82,,,,18.5361,,,,19.763,,,,19.8537,,,,21.002
,,,,20.056,,,,20.6302,,,,20.563,,,,21.2382,,,,20.203,,,,20.8665,,,,20.957,,,,22.1171,,,,19.482,,,,19.977,,,,19.8198,,,,19.854,,,,18.5031,,,,19.752,,,,19.8876,,,,21.002
,,,,20.09,,,,20.6641,,,,20.563,,,,21.2382,,,,20.214,,,,20.9003,,,,20.957,,,,22.1171,,,,19.5158,,,,19.989,,,,19.786,,,,19.842,,,,18.5031,,,,19.752,,,,19.8537,,,,20.985
,,,,20.09,,,,20.6979,,,,20.54,,,,21.1374,,,,20.191,,,,20.9003,,,,20.957,,,,22.1171,,,,19.482,,,,19.989,,,,19.786,,,,19.82,,,,18.5361,,,,19.763,,,,19.8537,,,,20.985
,,,,20.039,,,,20.5625,,,,20.529,,,,21.2051,,,,20.214,,,,20.9003,,,,20.946,,,,22.0832,,,,19.5158,,,,19.966,,,,19.8198,,,,19.854,,,,18.5361,,,,19.763,,,,19.8537,,,,20.968
,,,,20.039,,,,20.5963,,,,20.54,,,,21.2382,,,,20.225,,,,20.9003,,,,20.968,,,,22.1171,,,,19.482,,,,19.955,,,,19.786,,,,19.853,,,,18.5361,,,,19.775,,,,19.8876,,,,21.002
,,,,20.056,,,,20.5963,,,,20.484,,,,21.1035,,,,20.191,,,,20.9003,,,,20.934,,,,22.0832,,,,19.5158,,,,19.955,,,,19.7521,,,,19.809,,,,18.57,,,,19.763,,,,19.8198,,,,20.952
,,,,20.09,,,,20.6979,,,,20.54,,,,21.2051,,,,20.214,,,,20.8665,,,,20.934,,,,22.1171,,,,19.482,,,,19.966,,,,19.7182,,,,19.831,,,,18.57,,,,19.752,,,,19.8198,,,,20.968
,,,,20.005,,,,20.5286,,,,20.428,,,,21.0358,,,,20.169,,,,20.9003,,,,20.946,,,,22.1171,,,,19.482,,,,19.91,,,,19.7182,,,,19.775,,,,18.57,,,,19.763,,,,19.8198,,,,20.968
,,,,20.005,,,,20.5286,,,,20.473,,,,21.2051,,,,20.225,,,,20.9003,,,,20.934,,,,22.0832,,,,19.482,,,,19.898,,,,19.6844,,,,19.82,,,,18.57,,,,19.763,,,,19.8198,,,,20.952
,,,,20.056,,,,20.6641,,,,20.484,,,,21.1374,,,,20.191,,,,20.8665,,,,20.912,,,,22.0832,,,,19.4481,,,,19.921,,,,19.6505,,,,19.786,,,,18.57,,,,19.741,,,,19.786,,,,20.935
,,,,20.022,,,,20.5963,,,,20.473,,,,21.2051,,,,20.214,,,,20.8665,,,,20.912,,,,22.0832,,,,19.4481,,,,19.887,,,,19.6166,,,,19.797,,,,18.57,,,,19.741,,,,19.786,,,,20.935
,,,,20.005,,,,20.5963,,,,20.428,,,,21.1035,,,,20.191,,,,20.9003,,,,20.912,,,,22.0832,,,,19.4142,,,,19.865,,,,19.5836,,,,19.752,,,,18.57,,,,19.741,,,,19.7521,,,,20.918
,,,,20.005,,,,20.6302,,,,20.439,,,,21.1704,,,,20.202,,,,20.8665,,,,20.878,,,,22.0494,,,,19.3804,,,,19.842,,,,19.5158,,,,19.752,,,,18.57,,,,19.718,,,,19.7182,,,,20.884
,,,,20.005,,,,20.6641,,,,20.417,,,,21.1035,,,,20.18,,,,20.8665,,,,20.844,,,,22.0155,,,,19.3465,,,,19.831,,,,19.482,,,,19.719,,,,18.57,,,,19.696,,,,19.6505,,,,20.833
,,,,19.938,,,,20.5963,,,,20.383,,,,21.1374,,,,20.191,,,,20.8665,,,,20.855,,,,22.0494,,,,19.2796,,,,19.763,,,,19.4142,,,,19.707,,,,18.57,,,,19.696,,,,19.6505,,,,20.85
,,,,19.887,,,,20.5963,,,,20.326,,,,21.0697,,,,20.146,,,,20.8665,,,,20.799,,,,22.0155,,,,19.178,,,,19.696,,,,19.3126,,,,19.628,,,,18.5031,,,,19.628,,,,19.5158,,,,20.766
,,,,19.803,,,,20.4955,,,,20.27,,,,21.0697,,,,20.146,,,,20.8326,,,,20.754,,,,21.9816,,,,19.1103,,,,19.617,,,,19.2457,,,,19.617,,,,18.5361,,,,19.606,,,,19.4481,,,,20.715
,,,,19.769,,,,20.5625,,,,20.225,,,,21.0019,,,,20.101,,,,20.8326,,,,20.72,,,,21.9478,,,,18.9756,,,,19.549,,,,19.1103,,,,19.527,,,,18.4684,,,,19.56,,,,19.3804,,,,20.664
,,,,19.685,,,,20.4617,,,,20.169,,,,21.0019,,,,20.09,,,,20.7995,,,,20.664,,,,21.9139,,,,18.9079,,,,19.471,,,,19.0433,,,,19.505,,,,18.4684,,,,19.516,,,,19.2796,,,,20.597
,,,,19.651,,,,20.4955,,,,20.158,,,,21.0358,,,,20.101,,,,20.7995,,,,20.608,,,,21.847,,,,18.8071,,,,19.415,,,,18.9417,,,,19.482,,,,18.4684,,,,19.482,,,,19.178,,,,20.513
,,,,19.6,,,,20.4955,,,,20.09,,,,20.9003,,,,20.034,,,,20.7995,,,,20.585,,,,21.8123,,,,18.7055,,,,19.358,,,,18.874,,,,19.392,,,,18.4015,,,,19.448,,,,19.1441,,,,20.478
,,,,19.516,,,,20.4278,,,,20.045,,,,20.9342,,,,20.034,,,,20.7657,,,,20.529,,,,21.7792,,,,18.6039,,,,19.268,,,,18.7724,,,,19.369,,,,18.4015,,,,19.403,,,,19.0433,,,,20.411
,,,,19.398,,,,20.2593,,,,19.921,,,,20.7995,,,,19.955,,,,20.6979,,,,20.473,,,,21.7454,,,,18.5361,,,,19.167,,,,18.7055,,,,19.291,,,,18.3676,,,,19.347,,,,18.9756,,,,20.36
,,,,19.364,,,,20.3939,,,,19.921,,,,20.7657,,,,19.932,,,,20.6979,,,,20.416,,,,21.6776,,,,18.3337,,,,19.11,,,,18.6039,,,,19.234,,,,18.3337,,,,19.302,,,,18.874,,,,20.276
,,,,19.229,,,,20.2246,,,,19.82,,,,20.6979,,,,19.899,,,,20.6979,,,,20.394,,,,21.6438,,,,18.233,,,,18.998,,,,18.5361,,,,19.178,,,,18.2999,,,,19.279,,,,18.8401,,,,20.242
,,,,19.128,,,,20.1577,,,,19.752,,,,20.6641,,,,19.842,,,,20.6302,,,,20.315,,,,21.576,,,,18.0975,,,,18.897,,,,18.4353,,,,19.111,,,,18.233,,,,19.201,,,,18.7393,,,,20.158
,,,,19.077,,,,20.1916,,,,19.741,,,,20.6302,,,,19.831,,,,20.6302,,,,20.293,,,,21.576,,,,17.9628,,,,18.852,,,,18.4015,,,,19.088,,,,18.233,,,,19.178,,,,18.6716,,,,20.124
,,,,18.942,,,,20.09,,,,19.651,,,,20.5963,,,,19.786,,,,20.5963,,,,20.214,,,,21.4752,,,,17.7935,,,,18.716,,,,18.266,,,,19.009,,,,18.1652,,,,19.11,,,,18.57,,,,20.023
,,,,18.857,,,,20.0561,,,,19.595,,,,20.5286,,,,19.741,,,,20.5625,,,,20.169,,,,21.4752,,,,17.6588,,,,18.638,,,,18.1991,,,,18.953,,,,18.1314,,,,19.054,,,,18.4684,,,,19.972
,,,,18.756,,,,19.9884,,,,19.538,,,,20.5286,,,,19.718,,,,20.5286,,,,20.124,,,,21.4075,,,,17.5234,,,,18.536,,,,18.0975,,,,18.908,,,,18.0975,,,,19.02,,,,18.4353,,,,19.921
,,,,18.672,,,,19.9545,,,,19.471,,,,20.4617,,,,19.674,,,,20.4955,,,,20.079,,,,21.3736,,,,17.3887,,,,18.447,,,,17.9967,,,,18.841,,,,18.0644,,,,18.976,,,,18.3676,,,,19.871
,,,,18.621,,,,19.9884,,,,19.437,,,,20.3939,,,,19.617,,,,20.4617,,,,20.022,,,,21.3059,,,,17.2541,,,,18.39,,,,17.929,,,,18.773,,,,17.9967,,,,18.919,,,,18.2999,,,,19.803
,,,,18.469,,,,19.8198,,,,19.324,,,,20.2923,,,,19.572,,,,20.4278,,,,19.966,,,,21.272,,,,17.1186,,,,18.267,,,,17.8612,,,,18.717,,,,17.9967,,,,18.875,,,,18.1991,,,,19.736
,,,,18.351,,,,19.7521,,,,19.28,,,,20.3262,,,,19.55,,,,20.3939,,,,19.921,,,,21.2382,,,,16.9501,,,,18.154,,,,17.7604,,,,18.672,,,,17.929,,,,18.818,,,,18.1314,,,,19.685
,,,,18.233,,,,19.6505,,,,19.167,,,,20.1916,,,,19.482,,,,20.3601,,,,19.865,,,,21.1704,,,,16.8154,,,,18.042,,,,17.6588,,,,18.582,,,,17.8951,,,,18.773,,,,18.0644,,,,19.617
,,,,18.182,,,,19.6844,,,,19.144,,,,20.1577,,,,19.448,,,,20.3262,,,,19.82,,,,21.1374,,,,16.6799,,,,17.985,,,,17.5911,,,,18.537,,,,17.8612,,,,18.728,,,,17.9967,,,,19.567
,,,,18.115,,,,19.6505,,,,19.1,,,,20.1577,,,,19.403,,,,20.2923,,,,19.764,,,,21.0697,,,,16.5791,,,,17.907,,,,17.4903,,,,18.469,,,,17.7604,,,,18.661,,,,17.929,,,,19.499
,,,,17.963,,,,19.4481,,,,18.976,,,,20.0561,,,,19.359,,,,20.2593,,,,19.708,,,,21.0358,,,,16.4776,,,,17.783,,,,17.4226,,,,18.413,,,,17.7604,,,,18.616,,,,17.8274,,,,19.432
,,,,17.98,,,,19.5836,,,,18.987,,,,20.0222,,,,19.313,,,,20.2246,,,,19.662,,,,20.9681,,,,16.376,,,,17.772,,,,17.3549,,,,18.357,,,,17.6927,,,,18.57,,,,17.7935,,,,19.381
,,,,17.845,,,,19.4481,,,,18.886,,,,19.9545,,,,19.268,,,,20.1916,,,,19.606,,,,20.9342,,,,16.2413,,,,17.648,,,,17.2541,,,,18.289,,,,17.6588,,,,18.514,,,,17.6927,,,,19.313
,,,,17.76,,,,19.4142,,,,18.807,,,,19.8537,,,,19.212,,,,20.1577,,,,19.55,,,,20.8665,,,,16.1066,,,,17.558,,,,17.1525,,,,18.21,,,,17.625,,,,18.469,,,,17.625,,,,19.246
,,,,17.642,,,,19.3126,,,,18.739,,,,19.8198,,,,19.19,,,,20.1577,,,,19.516,,,,20.8326,,,,15.9712,,,,17.456,,,,17.0847,,,,18.165,,,,17.5911,,,,18.436,,,,17.558,,,,19.195
,,,,17.575,,,,19.3126,,,,18.728,,,,19.8537,,,,19.156,,,,20.09,,,,19.449,,,,20.7657,,,,15.8365,,,,17.389,,,,17.017,,,,18.131,,,,17.5234,,,,18.368,,,,17.4903,,,,19.128
,,,,17.474,,,,19.2119,,,,18.638,,,,19.786,,,,19.111,,,,20.0561,,,,19.392,,,,20.6979,,,,15.7357,,,,17.288,,,,16.9162,,,,18.064,,,,17.4903,,,,18.323,,,,17.4226,,,,19.06
,,,,17.305,,,,19.0095,,,,18.48,,,,19.6166,,,,19.032,,,,20.0222,,,,19.358,,,,20.6641,,,,15.6003,,,,17.142,,,,16.8154,,,,17.963,,,,17.4565,,,,18.289,,,,17.3887,,,,19.026
,,,,17.288,,,,19.1441,,,,18.514,,,,19.6505,,,,19.009,,,,19.9545,,,,19.291,,,,20.6302,,,,15.4317,,,,17.108,,,,16.7477,,,,17.94,,,,17.4226,,,,18.221,,,,17.2871,,,,18.959
,,,,17.187,,,,19.0433,,,,18.436,,,,19.5836,,,,18.976,,,,19.9545,,,,19.246,,,,20.5625,,,,15.3309,,,,17.018,,,,16.6799,,,,17.884,,,,17.3887,,,,18.188,,,,17.2202,,,,18.891
,,,,17.086,,,,18.9417,,,,18.368,,,,19.5836,,,,18.942,,,,19.9206,,,,19.201,,,,20.5286,,,,15.2293,,,,16.917,,,,16.5791,,,,17.828,,,,17.321,,,,18.131,,,,17.1525,,,,18.841
,,,,16.951,,,,18.8071,,,,18.256,,,,19.482,,,,18.875,,,,19.8876,,,,19.145,,,,20.4617,,,,15.0947,,,,16.793,,,,16.4776,,,,17.738,,,,17.2541,,,,18.075,,,,17.0847,,,,18.773
,,,,16.9,,,,18.8401,,,,18.21,,,,19.3804,,,,18.829,,,,19.8537,,,,19.088,,,,20.4278,,,,14.96,,,,16.737,,,,16.4106,,,,17.682,,,,17.2541,,,,18.031,,,,16.9839,,,,18.706
,,,,16.799,,,,18.7393,,,,18.121,,,,19.2796,,,,18.751,,,,19.786,,,,19.021,,,,20.3601,,,,14.8584,,,,16.647,,,,16.3429,,,,17.603,,,,17.1863,,,,17.963,,,,16.9162,,,,18.638
,,,,16.715,,,,18.7055,,,,18.075,,,,19.2796,,,,18.728,,,,19.7521,,,,18.965,,,,20.2923,,,,14.7238,,,,16.557,,,,16.2413,,,,17.558,,,,17.1525,,,,17.918,,,,16.8493,,,,18.571
,,,,16.613,,,,18.6039,,,,17.985,,,,19.2119,,,,18.683,,,,19.7182,,,,18.92,,,,20.2593,,,,14.6222,,,,16.456,,,,16.1405,,,,17.49,,,,17.1186,,,,17.873,,,,16.7815,,,,18.52
,,,,16.563,,,,18.6039,,,,17.952,,,,19.1441,,,,18.638,,,,19.6844,,,,18.863,,,,20.1577,,,,14.5214,,,,16.411,,,,16.1066,,,,17.445,,,,17.0847,,,,17.839,,,,16.7477,,,,18.453
,,,,16.495,,,,18.57,,,,17.918,,,,19.178,,,,18.615,,,,19.6505,,,,18.818,,,,20.1238,,,,14.4206,,,,16.332,,,,16.0058,,,,17.4,,,,17.017,,,,17.782,,,,16.6799,,,,18.402
,,,,16.394,,,,18.4684,,,,17.817,,,,19.0433,,,,18.548,,,,19.6166,,,,18.762,,,,20.09,,,,14.319,,,,16.242,,,,15.9381,,,,17.322,,,,16.9839,,,,17.727,,,,16.5791,,,,18.335
,,,,16.327,,,,18.4353,,,,17.794,,,,19.0764,,,,18.537,,,,19.5836,,,,18.706,,,,20.0222,,,,14.2182,,,,16.175,,,,15.8704,,,,17.299,,,,16.9501,,,,17.682,,,,16.5114,,,,18.267
,,,,16.242,,,,18.3676,,,,17.704,,,,18.9756,,,,18.458,,,,19.5497,,,,18.661,,,,19.9545,,,,14.1166,,,,16.084,,,,15.7688,,,,17.198,,,,16.8493,,,,17.626,,,,16.4776,,,,18.216
,,,,16.158,,,,18.2999,,,,17.603,,,,18.8401,,,,18.402,,,,19.5158,,,,18.616,,,,19.9206,,,,14.0158,,,,15.995,,,,15.668,,,,17.119,,,,16.8493,,,,17.592,,,,16.4106,,,,18.166
,,,,16.107,,,,18.2999,,,,17.603,,,,18.874,,,,18.379,,,,19.482,,,,18.56,,,,19.8537,,,,13.9142,,,,15.949,,,,15.6341,,,,17.097,,,,16.7815,,,,17.535,,,,16.3429,,,,18.098
,,,,15.972,,,,18.1314,,,,17.479,,,,18.7724,,,,18.323,,,,19.4481,,,,18.514,,,,19.8198,,,,13.8134,,,,15.826,,,,15.5333,,,,17.018,,,,16.7477,,,,17.49,,,,16.2752,,,,18.048
,,,,15.955,,,,18.1652,,,,17.468,,,,18.7393,,,,18.278,,,,19.4142,,,,18.469,,,,19.7521,,,,13.7457,,,,15.803,,,,15.4995,,,,16.973,,,,16.6799,,,,17.445,,,,16.2413,,,,17.997
,,,,15.837,,,,18.0298,,,,17.412,,,,18.8071,,,,18.289,,,,19.3804,,,,18.424,,,,19.7182,,,,13.6449,,,,15.691,,,,15.3979,,,,16.962,,,,16.6799,,,,17.411,,,,16.1736,,,,17.946
,,,,15.77,,,,17.9628,,,,17.277,,,,18.5361,,,,18.176,,,,19.3804,,,,18.379,,,,19.6505,,,,13.5771,,,,15.624,,,,15.3309,,,,16.827,,,,16.613,,,,17.367,,,,16.1066,,,,17.879
,,,,15.719,,,,17.9628,,,,17.277,,,,18.6039,,,,18.165,,,,19.3126,,,,18.312,,,,19.5836,,,,13.4756,,,,15.567,,,,15.2632,,,,16.815,,,,16.5791,,,,17.31,,,,16.0389,,,,17.811
,,,,15.669,,,,17.929,,,,17.22,,,,18.57,,,,18.12,,,,19.2796,,,,18.256,,,,19.5158,,,,13.4086,,,,15.5,,,,15.1624,,,,16.748,,,,16.5114,,,,17.254,,,,15.9712,,,,17.743
,,,,15.568,,,,17.8274,,,,17.141,,,,18.4684,,,,18.064,,,,19.2457,,,,18.222,,,,19.482,,,,13.3078,,,,15.421,,,,15.1285,,,,16.692,,,,16.4776,,,,17.22,,,,15.9381,,,,17.71
,,,,15.483,,,,17.7266,,,,17.063,,,,18.4353,,,,18.03,,,,19.2119,,,,18.154,,,,19.4142,,,,13.2401,,,,15.331,,,,15.0269,,,,16.635,,,,16.4437,,,,17.164,,,,15.8365,,,,17.625
,,,,15.483,,,,17.8274,,,,17.052,,,,18.3676,,,,17.974,,,,19.1441,,,,18.109,,,,19.3804,,,,13.1393,,,,15.309,,,,14.96,,,,16.579,,,,16.4106,,,,17.119,,,,15.8026,,,,17.592
,,,,15.348,,,,17.6588,,,,16.962,,,,18.3676,,,,17.94,,,,19.1103,,,,18.053,,,,19.3126,,,,13.0377,,,,15.185,,,,14.8584,,,,16.523,,,,16.3429,,,,17.063,,,,15.7357,,,,17.524
,,,,15.281,,,,17.625,,,,16.86,,,,18.1652,,,,17.85,,,,19.0764,,,,17.997,,,,19.2457,,,,12.9369,,,,15.118,,,,14.7907,,,,16.422,,,,16.309,,,,17.018,,,,15.668,,,,17.457
,,,,15.23,,,,17.5911,,,,16.849,,,,18.233,,,,17.85,,,,19.0433,,,,17.963,,,,19.2119,,,,12.8692,,,,15.061,,,,14.7238,,,,16.411,,,,16.2752,,,,16.984,,,,15.6341,,,,17.423
,,,,15.146,,,,17.5234,,,,16.782,,,,18.1652,,,,17.794,,,,19.0095,,,,17.896,,,,19.1103,,,,12.7684,,,,14.983,,,,14.656,,,,16.343,,,,16.2082,,,,16.928,,,,15.5672,,,,17.339
,,,,15.096,,,,17.4903,,,,16.737,,,,18.1314,,,,17.772,,,,19.0095,,,,17.862,,,,19.0764,,,,12.7007,,,,14.926,,,,14.5883,,,,16.298,,,,16.1736,,,,16.894,,,,15.4995,,,,17.288
,,,,15.045,,,,17.4903,,,,16.681,,,,18.0644,,,,17.716,,,,18.9417,,,,17.806,,,,19.0095,,,,12.5999,,,,14.859,,,,14.4875,,,,16.231,,,,16.1405,,,,16.849,,,,15.4656,,,,17.238
,,,,14.927,,,,17.321,,,,16.579,,,,17.9628,,,,17.648,,,,18.874,,,,17.76,,,,18.9756,,,,12.5321,,,,14.769,,,,14.4536,,,,16.174,,,,16.1066,,,,16.804,,,,15.4317,,,,17.204
,,,,14.826,,,,17.1863,,,,16.501,,,,17.929,,,,17.625,,,,18.874,,,,17.704,,,,18.9079,,,,12.4652,,,,14.679,,,,14.3867,,,,16.129,,,,16.0728,,,,16.759,,,,15.3309,,,,17.119
,,,,14.826,,,,17.2541,,,,16.478,,,,17.8951,,,,17.58,,,,18.8401,,,,17.67,,,,18.874,,,,12.3975,,,,14.646,,,,14.2851,,,,16.062,,,,16.0058,,,,16.714,,,,15.2971,,,,17.086
,,,,14.758,,,,17.2202,,,,16.444,,,,17.8951,,,,17.546,,,,18.7724,,,,17.591,,,,18.7724,,,,12.2967,,,,14.578,,,,14.2182,,,,16.028,,,,15.9712,,,,16.658,,,,15.2293,,,,17.001
,,,,14.674,,,,17.1186,,,,16.388,,,,17.8612,,,,17.502,,,,18.7393,,,,17.547,,,,18.7055,,,,12.229,,,,14.511,,,,14.1843,,,,15.983,,,,15.9042,,,,16.613,,,,15.1955,,,,16.95
,,,,14.623,,,,17.0847,,,,16.298,,,,17.6927,,,,17.434,,,,18.7055,,,,17.513,,,,18.6716,,,,12.162,,,,14.454,,,,14.1166,,,,15.904,,,,15.9042,,,,16.591,,,,15.1624,,,,16.917
,,,,14.59,,,,17.0847,,,,16.264,,,,17.6927,,,,17.389,,,,18.6716,,,,17.457,,,,18.6039,,,,12.0943,,,,14.398,,,,14.0158,,,,15.837,,,,15.8026,,,,16.523,,,,15.0947,,,,16.849
,,,,14.523,,,,17.0517,,,,16.22,,,,17.625,,,,17.355,,,,18.6377,,,,17.412,,,,18.57,,,,11.9935,,,,14.342,,,,13.9819,,,,15.803,,,,15.8026,,,,16.489,,,,15.0269,,,,16.798
,,,,14.489,,,,17.0517,,,,16.22,,,,17.6588,,,,17.344,,,,18.6039,,,,17.367,,,,18.5031,,,,11.9258,,,,14.309,,,,13.9481,,,,15.792,,,,15.7688,,,,16.455,,,,14.9931,,,,16.748
,,,,14.388,,,,16.9162,,,,16.14,,,,17.625,,,,17.31,,,,18.57,,,,17.31,,,,18.4353,,,,11.8588,,,,14.218,,,,13.8803,,,,15.747,,,,15.7357,,,,16.411,,,,14.9262,,,,16.681
,,,,14.337,,,,16.8823,,,,16.096,,,,17.558,,,,17.265,,,,18.5361,,,,17.277,,,,18.4015,,,,11.7911,,,,14.174,,,,13.8473,,,,15.702,,,,15.7019,,,,16.377,,,,14.8923,,,,16.647
,,,,14.236,,,,16.7815,,,,16.017,,,,17.5234,,,,17.232,,,,18.5031,,,,17.22,,,,18.3337,,,,11.6895,,,,14.072,,,,13.7457,,,,15.646,,,,15.668,,,,16.332,,,,14.8246,,,,16.579
,,,,14.168,,,,16.6799,,,,15.927,,,,17.3887,,,,17.153,,,,18.4353,,,,17.175,,,,18.2999,,,,11.6564,,,,14.016,,,,13.7126,,,,15.578,,,,15.6341,,,,16.287,,,,14.7907,,,,16.545
,,,,14.151,,,,16.7138,,,,15.916,,,,17.3887,,,,17.119,,,,18.4015,,,,17.131,,,,18.233,,,,11.5887,,,,13.982,,,,13.6449,,,,15.534,,,,15.5672,,,,16.242,,,,14.7576,,,,16.495
,,,,14.101,,,,16.6799,,,,15.871,,,,17.3549,,,,17.097,,,,18.3676,,,,17.074,,,,18.1652,,,,11.5218,,,,13.926,,,,13.5771,,,,15.5,,,,15.5672,,,,16.208,,,,14.6899,,,,16.428
,,,,14.034,,,,16.613,,,,15.814,,,,17.2871,,,,17.04,,,,18.3337,,,,17.04,,,,18.1314,,,,11.4541,,,,13.87,,,,13.5433,,,,15.443,,,,15.4995,,,,16.163,,,,14.656,,,,16.394
,,,,13.932,,,,16.5114,,,,15.758,,,,17.2871,,,,17.018,,,,18.2999,,,,16.995,,,,18.0975,,,,11.3533,,,,13.78,,,,13.4756,,,,15.409,,,,15.4656,,,,16.118,,,,14.5883,,,,16.343
,,,,13.882,,,,16.4437,,,,15.713,,,,17.2541,,,,16.984,,,,18.266,,,,16.95,,,,18.0298,,,,11.3194,,,,13.735,,,,13.4425,,,,15.376,,,,15.4317,,,,16.084,,,,14.5552,,,,16.292
,,,,13.814,,,,16.3429,,,,15.612,,,,17.1186,,,,16.905,,,,18.1991,,,,16.894,,,,17.9967,,,,11.2855,,,,13.668,,,,13.3748,,,,15.297,,,,15.3979,,,,16.028,,,,14.4875,,,,16.242
,,,,13.848,,,,16.4776,,,,15.646,,,,17.1525,,,,16.894,,,,18.1991,,,,16.861,,,,17.929,,,,11.2186,,,,13.668,,,,13.3078,,,,15.264,,,,15.3309,,,,15.995,,,,14.4536,,,,16.191
,,,,13.781,,,,16.4106,,,,15.624,,,,17.1863,,,,16.894,,,,18.1652,,,,16.816,,,,17.8951,,,,11.1509,,,,13.612,,,,13.274,,,,15.264,,,,15.3309,,,,15.961,,,,14.3867,,,,16.141
,,,,13.679,,,,16.2413,,,,15.533,,,,17.1525,,,,16.838,,,,18.0975,,,,16.759,,,,17.7935,,,,11.117,,,,13.521,,,,13.2062,,,,15.207,,,,15.2632,,,,15.916,,,,14.3867,,,,16.09
,,,,13.68,,,,16.3429,,,,15.511,,,,17.0517,,,,16.793,,,,18.0975,,,,16.737,,,,17.7604,,,,11.0162,,,,13.499,,,,13.1393,,,,15.14,,,,15.2293,,,,15.893,,,,14.3528,,,,16.057
,,,,13.578,,,,16.1736,,,,15.41,,,,16.9501,,,,16.748,,,,18.0644,,,,16.692,,,,17.7266,,,,10.9823,,,,13.42,,,,13.1054,,,,15.095,,,,15.2293,,,,15.86,,,,14.2851,,,,16.006
,,,,13.544,,,,16.1736,,,,15.409,,,,17.017,,,,16.725,,,,17.9967,,,,16.636,,,,17.6588,,,,10.9154,,,,13.376,,,,13.0377,,,,15.072,,,,15.1624,,,,15.803,,,,14.2512,,,,15.955
,,,,13.528,,,,16.1736,,,,15.354,,,,16.9162,,,,16.669,,,,17.9967,,,,16.602,,,,17.625,,,,10.8816,,,,13.342,,,,12.9708,,,,14.994,,,,15.0947,,,,15.759,,,,14.1843,,,,15.905
,,,,13.443,,,,16.0728,,,,15.275,,,,16.8493,,,,16.624,,,,17.929,,,,16.535,,,,17.558,,,,10.8138,,,,13.263,,,,12.903,,,,14.949,,,,15.0947,,,,15.713,,,,14.1166,,,,15.837
,,,,13.207,,,,15.8704,,,,15.095,,,,16.7138,,,,16.534,,,,17.8951,,,,16.523,,,,17.3887,,,,10.5445,,,,13.039,,,,12.7007,,,,14.803,,,,14.9931,,,,15.724,,,,14.2851,,,,15.837
,,,,13.174,,,,15.8365,,,,15.039,,,,16.6799,,,,16.467,,,,17.7935,,,,16.332,,,,17.2871,,,,10.5106,,,,12.982,,,,12.5999,,,,14.735,,,,14.9262,,,,15.545,,,,13.9142,,,,15.601
,,,,13.14,,,,15.8026,,,,15.039,,,,16.7138,,,,16.455,,,,17.7604,,,,16.287,,,,17.2541,,,,10.4776,,,,12.96,,,,12.5999,,,,14.735,,,,14.8923,,,,15.5,,,,13.8473,,,,15.551
,,,,13.073,,,,15.7357,,,,14.972,,,,16.613,,,,16.399,,,,17.7266,,,,16.231,,,,17.1863,,,,10.4098,,,,12.904,,,,12.566,,,,14.679,,,,14.8584,,,,15.455,,,,13.7795,,,,15.483
,,,,13.022,,,,15.668,,,,14.915,,,,16.5791,,,,16.354,,,,17.6927,,,,16.197,,,,17.1186,,,,10.376,,,,12.847,,,,12.4983,,,,14.623,,,,14.7907,,,,15.421,,,,13.7795,,,,15.449
,,,,12.921,,,,15.6003,,,,14.859,,,,16.5453,,,,16.287,,,,17.5911,,,,16.095,,,,17.017,,,,10.2413,,,,12.758,,,,12.4313,,,,14.567,,,,14.7238,,,,15.331,,,,13.6779,,,,15.347
,,,,12.887,,,,15.6341,,,,14.814,,,,16.4776,,,,16.219,,,,17.5234,,,,15.994,,,,16.8823,,,,10.1405,,,,12.701,,,,12.3297,,,,14.488,,,,14.656,,,,15.252,,,,13.5771,,,,15.23
,,,,12.803,,,,15.4656,,,,14.724,,,,16.4437,,,,16.174,,,,17.4903,,,,15.972,,,,16.8493,,,,10.1405,,,,12.623,,,,12.2628,,,,14.432,,,,14.5883,,,,15.219,,,,13.5771,,,,15.213
,,,,12.803,,,,15.5333,,,,14.724,,,,16.376,,,,16.14,,,,17.4565,,,,15.916,,,,16.7815,,,,10.0736,,,,12.623,,,,12.2628,,,,14.409,,,,14.5883,,,,15.185,,,,13.5102,,,,15.146
,,,,12.719,,,,15.4317,,,,14.657,,,,16.3429,,,,16.107,,,,17.4226,,,,15.859,,,,16.6799,,,,10.0059,,,,12.544,,,,12.1951,,,,14.364,,,,14.5552,,,,15.151,,,,13.4756,,,,15.078
,,,,12.516,,,,15.2293,,,,14.499,,,,16.2082,,,,16.096,,,,17.3887,,,,15.781,,,,16.4776,,,,9.80348,,,,12.364,,,,12.0604,,,,14.32,,,,14.6899,,,,15.185,,,,13.4756,,,,14.977
,,,,12.55,,,,15.2971,,,,14.499,,,,16.1736,,,,16.017,,,,17.321,,,,15.792,,,,16.5114,,,,9.80348,,,,12.376,,,,12.0274,,,,14.252,,,,14.5552,,,,15.14,,,,13.5433,,,,15.027
,,,,12.551,,,,15.3309,,,,14.466,,,,16.1066,,,,15.927,,,,17.2871,,,,15.646,,,,16.3429,,,,9.77042,,,,12.354,,,,11.9596,,,,14.151,,,,14.3867,,,,14.994,,,,13.3078,,,,14.825
,,,,12.499,,,,15.2632,,,,14.454,,,,16.1736,,,,15.927,,,,17.2541,,,,15.612,,,,16.309,,,,9.73574,,,,12.308,,,,11.9258,,,,14.151,,,,14.3528,,,,14.96,,,,13.274,,,,14.792
,,,,12.433,,,,15.1624,,,,14.364,,,,16.0389,,,,15.859,,,,17.2202,,,,15.556,,,,16.2082,,,,9.70269,,,,12.252,,,,11.8919,,,,14.083,,,,14.319,,,,14.926,,,,13.2401,,,,14.724
,,,,12.382,,,,15.1285,,,,14.308,,,,16.0058,,,,15.803,,,,17.1525,,,,15.455,,,,16.0389,,,,9.63495,,,,12.185,,,,11.7911,,,,14.016,,,,14.2512,,,,14.859,,,,13.1732,,,,14.606
,,,,12.264,,,,14.96,,,,14.218,,,,15.9381,,,,15.747,,,,17.1186,,,,15.398,,,,15.9712,,,,9.56803,,,,12.095,,,,11.7572,,,,13.96,,,,14.1843,,,,14.803,,,,13.1054,,,,14.538
,,,,12.247,,,,14.96,,,,14.207,,,,15.9712,,,,15.736,,,,17.0517,,,,15.354,,,,15.9042,,,,9.53416,,,,12.061,,,,11.6895,,,,13.948,,,,14.1843,,,,14.78,,,,13.1054,,,,14.505
,,,,12.23,,,,14.96,,,,14.174,,,,15.9042,,,,15.679,,,,17.017,,,,15.297,,,,15.8365,,,,9.50029,,,,12.039,,,,11.6564,,,,13.892,,,,14.1166,,,,14.724,,,,13.0377,,,,14.437
,,,,12.163,,,,14.8584,,,,14.106,,,,15.8365,,,,15.634,,,,16.9839,,,,15.263,,,,15.8026,,,,9.46724,,,,11.983,,,,11.6226,,,,13.847,,,,14.0827,,,,14.69,,,,13.0038,,,,14.403
,,,,12.146,,,,14.8923,,,,14.095,,,,15.8026,,,,15.601,,,,16.9501,,,,15.208,,,,15.7357,,,,9.3995,,,,11.96,,,,11.5887,,,,13.814,,,,14.0497,,,,14.646,,,,12.9369,,,,14.336
,,,,12.062,,,,14.7576,,,,14.005,,,,15.7357,,,,15.567,,,,16.9162,,,,15.174,,,,15.668,,,,9.36563,,,,11.882,,,,11.5218,,,,13.769,,,,14.0497,,,,14.634,,,,12.9369,,,,14.302
,,,,12.011,,,,14.6899,,,,13.949,,,,15.668,,,,15.533,,,,16.9162,,,,15.174,,,,15.668,,,,9.33258,,,,11.837,,,,11.4879,,,,13.724,,,,14.0158,,,,14.623,,,,12.9369,,,,14.302
,,,,12.028,,,,14.7576,,,,13.982,,,,15.7357,,,,15.533,,,,16.8823,,,,15.118,,,,15.5672,,,,9.29871,,,,11.837,,,,11.4541,,,,13.724,,,,13.9819,,,,14.589,,,,12.903,,,,14.235
,,,,11.944,,,,14.656,,,,13.915,,,,15.668,,,,15.477,,,,16.8154,,,,15.061,,,,15.5333,,,,9.23178,,,,11.769,,,,11.4202,,,,13.679,,,,13.9481,,,,14.533,,,,12.8353,,,,14.184
,,,,11.96,,,,14.7238,,,,13.859,,,,15.5333,,,,15.41,,,,16.7815,,,,15.016,,,,15.4656,,,,9.19711,,,,11.747,,,,11.3194,,,,13.589,,,,13.9142,,,,14.499,,,,12.8023,,,,14.134
,,,,11.893,,,,14.6222,,,,13.814,,,,15.4995,,,,15.354,,,,16.7138,,,,14.983,,,,15.4317,,,,9.16405,,,,11.702,,,,11.3194,,,,13.555,,,,13.8473,,,,14.454,,,,12.8023,,,,14.117
,,,,11.843,,,,14.5552,,,,13.791,,,,15.5333,,,,15.376,,,,16.7138,,,,14.949,,,,15.3648,,,,9.13018,,,,11.657,,,,11.2855,,,,13.566,,,,13.8803,,,,14.454,,,,12.7684,,,,14.067
,,,,11.809,,,,14.5214,,,,13.746,,,,15.4656,,,,15.331,,,,16.7138,,,,14.926,,,,15.3309,,,,9.09632,,,,11.623,,,,11.2517,,,,13.51,,,,13.8134,,,,14.421,,,,12.7345,,,,14.033
,,,,11.758,,,,14.5214,,,,13.69,,,,15.3979,,,,15.23,,,,16.5114,,,,14.836,,,,15.2971,,,,8.99553,,,,11.556,,,,11.1509,,,,13.443,,,,13.7795,,,,14.331,,,,12.7007,,,,13.999
,,,,11.675,,,,14.4206,,,,13.623,,,,15.3648,,,,15.219,,,,16.5791,,,,14.758,,,,15.0947,,,,8.9286,,,,11.477,,,,11.0831,,,,13.387,,,,13.7126,,,,14.297,,,,12.5999,,,,13.847
,,,,11.607,,,,14.3528,,,,13.544,,,,15.2632,,,,15.129,,,,16.4776,,,,14.679,,,,15.0269,,,,8.86087,,,,11.41,,,,11.0162,,,,13.308,,,,13.6449,,,,14.218,,,,12.5321,,,,13.779
,,,,11.59,,,,14.3528,,,,13.533,,,,15.2632,,,,15.106,,,,16.4437,,,,14.634,,,,14.96,,,,8.827,,,,11.387,,,,10.9823,,,,13.285,,,,13.611,,,,14.184,,,,12.4983,,,,13.729
,,,,11.573,,,,14.3528,,,,13.488,,,,15.1624,,,,15.05,,,,16.4106,,,,14.601,,,,14.9262,,,,8.79313,,,,11.365,,,,10.9485,,,,13.229,,,,13.5771,,,,14.151,,,,12.4652,,,,13.696
,,,,11.455,,,,14.1843,,,,13.421,,,,15.1624,,,,15.005,,,,16.3429,,,,14.51,,,,14.7907,,,,8.72621,,,,11.275,,,,10.9154,,,,13.196,,,,13.5102,,,,14.084,,,,12.3975,,,,13.594
,,,,11.421,,,,14.1166,,,,13.353,,,,15.0947,,,,14.971,,,,16.3429,,,,14.477,,,,14.7576,,,,8.72621,,,,11.23,,,,10.8477,,,,13.139,,,,13.4756,,,,14.049,,,,12.3297,,,,13.544
,,,,11.354,,,,14.0497,,,,13.319,,,,15.0608,,,,14.926,,,,16.2752,,,,14.432,,,,14.6899,,,,8.65928,,,,11.186,,,,10.8477,,,,13.117,,,,13.4425,,,,14.016,,,,12.3297,,,,13.51
,,,,11.338,,,,14.0497,,,,13.331,,,,15.1285,,,,14.926,,,,16.2413,,,,14.409,,,,14.656,,,,8.62542,,,,11.163,,,,10.8138,,,,13.117,,,,13.4086,,,,13.993,,,,12.3297,,,,13.493
,,,,11.321,,,,14.0497,,,,13.286,,,,15.0269,,,,14.881,,,,16.2413,,,,14.387,,,,14.6222,,,,8.59155,,,,11.141,,,,10.7808,,,,13.061,,,,13.3748,,,,13.971,,,,12.2967,,,,13.459
,,,,11.253,,,,13.9481,,,,13.218,,,,14.9931,,,,14.847,,,,16.2082,,,,14.342,,,,14.5552,,,,8.55768,,,,11.073,,,,10.713,,,,13.016,,,,13.3409,,,,13.937,,,,12.2628,,,,13.409
,,,,11.236,,,,13.9142,,,,13.184,,,,14.9262,,,,14.803,,,,16.1736,,,,14.285,,,,14.4875,,,,8.55768,,,,11.062,,,,10.713,,,,12.982,,,,13.3078,,,,13.892,,,,12.1951,,,,13.341
,,,,11.186,,,,13.8803,,,,13.139,,,,14.8923,,,,14.769,,,,16.1405,,,,14.252,,,,14.4536,,,,8.49076,,,,11.005,,,,10.6453,,,,12.937,,,,13.274,,,,13.859,,,,12.162,,,,13.308
,,,,11.135,,,,13.8134,,,,13.106,,,,14.8923,,,,14.746,,,,16.1066,,,,14.207,,,,14.3867,,,,8.45689,,,,10.961,,,,10.6122,,,,12.915,,,,13.2401,,,,13.825,,,,12.1282,,,,13.257
,,,,11.084,,,,13.7457,,,,13.05,,,,14.8246,,,,14.712,,,,16.0728,,,,14.185,,,,14.3867,,,,8.42302,,,,10.916,,,,10.5784,,,,12.881,,,,13.2401,,,,13.802,,,,12.0943,,,,13.24
,,,,11.102,,,,13.8134,,,,13.05,,,,14.7907,,,,14.69,,,,16.0728,,,,14.162,,,,14.319,,,,8.38997,,,,10.916,,,,10.5445,,,,12.847,,,,13.2062,,,,13.791,,,,12.0943,,,,13.207
,,,,11.102,,,,13.8134,,,,13.05,,,,14.7907,,,,14.679,,,,16.0389,,,,14.117,,,,14.2512,,,,8.38997,,,,10.916,,,,10.5445,,,,12.847,,,,13.2062,,,,13.769,,,,12.0604,,,,13.156
,,,,11.051,,,,13.7457,,,,12.993,,,,14.7238,,,,14.611,,,,15.9712,,,,14.072,,,,14.2182,,,,8.3561,,,,10.871,,,,10.5106,,,,12.791,,,,13.1393,,,,13.713,,,,12.0274,,,,13.123
,,,,11.034,,,,13.7457,,,,12.971,,,,14.7238,,,,14.6,,,,15.9712,,,,14.061,,,,14.1843,,,,8.32223,,,,10.837,,,,10.4437,,,,12.758,,,,13.1054,,,,13.701,,,,12.0274,,,,13.106
,,,,11.001,,,,13.7126,,,,12.949,,,,14.6899,,,,14.567,,,,15.9381,,,,14.027,,,,14.1166,,,,8.28917,,,,10.815,,,,10.4437,,,,12.735,,,,13.0716,,,,13.679,,,,12.0274,,,,13.072
,,,,10.95,,,,13.611,,,,12.87,,,,14.6222,,,,14.51,,,,15.8704,,,,13.982,,,,14.0827,,,,8.28917,,,,10.759,,,,10.376,,,,12.679,,,,13.0377,,,,13.634,,,,11.9935,,,,13.038
,,,,10.95,,,,13.6449,,,,12.904,,,,14.6899,,,,14.51,,,,15.8365,,,,13.949,,,,14.0497,,,,8.25531,,,,10.759,,,,10.376,,,,12.69,,,,13.0038,,,,13.6,,,,11.9596,,,,13.005
,,,,10.849,,,,13.4756,,,,12.769,,,,14.5552,,,,14.454,,,,15.8704,,,,14.005,,,,13.9481,,,,8.22144,,,,10.657,,,,10.2752,,,,12.589,,,,12.9369,,,,13.667,,,,12.1951,,,,13.072
,,,,10.865,,,,13.5433,,,,12.769,,,,14.4875,,,,14.409,,,,15.7688,,,,13.858,,,,13.9142,,,,8.18757,,,,10.669,,,,10.2752,,,,12.578,,,,12.9708,,,,13.544,,,,11.8919,,,,12.903
,,,,10.798,,,,13.4756,,,,12.712,,,,14.4536,,,,14.375,,,,15.7357,,,,13.814,,,,13.8473,,,,8.12065,,,,10.601,,,,10.2075,,,,12.533,,,,12.9369,,,,13.51,,,,11.8588,,,,12.853
,,,,10.765,,,,13.4086,,,,12.69,,,,14.4536,,,,14.364,,,,15.7019,,,,13.78,,,,13.8134,,,,8.12065,,,,10.579,,,,10.2075,,,,12.533,,,,12.9369,,,,13.488,,,,11.825,,,,12.819
,,,,10.781,,,,13.4756,,,,12.701,,,,14.4536,,,,14.33,,,,15.668,,,,13.746,,,,13.7457,,,,8.08678,,,,10.579,,,,10.1744,,,,12.499,,,,12.8692,,,,13.454,,,,11.825,,,,12.785
,,,,10.748,,,,13.4425,,,,12.634,,,,14.319,,,,14.263,,,,15.6341,,,,13.701,,,,13.7126,,,,8.05291,,,,10.545,,,,10.1405,,,,12.432,,,,12.8353,,,,13.409,,,,11.7572,,,,12.735
,,,,10.68,,,,13.3078,,,,12.6,,,,14.3867,,,,14.274,,,,15.6003,,,,13.678,,,,13.6779,,,,8.05291,,,,10.489,,,,10.1067,,,,12.443,,,,12.8353,,,,13.398,,,,11.7572,,,,12.718
,,,,10.647,,,,13.274,,,,12.589,,,,14.3867,,,,14.252,,,,15.5672,,,,13.645,,,,13.6449,,,,8.01986,,,,10.467,,,,10.1067,,,,12.432,,,,12.8023,,,,13.365,,,,11.7242,,,,12.685
,,,,10.63,,,,13.274,,,,12.567,,,,14.3528,,,,14.218,,,,15.5333,,,,13.611,,,,13.611,,,,7.98599,,,,10.445,,,,10.0736,,,,12.398,,,,12.7684,,,,13.33,,,,11.6895,,,,12.65
,,,,10.613,,,,13.2401,,,,12.544,,,,14.319,,,,14.184,,,,15.5333,,,,13.589,,,,13.5771,,,,7.98599,,,,10.433,,,,10.0736,,,,12.364,,,,12.7007,,,,13.297,,,,11.6564,,,,12.617
,,,,10.579,,,,13.2062,,,,12.488,,,,14.2182,,,,14.128,,,,15.4656,,,,13.555,,,,13.5433,,,,7.95212,,,,10.399,,,,10.0389,,,,12.319,,,,12.7007,,,,13.274,,,,11.6564,,,,12.6
,,,,10.562,,,,13.2062,,,,12.476,,,,14.2512,,,,14.128,,,,15.4317,,,,13.51,,,,13.4756,,,,7.91826,,,,10.365,,,,9.972,,,,12.308,,,,12.7007,,,,13.252,,,,11.6226,,,,12.549
,,,,10.495,,,,13.1054,,,,12.409,,,,14.1505,,,,14.072,,,,15.3979,,,,13.476,,,,13.4425,,,,7.8852,,,,10.321,,,,9.972,,,,12.263,,,,12.6676,,,,13.218,,,,11.5887,,,,12.516
,,,,10.478,,,,13.1054,,,,12.375,,,,14.0827,,,,14.027,,,,15.3648,,,,13.443,,,,13.4086,,,,7.85133,,,,10.298,,,,9.93814,,,,12.218,,,,12.6329,,,,13.184,,,,11.5548,,,,12.482
,,,,10.428,,,,13.0377,,,,12.387,,,,14.1843,,,,14.038,,,,15.3309,,,,13.42,,,,13.3748,,,,7.81746,,,,10.264,,,,9.93814,,,,12.241,,,,12.5999,,,,13.162,,,,11.5548,,,,12.465
,,,,10.394,,,,12.9708,,,,12.319,,,,14.0827,,,,13.993,,,,15.2971,,,,13.387,,,,13.3409,,,,7.81746,,,,10.231,,,,9.90427,,,,12.196,,,,12.5999,,,,13.14,,,,11.5218,,,,12.431
,,,,10.394,,,,13.0038,,,,12.308,,,,14.0497,,,,13.96,,,,15.2632,,,,13.364,,,,13.3078,,,,7.7836,,,,10.22,,,,9.87121,,,,12.162,,,,12.566,,,,13.117,,,,11.5218,,,,12.415
,,,,10.377,,,,13.0038,,,,12.319,,,,14.1166,,,,13.959,,,,15.2293,,,,13.308,,,,13.2401,,,,7.74973,,,,10.197,,,,9.83735,,,,12.162,,,,12.5321,,,,13.072,,,,11.4541,,,,12.347
,,,,10.377,,,,13.0038,,,,12.263,,,,13.9819,,,,13.903,,,,15.2293,,,,13.319,,,,13.2401,,,,7.74973,,,,10.186,,,,9.80348,,,,12.095,,,,12.4983,,,,13.072,,,,11.4879,,,,12.364
,,,,10.293,,,,12.8692,,,,12.241,,,,14.0497,,,,13.914,,,,15.1955,,,,13.263,,,,13.1732,,,,7.71667,,,,10.13,,,,9.80348,,,,12.117,,,,12.4983,,,,13.038,,,,11.4202,,,,12.297
,,,,10.276,,,,12.8692,,,,12.196,,,,13.9481,,,,13.847,,,,15.1624,,,,13.229,,,,13.1393,,,,7.68281,,,,10.107,,,,9.77042,,,,12.05,,,,12.4313,,,,12.993,,,,11.3863,,,,12.263
,,,,10.226,,,,12.8023,,,,12.14,,,,13.9142,,,,13.802,,,,15.0947,,,,13.173,,,,13.0716,,,,7.64894,,,,10.051,,,,9.70269,,,,12.005,,,,12.3975,,,,12.949,,,,11.3533,,,,12.212
,,,,10.209,,,,12.8023,,,,12.106,,,,13.8473,,,,13.757,,,,15.0608,,,,13.128,,,,13.0038,,,,7.61588,,,,10.029,,,,9.66882,,,,11.96,,,,12.3636,,,,12.915,,,,11.3194,,,,12.162
,,,,10.141,,,,12.7007,,,,12.05,,,,13.7795,,,,13.723,,,,15.0608,,,,13.106,,,,12.9708,,,,7.58201,,,,9.984,,,,9.66882,,,,11.926,,,,12.3297,,,,12.892,,,,11.2855,,,,12.128
,,,,10.108,,,,12.6676,,,,12.05,,,,13.8473,,,,13.735,,,,15.0269,,,,13.083,,,,12.9369,,,,7.54815,,,,9.95,,,,9.63495,,,,11.937,,,,12.3297,,,,12.881,,,,11.2855,,,,12.111
,,,,10.091,,,,12.6329,,,,11.982,,,,13.7126,,,,13.667,,,,14.9931,,,,13.061,,,,12.903,,,,7.54815,,,,9.928,,,,9.60189,,,,11.87,,,,12.2967,,,,12.858,,,,11.2855,,,,12.094
,,,,10.057,,,,12.5999,,,,11.96,,,,13.6779,,,,13.645,,,,14.96,,,,13.016,,,,12.8692,,,,7.51428,,,,9.905,,,,9.60189,,,,11.859,,,,12.2967,,,,12.825,,,,11.2186,,,,12.044
,,,,10.091,,,,12.6676,,,,12.005,,,,13.7795,,,,13.645,,,,14.9262,,,,12.982,,,,12.8353,,,,7.51428,,,,9.917,,,,9.56803,,,,11.859,,,,12.229,,,,12.78,,,,11.1847,,,,12.01
,,,,9.973,,,,12.4983,,,,11.903,,,,13.6779,,,,13.588,,,,14.8923,,,,12.96,,,,12.8023,,,,7.44735,,,,9.827,,,,9.53416,,,,11.802,,,,12.1951,,,,12.757,,,,11.1847,,,,11.994
,,,,9.922,,,,12.3975,,,,11.87,,,,13.6779,,,,13.577,,,,14.8584,,,,12.937,,,,12.8023,,,,7.44735,,,,9.793,,,,9.53416,,,,11.802,,,,12.1951,,,,12.735,,,,11.1509,,,,11.977
,,,,9.922,,,,12.4313,,,,11.859,,,,13.6449,,,,13.555,,,,14.8584,,,,12.903,,,,12.7007,,,,7.41349,,,,9.782,,,,9.50029,,,,11.769,,,,12.162,,,,12.724,,,,11.1509,,,,11.926
,,,,9.889,,,,12.3636,,,,11.791,,,,13.5102,,,,13.488,,,,14.8246,,,,12.881,,,,12.7007,,,,7.41349,,,,9.759,,,,9.50029,,,,11.713,,,,12.1282,,,,12.69,,,,11.117,,,,11.909
,,,,9.923,,,,12.4652,,,,11.825,,,,13.5771,,,,13.499,,,,14.7907,,,,12.858,,,,12.7007,,,,7.38043,,,,9.76,,,,9.43337,,,,11.713,,,,12.1282,,,,12.667,,,,11.0831,,,,11.892
,,,,9.822,,,,12.2967,,,,11.758,,,,13.5433,,,,13.476,,,,14.7907,,,,12.825,,,,12.6329,,,,7.34656,,,,9.692,,,,9.43337,,,,11.69,,,,12.0943,,,,12.645,,,,11.0501,,,,11.842
,,,,9.838,,,,12.3297,,,,11.746,,,,13.4756,,,,13.431,,,,14.7238,,,,12.791,,,,12.5999,,,,7.34656,,,,9.703,,,,9.43337,,,,11.668,,,,12.0943,,,,12.623,,,,11.0501,,,,11.825
,,,,9.805,,,,12.2967,,,,11.713,,,,13.4425,,,,13.398,,,,14.6899,,,,12.757,,,,12.566,,,,7.31269,,,,9.67,,,,9.3995,,,,11.634,,,,12.0604,,,,12.589,,,,11.0162,,,,11.791
,,,,9.821,,,,12.3636,,,,11.735,,,,13.4756,,,,13.386,,,,14.6899,,,,12.724,,,,12.4983,,,,7.27883,,,,9.669,,,,9.36563,,,,11.612,,,,11.9935,,,,12.555,,,,10.9823,,,,11.74
,,,,9.754,,,,12.2628,,,,11.701,,,,13.4756,,,,13.364,,,,14.656,,,,12.701,,,,12.4652,,,,7.24496,,,,9.624,,,,9.36563,,,,11.6,,,,11.9596,,,,12.533,,,,10.9823,,,,11.724
,,,,9.703,,,,12.162,,,,11.623,,,,13.3748,,,,13.319,,,,14.5883,,,,12.667,,,,12.4652,,,,7.24496,,,,9.58,,,,9.33258,,,,11.567,,,,11.9935,,,,12.51,,,,10.9485,,,,11.707
,,,,9.67,,,,12.1282,,,,11.601,,,,13.3748,,,,13.296,,,,14.5883,,,,12.656,,,,12.4313,,,,7.2119,,,,9.546,,,,9.29871,,,,11.533,,,,11.9258,,,,12.488,,,,10.9485,,,,11.69
,,,,9.687,,,,12.162,,,,11.567,,,,13.274,,,,13.252,,,,14.5552,,,,12.634,,,,12.4313,,,,7.2119,,,,9.546,,,,9.26484,,,,11.488,,,,11.9258,,,,12.465,,,,10.9154,,,,11.673
,,,,9.653,,,,12.1282,,,,11.589,,,,13.3748,,,,13.274,,,,14.5552,,,,12.6,,,,12.3636,,,,7.17804,,,,9.524,,,,9.26484,,,,11.511,,,,11.8919,,,,12.443,,,,10.8816,,,,11.623
,,,,9.636,,,,12.0943,,,,11.5,,,,13.1732,,,,13.173,,,,14.4875,,,,12.566,,,,12.3297,,,,7.17804,,,,9.501,,,,9.23178,,,,11.421,,,,11.8588,,,,12.409,,,,10.8816,,,,11.606
,,,,9.62,,,,12.0943,,,,11.522,,,,13.2401,,,,13.184,,,,14.4536,,,,12.555,,,,12.3297,,,,7.14498,,,,9.49,,,,9.23178,,,,11.444,,,,11.8588,,,,12.398,,,,10.8816,,,,11.606
,,,,9.535,,,,11.9258,,,,11.454,,,,13.2401,,,,13.162,,,,14.4206,,,,12.499,,,,12.2628,,,,7.14498,,,,9.423,,,,9.19711,,,,11.421,,,,11.825,,,,12.353,,,,10.8138,,,,11.538
,,,,9.552,,,,11.9935,,,,11.466,,,,13.2062,,,,13.151,,,,14.4206,,,,12.499,,,,12.229,,,,7.11111,,,,9.434,,,,9.19711,,,,11.409,,,,11.825,,,,12.364,,,,10.8477,,,,11.538
,,,,9.518,,,,11.9258,,,,11.421,,,,13.1732,,,,13.106,,,,14.3867,,,,12.454,,,,12.1951,,,,7.11111,,,,9.4,,,,9.16405,,,,11.365,,,,11.7572,,,,12.308,,,,10.7808,,,,11.488
,,,,9.518,,,,11.9596,,,,11.421,,,,13.1393,,,,13.072,,,,14.3528,,,,12.432,,,,12.162,,,,7.07724,,,,9.4,,,,9.16405,,,,11.343,,,,11.7242,,,,12.286,,,,10.7808,,,,11.471
,,,,9.468,,,,11.8919,,,,11.376,,,,13.1054,,,,13.05,,,,14.319,,,,12.398,,,,12.1282,,,,7.04338,,,,9.355,,,,9.13018,,,,11.32,,,,11.7242,,,,12.263,,,,10.7469,,,,11.438
,,,,9.468,,,,11.8919,,,,11.376,,,,13.1054,,,,13.027,,,,14.2851,,,,12.375,,,,12.0943,,,,7.04338,,,,9.355,,,,9.13018,,,,11.308,,,,11.6895,,,,12.24,,,,10.7469,,,,11.421
,,,,9.383,,,,11.7572,,,,11.297,,,,13.0377,,,,12.993,,,,14.2851,,,,12.364,,,,12.0604,,,,7.00951,,,,9.288,,,,9.09632,,,,11.263,,,,11.6564,,,,12.229,,,,10.7469,,,,11.404
,,,,9.4,,,,11.7911,,,,11.263,,,,12.903,,,,12.926,,,,14.2512,,,,12.342,,,,12.0604,,,,7.00951,,,,9.299,,,,9.09632,,,,11.207,,,,11.6226,,,,12.196,,,,10.713,,,,11.387
,,,,9.384,,,,11.7911,,,,11.286,,,,13.0038,,,,12.948,,,,14.2182,,,,12.308,,,,12.0274,,,,6.97645,,,,9.277,,,,9.06326,,,,11.23,,,,11.6226,,,,12.173,,,,10.6792,,,,11.353
,,,,9.333,,,,11.7242,,,,11.252,,,,13.0038,,,,12.937,,,,14.1843,,,,12.274,,,,11.9935,,,,6.94258,,,,9.232,,,,9.02939,,,,11.219,,,,11.6226,,,,12.151,,,,10.6453,,,,11.319
,,,,9.283,,,,11.6226,,,,11.185,,,,12.903,,,,12.892,,,,14.1505,,,,12.241,,,,11.9596,,,,6.94258,,,,9.198,,,,9.02939,,,,11.185,,,,11.6226,,,,12.128,,,,10.6122,,,,11.286
,,,,9.283,,,,11.6564,,,,11.196,,,,12.9369,,,,12.869,,,,14.1166,,,,12.218,,,,11.9258,,,,6.90872,,,,9.187,,,,8.99553,,,,11.162,,,,11.5548,,,,12.095,,,,10.6122,,,,11.269
,,,,9.266,,,,11.6564,,,,11.185,,,,12.903,,,,12.858,,,,14.1166,,,,12.196,,,,11.8919,,,,6.87566,,,,9.176,,,,8.99553,,,,11.151,,,,11.5548,,,,12.083,,,,10.5784,,,,11.235
,,,,9.215,,,,11.5887,,,,11.151,,,,12.903,,,,12.836,,,,14.0827,,,,12.173,,,,11.8588,,,,6.84179,,,,9.131,,,,8.96166,,,,11.129,,,,11.5218,,,,12.061,,,,10.5784,,,,11.219
,,,,9.215,,,,11.5887,,,,11.107,,,,12.8023,,,,12.769,,,,14.0158,,,,12.117,,,,11.7911,,,,6.84179,,,,9.12,,,,8.9286,,,,11.073,,,,11.4879,,,,12.016,,,,10.5445,,,,11.168
,,,,9.182,,,,11.4879,,,,11.039,,,,12.7345,,,,12.746,,,,14.0497,,,,12.14,,,,11.825,,,,6.87566,,,,9.086,,,,8.89473,,,,11.028,,,,11.4541,,,,12.016,,,,10.5445,,,,11.185
,,,,9.148,,,,11.4879,,,,11.05,,,,12.8023,,,,12.746,,,,13.9819,,,,12.083,,,,11.7572,,,,6.80793,,,,9.052,,,,8.86087,,,,11.039,,,,11.4541,,,,11.982,,,,10.5106,,,,11.134
,,,,9.148,,,,11.5218,,,,11.039,,,,12.7684,,,,12.724,,,,13.9819,,,,12.038,,,,11.6895,,,,6.77406,,,,9.041,,,,8.827,,,,11.005,,,,11.4202,,,,11.949,,,,10.4437,,,,11.067
,,,,9.097,,,,11.4202,,,,10.994,,,,12.7345,,,,12.69,,,,13.9481,,,,12.016,,,,11.6564,,,,6.77406,,,,9.007,,,,8.827,,,,10.983,,,,11.3863,,,,11.926,,,,10.4437,,,,11.05
,,,,9.064,,,,11.3533,,,,10.972,,,,12.7684,,,,12.679,,,,13.9142,,,,11.982,,,,11.6226,,,,6.77406,,,,8.973,,,,8.79313,,,,10.972,,,,11.3533,,,,11.892,,,,10.4098,,,,11.016
,,,,9.081,,,,11.4202,,,,10.96,,,,12.6676,,,,12.622,,,,13.8803,,,,11.948,,,,11.5887,,,,6.741,,,,8.985,,,,8.79313,,,,10.927,,,,11.3194,,,,11.859,,,,10.376,,,,10.982
,,,,9.064,,,,11.4202,,,,10.938,,,,12.6329,,,,12.6,,,,13.8473,,,,11.926,,,,11.5887,,,,6.70713,,,,8.962,,,,8.76007,,,,10.904,,,,11.3194,,,,11.836,,,,10.3421,,,,10.965
,,,,8.996,,,,11.2855,,,,10.915,,,,12.7007,,,,12.611,,,,13.8473,,,,11.893,,,,11.5218,,,,6.70713,,,,8.918,,,,8.76007,,,,10.915,,,,11.2855,,,,11.814,,,,10.3091,,,,10.915
,,,,9.013,,,,11.2855,,,,10.915,,,,12.7007,,,,12.589,,,,13.8134,,,,11.881,,,,11.5218,,,,6.741,,,,8.929,,,,8.76007,,,,10.904,,,,11.2517,,,,11.791,,,,10.3091,,,,10.915
,,,,8.946,,,,11.2186,,,,10.837,,,,12.566,,,,12.532,,,,13.7795,,,,11.836,,,,11.4541,,,,6.67327,,,,8.873,,,,8.72621,,,,10.848,,,,11.2517,,,,11.769,,,,10.2752,,,,10.865
,,,,8.963,,,,11.2855,,,,10.814,,,,12.4652,,,,12.476,,,,13.7457,,,,11.836,,,,11.4879,,,,6.64021,,,,8.873,,,,8.69234,,,,10.792,,,,11.2186,,,,11.746,,,,10.2752,,,,10.882
,,,,8.963,,,,11.2855,,,,10.837,,,,12.5321,,,,12.476,,,,13.7126,,,,11.803,,,,11.4541,,,,6.64021,,,,8.873,,,,8.69234,,,,10.803,,,,11.1847,,,,11.713,,,,10.2413,,,,10.848
,,,,8.912,,,,11.1847,,,,10.758,,,,12.4313,,,,12.443,,,,13.7126,,,,11.78,,,,11.3863,,,,6.64021,,,,8.828,,,,8.65928,,,,10.758,,,,11.1847,,,,11.713,,,,10.2413,,,,10.814
,,,,8.879,,,,11.117,,,,10.702,,,,12.3636,,,,12.51,,,,13.7795,,,,11.825,,,,11.4541,,,,6.64021,,,,8.794,,,,8.62542,,,,10.792,,,,11.3863,,,,11.802,,,,10.2413,,,,10.848
,,,,8.879,,,,11.1509,,,,10.747,,,,12.4313,,,,12.409,,,,13.6449,,,,11.724,,,,11.3194,,,,6.60634,,,,8.806,,,,8.65928,,,,10.747,,,,11.1509,,,,11.668,,,,10.2075,,,,10.763
,,,,8.862,,,,11.117,,,,10.691,,,,12.3297,,,,12.375,,,,13.6449,,,,11.713,,,,11.2855,,,,6.60634,,,,8.783,,,,8.62542,,,,10.702,,,,11.1509,,,,11.668,,,,10.2075,,,,10.747
,,,,8.845,,,,11.0831,,,,10.679,,,,12.3636,,,,12.364,,,,13.611,,,,11.69,,,,11.2855,,,,6.60634,,,,8.76,,,,8.59155,,,,10.691,,,,11.117,,,,11.634,,,,10.1744,,,,10.73
,,,,8.828,,,,11.0501,,,,10.668,,,,12.3636,,,,12.33,,,,13.5433,,,,11.656,,,,11.2517,,,,6.60634,,,,8.749,,,,8.59155,,,,10.679,,,,11.0831,,,,11.6,,,,10.1744,,,,10.713
,,,,8.761,,,,10.9823,,,,10.646,,,,12.3975,,,,12.33,,,,13.5433,,,,11.645,,,,11.2517,,,,6.53942,,,,8.693,,,,8.55768,,,,10.668,,,,11.0501,,,,11.578,,,,10.1405,,,,10.696
,,,,8.778,,,,11.0162,,,,10.612,,,,12.2628,,,,12.274,,,,13.5433,,,,11.623,,,,11.2186,,,,6.53942,,,,8.704,,,,8.55768,,,,10.612,,,,11.0162,,,,11.555,,,,10.1067,,,,10.663
,,,,8.795,,,,11.0501,,,,10.635,,,,12.3297,,,,12.274,,,,13.4756,,,,11.578,,,,11.1509,,,,6.53942,,,,8.705,,,,8.52462,,,,10.624,,,,11.0162,,,,11.533,,,,10.1067,,,,10.629
,,,,8.76,,,,11.0162,,,,10.601,,,,12.2628,,,,12.24,,,,13.4756,,,,11.578,,,,11.1509,,,,6.50474,,,,8.682,,,,8.52462,,,,10.59,,,,10.9823,,,,11.522,,,,10.1067,,,,10.629
,,,,8.727,,,,10.9485,,,,10.59,,,,12.3297,,,,12.24,,,,13.4425,,,,11.533,,,,11.0831,,,,6.50474,,,,8.648,,,,8.49076,,,,10.59,,,,10.9485,,,,11.488,,,,10.0736,,,,10.578
,,,,8.677,,,,10.8816,,,,10.522,,,,12.1951,,,,12.195,,,,13.4425,,,,11.533,,,,11.0831,,,,6.47168,,,,8.615,,,,8.49076,,,,10.545,,,,10.9485,,,,11.488,,,,10.0736,,,,10.578
,,,,8.626,,,,10.7808,,,,10.478,,,,12.1951,,,,12.173,,,,13.4086,,,,11.51,,,,11.0831,,,,6.47168,,,,8.57,,,,8.45689,,,,10.522,,,,10.9154,,,,11.454,,,,10.0389,,,,10.561
,,,,8.694,,,,10.9154,,,,10.5,,,,12.162,,,,12.151,,,,13.3748,,,,11.488,,,,11.0501,,,,6.47168,,,,8.603,,,,8.42302,,,,10.5,,,,10.9154,,,,11.443,,,,10.0389,,,,10.544
,,,,8.66,,,,10.8816,,,,10.489,,,,12.162,,,,12.128,,,,13.3409,,,,11.454,,,,11.0162,,,,6.43782,,,,8.581,,,,8.42302,,,,10.489,,,,10.8816,,,,11.409,,,,10.0059,,,,10.511
,,,,8.609,,,,10.7808,,,,10.433,,,,12.1282,,,,12.117,,,,13.3409,,,,11.443,,,,10.9823,,,,6.43782,,,,8.536,,,,8.38997,,,,10.467,,,,10.8816,,,,11.409,,,,10.0059,,,,10.494
,,,,8.609,,,,10.8138,,,,10.455,,,,12.162,,,,12.106,,,,13.3078,,,,11.409,,,,10.9485,,,,6.40395,,,,8.536,,,,8.38997,,,,10.467,,,,10.8477,,,,11.376,,,,9.972,,,,10.46
,,,,8.592,,,,10.7808,,,,10.41,,,,12.0604,,,,12.049,,,,13.274,,,,11.376,,,,10.9154,,,,6.40395,,,,8.525,,,,8.38997,,,,10.421,,,,10.8138,,,,11.342,,,,9.93814,,,,10.427
,,,,8.609,,,,10.8138,,,,10.399,,,,12.0274,,,,12.038,,,,13.274,,,,11.365,,,,10.9154,,,,6.40395,,,,8.525,,,,8.3561,,,,10.399,,,,10.8138,,,,11.331,,,,9.90427,,,,10.41
,,,,8.592,,,,10.7808,,,,10.411,,,,12.162,,,,12.061,,,,13.2401,,,,11.331,,,,10.8816,,,,6.40395,,,,8.491,,,,8.28917,,,,10.411,,,,10.7808,,,,11.297,,,,9.87121,,,,10.376
,,,,8.559,,,,10.7469,,,,10.354,,,,11.9935,,,,11.982,,,,13.2062,,,,11.308,,,,10.8477,,,,6.37089,,,,8.48,,,,8.32223,,,,10.354,,,,10.7469,,,,11.275,,,,9.87121,,,,10.359
,,,,8.542,,,,10.713,,,,10.264,,,,11.9258,,,,12.005,,,,13.2062,,,,11.353,,,,10.8138,,,,6.37089,,,,8.413,,,,8.15371,,,,10.32,,,,10.8816,,,,11.376,,,,10.0389,,,,10.426
,,,,8.508,,,,10.6453,,,,10.242,,,,11.8588,,,,11.904,,,,13.1393,,,,11.23,,,,10.7469,,,,6.37089,,,,8.413,,,,8.22144,,,,10.264,,,,10.713,,,,11.219,,,,9.80348,,,,10.275
,,,,8.508,,,,10.6453,,,,10.264,,,,11.9258,,,,11.903,,,,13.1054,,,,11.207,,,,10.713,,,,6.37089,,,,8.413,,,,8.22144,,,,10.275,,,,10.6792,,,,11.196,,,,9.80348,,,,10.258
,,,,8.441,,,,10.5445,,,,10.208,,,,11.8919,,,,11.881,,,,13.0716,,,,11.185,,,,10.6792,,,,6.33702,,,,8.356,,,,8.18757,,,,10.253,,,,10.6792,,,,11.185,,,,9.80348,,,,10.241
,,,,8.441,,,,10.5445,,,,10.208,,,,11.8919,,,,11.87,,,,13.0716,,,,11.162,,,,10.6792,,,,6.33702,,,,8.356,,,,8.18757,,,,10.242,,,,10.6453,,,,11.151,,,,9.73574,,,,10.207
,,,,8.474,,,,10.6453,,,,10.219,,,,11.825,,,,11.825,,,,13.0377,,,,11.151,,,,10.6792,,,,6.30316,,,,8.379,,,,8.18757,,,,10.208,,,,10.6122,,,,11.129,,,,9.73574,,,,10.207
,,,,8.407,,,,10.5106,,,,10.163,,,,11.7911,,,,11.802,,,,13.0038,,,,11.128,,,,10.6453,,,,6.30316,,,,8.334,,,,8.18757,,,,10.197,,,,10.6122,,,,11.117,,,,9.73574,,,,10.191
,,,,8.424,,,,10.5445,,,,10.174,,,,11.7911,,,,11.791,,,,12.9708,,,,11.095,,,,10.6122,,,,6.30316,,,,8.345,,,,8.18757,,,,10.197,,,,10.6122,,,,11.095,,,,9.70269,,,,10.157
,,,,8.357,,,,10.4437,,,,10.118,,,,11.7572,,,,11.769,,,,12.9708,,,,11.084,,,,10.5784,,,,6.2701,,,,8.289,,,,8.15371,,,,10.163,,,,10.5784,,,,11.084,,,,9.70269,,,,10.141
,,,,8.323,,,,10.376,,,,10.096,,,,11.7572,,,,11.758,,,,12.9369,,,,11.05,,,,10.5445,,,,6.2701,,,,8.267,,,,8.15371,,,,10.163,,,,10.5784,,,,11.061,,,,9.66882,,,,10.107
,,,,8.39,,,,10.5106,,,,10.107,,,,11.6895,,,,11.724,,,,12.9369,,,,11.039,,,,10.5106,,,,6.2701,,,,8.3,,,,8.12065,,,,10.118,,,,10.5445,,,,11.05,,,,9.66882,,,,10.09
,,,,8.323,,,,10.4098,,,,10.085,,,,11.7572,,,,11.712,,,,12.8692,,,,11.005,,,,10.4776,,,,6.23623,,,,8.244,,,,8.08678,,,,10.118,,,,10.5106,,,,11.016,,,,9.66882,,,,10.073
,,,,8.273,,,,10.3091,,,,10.051,,,,11.7572,,,,11.712,,,,12.8692,,,,10.994,,,,10.4776,,,,6.23623,,,,8.211,,,,8.08678,,,,10.118,,,,10.5106,,,,11.005,,,,9.63495,,,,10.056
,,,,8.289,,,,10.376,,,,10.028,,,,11.6895,,,,11.69,,,,12.8692,,,,10.994,,,,10.4776,,,,6.20237,,,,8.199,,,,8.01986,,,,10.073,,,,10.5106,,,,11.005,,,,9.63495,,,,10.056
,,,,8.272,,,,10.3421,,,,10.04,,,,11.7242,,,,11.679,,,,12.8353,,,,10.949,,,,10.4098,,,,6.20237,,,,8.199,,,,8.05291,,,,10.085,,,,10.4776,,,,10.972,,,,9.60189,,,,10.006
,,,,8.222,,,,10.2752,,,,9.984,,,,11.6895,,,,11.656,,,,12.8353,,,,10.938,,,,10.4098,,,,6.1685,,,,8.143,,,,7.98599,,,,10.04,,,,10.4437,,,,10.949,,,,9.56803,,,,9.989
,,,,8.272,,,,10.376,,,,9.995,,,,11.6226,,,,11.623,,,,12.8023,,,,10.927,,,,10.4098,,,,6.1685,,,,8.177,,,,7.98599,,,,10.017,,,,10.4437,,,,10.938,,,,9.56803,,,,9.989
,,,,8.222,,,,10.2752,,,,9.961,,,,11.5887,,,,11.578,,,,12.7684,,,,10.893,,,,10.376,,,,6.1685,,,,8.155,,,,8.01986,,,,9.995,,,,10.376,,,,10.893,,,,9.53416,,,,9.955
,,,,8.222,,,,10.3091,,,,9.939,,,,11.5548,,,,11.566,,,,12.7345,,,,10.87,,,,10.3421,,,,6.13544,,,,8.132,,,,7.95212,,,,9.972,,,,10.4098,,,,10.893,,,,9.53416,,,,9.938
,,,,8.171,,,,10.1744,,,,9.905,,,,11.5887,,,,11.555,,,,12.7345,,,,10.848,,,,10.3091,,,,6.1685,,,,8.098,,,,7.95212,,,,9.961,,,,10.3421,,,,10.859,,,,9.50029,,,,9.905
,,,,8.155,,,,10.1744,,,,9.86,,,,11.4541,,,,11.51,,,,12.7007,,,,10.837,,,,10.3091,,,,6.13544,,,,8.087,,,,7.95212,,,,9.927,,,,10.376,,,,10.859,,,,9.50029,,,,9.905
,,,,8.155,,,,10.1744,,,,9.871,,,,11.4879,,,,11.51,,,,12.7007,,,,10.825,,,,10.2752,,,,6.13544,,,,8.087,,,,7.95212,,,,9.927,,,,10.3421,,,,10.848,,,,9.50029,,,,9.888
,,,,8.188,,,,10.2413,,,,9.916,,,,11.5887,,,,11.522,,,,12.6676,,,,10.792,,,,10.2413,,,,6.13544,,,,8.098,,,,7.91826,,,,9.939,,,,10.3091,,,,10.815,,,,9.46724,,,,9.854
,,,,8.121,,,,10.1405,,,,9.86,,,,11.5548,,,,11.499,,,,12.6676,,,,10.781,,,,10.2075,,,,6.10157,,,,8.042,,,,7.8852,,,,9.905,,,,10.2752,,,,10.803,,,,9.46724,,,,9.837
,,,,8.138,,,,10.1744,,,,9.838,,,,11.4541,,,,11.443,,,,12.5999,,,,10.747,,,,10.2075,,,,6.10157,,,,8.054,,,,7.8852,,,,9.872,,,,10.2752,,,,10.769,,,,9.43337,,,,9.82
,,,,8.087,,,,10.1067,,,,9.815,,,,11.4879,,,,11.465,,,,12.6329,,,,10.747,,,,10.1744,,,,6.06771,,,,8.009,,,,7.85133,,,,9.871,,,,10.2752,,,,10.78,,,,9.43337,,,,9.804
,,,,8.037,,,,10.0059,,,,9.77,,,,11.4541,,,,11.42,,,,12.566,,,,10.713,,,,10.1744,,,,6.06771,,,,7.975,,,,7.85133,,,,9.849,,,,10.2413,,,,10.736,,,,9.3995,,,,9.787
,,,,8.071,,,,10.0736,,,,9.793,,,,11.4541,,,,11.409,,,,12.5321,,,,10.691,,,,10.1405,,,,6.06771,,,,7.998,,,,7.85133,,,,9.849,,,,10.2413,,,,10.724,,,,9.3995,,,,9.77
,,,,8.037,,,,10.0059,,,,9.726,,,,11.3533,,,,11.364,,,,12.5321,,,,10.668,,,,10.1067,,,,6.06771,,,,7.964,,,,7.81746,,,,9.793,,,,10.2075,,,,10.702,,,,9.36563,,,,9.736
,,,,8.02,,,,10.0059,,,,9.692,,,,11.3194,,,,11.331,,,,12.4983,,,,10.623,,,,10.0389,,,,6.03465,,,,7.93,,,,7.74973,,,,9.748,,,,10.1744,,,,10.668,,,,9.33258,,,,9.686
,,,,8.003,,,,9.972,,,,9.703,,,,11.3863,,,,11.342,,,,12.4652,,,,10.59,,,,10.0059,,,,6.03465,,,,7.919,,,,7.74973,,,,9.77,,,,10.1744,,,,10.646,,,,9.29871,,,,9.652
,,,,7.986,,,,9.93814,,,,9.669,,,,11.3194,,,,11.297,,,,12.4313,,,,10.567,,,,9.972,,,,6.03465,,,,7.908,,,,7.74973,,,,9.737,,,,10.1405,,,,10.624,,,,9.29871,,,,9.635
,,,,7.969,,,,9.972,,,,9.669,,,,11.2855,,,,11.274,,,,12.4313,,,,10.567,,,,9.972,,,,5.96691,,,,7.896,,,,7.74973,,,,9.714,,,,10.1067,,,,10.612,,,,9.29871,,,,9.635
,,,,7.953,,,,9.90427,,,,9.624,,,,11.2517,,,,11.364,,,,12.4652,,,,10.59,,,,9.972,,,,6.00078,,,,7.874,,,,7.71667,,,,9.781,,,,10.376,,,,10.725,,,,9.33258,,,,9.652
,,,,7.953,,,,9.90427,,,,9.602,,,,11.1509,,,,11.275,,,,12.4652,,,,10.635,,,,10.0736,,,,6.00078,,,,7.885,,,,7.74973,,,,9.703,,,,10.2075,,,,10.679,,,,9.36563,,,,9.72
,,,,7.919,,,,9.83735,,,,9.58,,,,11.2186,,,,11.219,,,,12.3636,,,,10.488,,,,9.90427,,,,6.00078,,,,7.84,,,,7.68281,,,,9.658,,,,10.0736,,,,10.545,,,,9.19711,,,,9.551
,,,,7.919,,,,9.87121,,,,9.602,,,,11.2517,,,,11.196,,,,12.3297,,,,10.455,,,,9.87121,,,,5.96691,,,,7.84,,,,7.68281,,,,9.647,,,,10.0059,,,,10.5,,,,9.16405,,,,9.518
,,,,7.885,,,,9.80348,,,,9.568,,,,11.2517,,,,11.185,,,,12.2967,,,,10.41,,,,9.80348,,,,5.96691,,,,7.806,,,,7.64894,,,,9.636,,,,10.0059,,,,10.478,,,,9.13018,,,,9.467
,,,,7.885,,,,9.80348,,,,9.523,,,,11.117,,,,11.129,,,,12.2967,,,,10.399,,,,9.80348,,,,5.96691,,,,7.806,,,,7.64894,,,,9.579,,,,9.972,,,,10.455,,,,9.09632,,,,9.45
,,,,7.902,,,,9.83735,,,,9.546,,,,11.117,,,,11.117,,,,12.2628,,,,10.399,,,,9.80348,,,,5.96691,,,,7.829,,,,7.68281,,,,9.591,,,,9.972,,,,10.455,,,,9.13018,,,,9.467
,,,,7.851,,,,9.73574,,,,9.445,,,,11.0162,,,,11.072,,,,12.2628,,,,10.377,,,,9.77042,,,,5.96691,,,,7.762,,,,7.58201,,,,9.512,,,,9.93814,,,,10.432,,,,9.09632,,,,9.433
,,,,7.835,,,,9.77042,,,,9.456,,,,11.0162,,,,11.061,,,,12.229,,,,10.365,,,,9.77042,,,,5.89999,,,,7.751,,,,7.58201,,,,9.512,,,,9.93814,,,,10.421,,,,9.09632,,,,9.433
,,,,7.835,,,,9.73574,,,,9.433,,,,11.0162,,,,11.05,,,,12.1951,,,,10.32,,,,9.70269,,,,5.93386,,,,7.739,,,,7.54815,,,,9.501,,,,9.93814,,,,10.399,,,,9.06326,,,,9.383
,,,,7.784,,,,9.66882,,,,9.445,,,,11.0831,,,,11.05,,,,12.162,,,,10.309,,,,9.70269,,,,5.89999,,,,7.717,,,,7.58201,,,,9.523,,,,9.90427,,,,10.377,,,,9.06326,,,,9.383
,,,,7.801,,,,9.66882,,,,9.422,,,,11.0501,,,,11.028,,,,12.162,,,,10.298,,,,9.66882,,,,5.93386,,,,7.717,,,,7.54815,,,,9.49,,,,9.87121,,,,10.365,,,,9.06326,,,,9.366
,,,,7.784,,,,9.66882,,,,9.4,,,,10.9823,,,,11.005,,,,12.162,,,,10.287,,,,9.63495,,,,5.89999,,,,7.706,,,,7.54815,,,,9.467,,,,9.87121,,,,10.365,,,,9.06326,,,,9.349
,,,,7.801,,,,9.70269,,,,9.388,,,,10.9485,,,,10.971,,,,12.1282,,,,10.275,,,,9.66882,,,,5.89999,,,,7.706,,,,7.51428,,,,9.433,,,,9.83735,,,,10.332,,,,9.02939,,,,9.349
,,,,7.734,,,,9.56803,,,,9.355,,,,10.9823,,,,10.983,,,,12.1282,,,,10.264,,,,9.63495,,,,5.89999,,,,7.661,,,,7.51428,,,,9.445,,,,9.83735,,,,10.332,,,,9.02939,,,,9.332
,,,,7.784,,,,9.66882,,,,9.377,,,,10.9485,,,,10.96,,,,12.0943,,,,10.219,,,,9.56803,,,,5.89999,,,,7.694,,,,7.51428,,,,9.433,,,,9.83735,,,,10.309,,,,8.99553,,,,9.282
,,,,7.751,,,,9.63495,,,,9.31,,,,10.8138,,,,10.904,,,,12.0943,,,,10.208,,,,9.56803,,,,5.86612,,,,7.661,,,,7.48122,,,,9.366,,,,9.80348,,,,10.286,,,,8.96166,,,,9.265
,,,,7.7,,,,9.53416,,,,9.31,,,,10.9154,,,,10.926,,,,12.0604,,,,10.197,,,,9.56803,,,,5.86612,,,,7.627,,,,7.48122,,,,9.4,,,,9.80348,,,,10.275,,,,8.96166,,,,9.265
,,,,7.717,,,,9.56803,,,,9.288,,,,10.8138,,,,10.871,,,,12.0274,,,,10.174,,,,9.53416,,,,5.86612,,,,7.638,,,,7.48122,,,,9.355,,,,9.77042,,,,10.253,,,,8.96166,,,,9.248
,,,,7.667,,,,9.46724,,,,9.254,,,,10.8138,,,,10.87,,,,12.0604,,,,10.163,,,,9.50029,,,,5.86612,,,,7.605,,,,7.48122,,,,9.344,,,,9.73574,,,,10.242,,,,8.9286,,,,9.214
,,,,7.65,,,,9.46724,,,,9.243,,,,10.8138,,,,10.859,,,,12.0274,,,,10.13,,,,9.46724,,,,5.83226,,,,7.582,,,,7.44735,,,,9.332,,,,9.73574,,,,10.219,,,,8.89473,,,,9.181
,,,,7.633,,,,9.46724,,,,9.243,,,,10.8138,,,,10.848,,,,11.9935,,,,10.118,,,,9.46724,,,,5.7992,,,,7.571,,,,7.44735,,,,9.332,,,,9.73574,,,,10.208,,,,8.89473,,,,9.181
,,,,7.616,,,,9.43337,,,,9.221,,,,10.7808,,,,10.814,,,,11.9596,,,,10.096,,,,9.43337,,,,5.7992,,,,7.56,,,,7.44735,,,,9.31,,,,9.70269,,,,10.186,,,,8.89473,,,,9.164
,,,,7.65,,,,9.50029,,,,9.243,,,,10.8138,,,,10.814,,,,11.9596,,,,10.096,,,,9.43337,,,,5.7992,,,,7.571,,,,7.41349,,,,9.299,,,,9.66882,,,,10.174,,,,8.89473,,,,9.164
,,,,7.633,,,,9.46724,,,,9.209,,,,10.7469,,,,10.781,,,,11.9258,,,,10.062,,,,9.3995,,,,5.7992,,,,7.56,,,,7.41349,,,,9.276,,,,9.66882,,,,10.152,,,,8.86087,,,,9.13
,,,,7.633,,,,9.46724,,,,9.175,,,,10.6453,,,,10.747,,,,11.9258,,,,10.051,,,,9.3995,,,,5.7992,,,,7.56,,,,7.41349,,,,9.243,,,,9.66882,,,,10.141,,,,8.827,,,,9.113
,,,,7.599,,,,9.3995,,,,9.187,,,,10.7469,,,,10.758,,,,11.8919,,,,10.017,,,,9.33258,,,,5.7992,,,,7.537,,,,7.41349,,,,9.265,,,,9.63495,,,,10.118,,,,8.827,,,,9.08
,,,,7.633,,,,9.46724,,,,9.187,,,,10.713,,,,10.736,,,,11.8588,,,,10.017,,,,9.36563,,,,5.7992,,,,7.549,,,,7.38043,,,,9.243,,,,9.63495,,,,10.107,,,,8.827,,,,9.096
,,,,7.616,,,,9.46724,,,,9.153,,,,10.6122,,,,10.691,,,,11.8588,,,,10.006,,,,9.33258,,,,5.76533,,,,7.538,,,,7.38043,,,,9.198,,,,9.60189,,,,10.096,,,,8.827,,,,9.08
,,,,7.549,,,,9.33258,,,,9.119,,,,10.6792,,,,10.702,,,,11.825,,,,9.984,,,,9.29871,,,,5.76533,,,,7.481,,,,7.34656,,,,9.209,,,,9.60189,,,,10.085,,,,8.827,,,,9.063
,,,,7.549,,,,9.33258,,,,9.075,,,,10.5784,,,,10.657,,,,11.825,,,,9.961,,,,9.26484,,,,5.76533,,,,7.47,,,,7.31269,,,,9.153,,,,9.56803,,,,10.062,,,,8.79313,,,,9.029
,,,,7.515,,,,9.29871,,,,9.086,,,,10.6122,,,,10.646,,,,11.7911,,,,9.95,,,,9.26484,,,,5.73146,,,,7.459,,,,7.34656,,,,9.164,,,,9.53416,,,,10.039,,,,8.79313,,,,9.029
,,,,7.549,,,,9.36563,,,,9.097,,,,10.5784,,,,10.623,,,,11.7572,,,,9.916,,,,9.23178,,,,5.73146,,,,7.481,,,,7.34656,,,,9.153,,,,9.53416,,,,10.017,,,,8.76007,,,,8.996
,,,,7.498,,,,9.26484,,,,9.007,,,,10.4776,,,,10.579,,,,11.7242,,,,9.883,,,,9.19711,,,,5.73146,,,,7.425,,,,7.27883,,,,9.097,,,,9.53416,,,,9.995,,,,8.72621,,,,8.962
,,,,7.498,,,,9.26484,,,,9.029,,,,10.5445,,,,10.59,,,,11.7242,,,,9.883,,,,9.16405,,,,5.73146,,,,7.425,,,,7.27883,,,,9.108,,,,9.50029,,,,9.995,,,,8.76007,,,,8.962
,,,,7.431,,,,9.13018,,,,8.973,,,,10.5106,,,,10.567,,,,11.6895,,,,9.86,,,,9.16405,,,,5.73146,,,,7.38,,,,7.27883,,,,9.097,,,,9.50029,,,,9.972,,,,8.72621,,,,8.945
,,,,7.431,,,,9.16405,,,,8.996,,,,10.5445,,,,10.567,,,,11.6895,,,,9.86,,,,9.16405,,,,5.6984,,,,7.38,,,,7.27883,,,,9.097,,,,9.46724,,,,9.961,,,,8.72621,,,,8.945
,,,,7.414,,,,9.16405,,,,8.94,,,,10.376,,,,10.5,,,,11.6564,,,,9.826,,,,9.13018,,,,5.66454,,,,7.369,,,,7.27883,,,,9.041,,,,9.46724,,,,9.939,,,,8.69234,,,,8.911
,,,,7.431,,,,9.16405,,,,8.973,,,,10.5106,,,,10.545,,,,11.6564,,,,9.826,,,,9.13018,,,,5.6984,,,,7.369,,,,7.24496,,,,9.074,,,,9.46724,,,,9.939,,,,8.69234,,,,8.911
,,,,7.414,,,,9.13018,,,,8.94,,,,10.4437,,,,10.5,,,,11.6226,,,,9.793,,,,9.09632,,,,5.6984,,,,7.358,,,,7.24496,,,,9.041,,,,9.43337,,,,9.905,,,,8.65928,,,,8.878
,,,,7.414,,,,9.13018,,,,8.962,,,,10.5106,,,,10.511,,,,11.6226,,,,9.793,,,,9.09632,,,,5.6984,,,,7.358,,,,7.24496,,,,9.052,,,,9.3995,,,,9.894,,,,8.65928,,,,8.878
,,,,7.38,,,,9.13018,,,,8.951,,,,10.4776,,,,10.489,,,,11.5887,,,,9.759,,,,9.06326,,,,5.63067,,,,7.335,,,,7.24496,,,,9.041,,,,9.3995,,,,9.871,,,,8.62542,,,,8.844
,,,,7.38,,,,9.09632,,,,8.917,,,,10.4437,,,,10.466,,,,11.5887,,,,9.759,,,,9.06326,,,,5.66454,,,,7.324,,,,7.2119,,,,9.007,,,,9.36563,,,,9.86,,,,8.62542,,,,8.844
,,,,7.397,,,,9.13018,,,,8.917,,,,10.4098,,,,10.455,,,,11.5887,,,,9.737,,,,8.99553,,,,5.66454,,,,7.336,,,,7.2119,,,,8.996,,,,9.36563,,,,9.86,,,,8.62542,,,,8.81
,,,,7.347,,,,9.02939,,,,8.883,,,,10.376,,,,10.421,,,,11.5548,,,,9.725,,,,9.02939,,,,5.66454,,,,7.313,,,,7.24496,,,,8.985,,,,9.33258,,,,9.826,,,,8.59155,,,,8.81
,,,,7.363,,,,9.09632,,,,8.883,,,,10.376,,,,10.432,,,,11.5548,,,,9.725,,,,8.99553,,,,5.63067,,,,7.302,,,,7.17804,,,,8.973,,,,9.36563,,,,9.849,,,,8.62542,,,,8.81
,,,,7.313,,,,8.99553,,,,8.85,,,,10.376,,,,10.41,,,,11.5218,,,,9.692,,,,8.96166,,,,5.63067,,,,7.268,,,,7.17804,,,,8.962,,,,9.33258,,,,9.815,,,,8.59155,,,,8.777
,,,,7.313,,,,8.99553,,,,8.816,,,,10.2752,,,,10.354,,,,11.4879,,,,9.692,,,,8.99553,,,,5.63067,,,,7.268,,,,7.17804,,,,8.917,,,,9.29871,,,,9.793,,,,8.59155,,,,8.794
,,,,7.33,,,,9.02939,,,,8.828,,,,10.2752,,,,10.354,,,,11.4879,,,,9.669,,,,8.96166,,,,5.63067,,,,7.279,,,,7.17804,,,,8.917,,,,9.29871,,,,9.781,,,,8.55768,,,,8.76
,,,,7.296,,,,8.96166,,,,8.783,,,,10.2413,,,,10.331,,,,11.4541,,,,9.636,,,,8.9286,,,,5.63067,,,,7.246,,,,7.14498,,,,8.895,,,,9.29871,,,,9.759,,,,8.52462,,,,8.727
,,,,7.28,,,,8.9286,,,,8.772,,,,10.2413,,,,10.309,,,,11.4202,,,,9.635,,,,8.9286,,,,5.63067,,,,7.235,,,,7.14498,,,,8.884,,,,9.26484,,,,9.748,,,,8.55768,,,,8.743
,,,,7.313,,,,9.02939,,,,8.805,,,,10.2752,,,,10.309,,,,11.4202,,,,9.613,,,,8.89473,,,,5.59761,,,,7.246,,,,7.11111,,,,8.873,,,,9.23178,,,,9.726,,,,8.52462,,,,8.71
,,,,7.313,,,,9.02939,,,,8.783,,,,10.2075,,,,10.286,,,,11.4202,,,,9.602,,,,8.89473,,,,5.59761,,,,7.246,,,,7.11111,,,,8.85,,,,9.23178,,,,9.714,,,,8.49076,,,,8.693
,,,,7.229,,,,8.86087,,,,8.726,,,,10.2075,,,,10.275,,,,11.3863,,,,9.591,,,,8.86087,,,,5.59761,,,,7.19,,,,7.11111,,,,8.85,,,,9.23178,,,,9.714,,,,8.52462,,,,8.693
,,,,7.263,,,,8.9286,,,,8.76,,,,10.2413,,,,10.264,,,,11.3533,,,,9.568,,,,8.86087,,,,5.59761,,,,7.212,,,,7.11111,,,,8.85,,,,9.19711,,,,9.68,,,,8.49076,,,,8.676
,,,,7.28,,,,8.9286,,,,8.727,,,,10.1744,,,,10.23,,,,11.3194,,,,9.546,,,,8.827,,,,5.63067,,,,7.212,,,,7.07724,,,,8.816,,,,9.19711,,,,9.669,,,,8.49076,,,,8.659
,,,,7.246,,,,8.89473,,,,8.704,,,,10.1405,,,,10.219,,,,11.3533,,,,9.546,,,,8.827,,,,5.59761,,,,7.19,,,,7.07724,,,,8.794,,,,9.16405,,,,9.658,,,,8.45689,,,,8.642
,,,,7.212,,,,8.86087,,,,8.715,,,,10.2075,,,,10.23,,,,11.3194,,,,9.534,,,,8.79313,,,,5.56374,,,,7.167,,,,7.07724,,,,8.816,,,,9.16405,,,,9.658,,,,8.49076,,,,8.642
,,,,7.246,,,,8.89473,,,,8.715,,,,10.1744,,,,10.23,,,,11.3194,,,,9.512,,,,8.76007,,,,5.59761,,,,7.19,,,,7.07724,,,,8.816,,,,9.19711,,,,9.658,,,,8.45689,,,,8.608
,,,,7.195,,,,8.827,,,,8.704,,,,10.2075,,,,10.23,,,,11.3194,,,,9.512,,,,8.76007,,,,5.56374,,,,7.156,,,,7.07724,,,,8.816,,,,9.16405,,,,9.647,,,,8.45689,,,,8.608
,,,,7.212,,,,8.89473,,,,8.671,,,,10.0736,,,,10.163,,,,11.2855,,,,9.478,,,,8.72621,,,,5.52988,,,,7.156,,,,7.04338,,,,8.749,,,,9.13018,,,,9.613,,,,8.42302,,,,8.575
,,,,7.162,,,,8.79313,,,,8.659,,,,10.1744,,,,10.197,,,,11.2855,,,,9.478,,,,8.72621,,,,5.52988,,,,7.111,,,,7.00951,,,,8.771,,,,9.13018,,,,9.613,,,,8.42302,,,,8.575
,,,,7.195,,,,8.827,,,,8.636,,,,10.0389,,,,10.152,,,,11.2855,,,,9.478,,,,8.72621,,,,5.56374,,,,7.145,,,,7.04338,,,,8.737,,,,9.13018,,,,9.613,,,,8.42302,,,,8.575
,,,,7.162,,,,8.76007,,,,8.603,,,,10.0059,,,,10.118,,,,11.2517,,,,9.467,,,,8.72621,,,,5.56374,,,,7.122,,,,7.04338,,,,8.715,,,,9.09632,,,,9.59,,,,8.42302,,,,8.575
,,,,7.145,,,,8.76007,,,,8.603,,,,10.0389,,,,10.107,,,,11.2186,,,,9.434,,,,8.65928,,,,5.52988,,,,7.1,,,,7.00951,,,,8.704,,,,9.06326,,,,9.568,,,,8.42302,,,,8.541
,,,,7.145,,,,8.76007,,,,8.581,,,,9.972,,,,10.085,,,,11.2186,,,,9.434,,,,8.69234,,,,5.52988,,,,7.1,,,,7.00951,,,,8.682,,,,9.06326,,,,9.557,,,,8.38997,,,,8.541
,,,,7.145,,,,8.79313,,,,8.603,,,,10.0736,,,,10.152,,,,11.2855,,,,9.557,,,,8.69234,,,,5.49601,,,,7.077,,,,6.94258,,,,8.704,,,,9.09632,,,,9.691,,,,8.69234,,,,8.692
,,,,7.094,,,,8.69234,,,,8.536,,,,9.93814,,,,10.152,,,,11.2855,,,,9.523,,,,8.69234,,,,5.49601,,,,7.055,,,,6.97645,,,,8.715,,,,9.23178,,,,9.703,,,,8.59155,,,,8.642
,,,,7.145,,,,8.76007,,,,8.603,,,,10.0736,,,,10.107,,,,11.1847,,,,9.4,,,,8.65928,,,,5.52988,,,,7.089,,,,6.97645,,,,8.704,,,,9.06326,,,,9.535,,,,8.3561,,,,8.508
,,,,7.145,,,,8.76007,,,,8.558,,,,9.972,,,,10.062,,,,11.1847,,,,9.4,,,,8.65928,,,,5.52988,,,,7.078,,,,6.94258,,,,8.648,,,,9.02939,,,,9.523,,,,8.3561,,,,8.508
,,,,7.078,,,,8.65928,,,,8.491,,,,9.87121,,,,10.006,,,,11.1509,,,,9.366,,,,8.62542,,,,5.49601,,,,7.033,,,,6.94258,,,,8.603,,,,8.99553,,,,9.49,,,,8.32223,,,,8.474
,,,,7.095,,,,8.65928,,,,8.513,,,,9.972,,,,10.028,,,,11.117,,,,9.344,,,,8.59155,,,,5.52988,,,,7.033,,,,6.90872,,,,8.625,,,,8.99553,,,,9.478,,,,8.32223,,,,8.457
,,,,7.111,,,,8.69234,,,,8.502,,,,9.90427,,,,10.006,,,,11.117,,,,9.344,,,,8.59155,,,,5.52988,,,,7.044,,,,6.90872,,,,8.603,,,,8.99553,,,,9.478,,,,8.32223,,,,8.457
,,,,7.078,,,,8.65928,,,,8.48,,,,9.87121,,,,9.972,,,,11.0831,,,,9.332,,,,8.59155,,,,5.49601,,,,7.021,,,,6.90872,,,,8.581,,,,8.96166,,,,9.456,,,,8.32223,,,,8.457
,,,,7.044,,,,8.59155,,,,8.435,,,,9.83735,,,,9.961,,,,11.0831,,,,9.31,,,,8.55768,,,,5.49601,,,,6.988,,,,6.87566,,,,8.558,,,,8.96166,,,,9.445,,,,8.28917,,,,8.423
,,,,7.061,,,,8.62542,,,,8.457,,,,9.87121,,,,9.95,,,,11.0501,,,,9.299,,,,8.55768,,,,5.49601,,,,6.999,,,,6.87566,,,,8.558,,,,8.9286,,,,9.423,,,,8.28917,,,,8.423
,,,,7.01,,,,8.52462,,,,8.435,,,,9.90427,,,,9.95,,,,11.0162,,,,9.265,,,,8.52462,,,,5.49601,,,,6.965,,,,6.87566,,,,8.57,,,,8.9286,,,,9.4,,,,8.25531,,,,8.39
,,,,7.061,,,,8.62542,,,,8.446,,,,9.83735,,,,9.927,,,,11.0501,,,,9.277,,,,8.52462,,,,5.49601,,,,6.999,,,,6.87566,,,,8.536,,,,8.89473,,,,9.4,,,,8.25531,,,,8.39
,,,,6.976,,,,8.49076,,,,8.401,,,,9.87121,,,,9.927,,,,11.0162,,,,9.276,,,,8.55768,,,,5.46214,,,,6.932,,,,6.84179,,,,8.536,,,,8.89473,,,,9.389,,,,8.25531,,,,8.406
,,,,7.027,,,,8.59155,,,,8.424,,,,9.83735,,,,9.905,,,,10.9823,,,,9.231,,,,8.49076,,,,5.46214,,,,6.965,,,,6.84179,,,,8.525,,,,8.89473,,,,9.366,,,,8.22144,,,,8.356
,,,,6.993,,,,8.55768,,,,8.39,,,,9.77042,,,,9.871,,,,10.9823,,,,9.231,,,,8.49076,,,,5.42908,,,,6.943,,,,6.84179,,,,8.491,,,,8.86087,,,,9.355,,,,8.22144,,,,8.356
,,,,6.96,,,,8.49076,,,,8.368,,,,9.77042,,,,9.86,,,,10.9485,,,,9.22,,,,8.49076,,,,5.42908,,,,6.921,,,,6.84179,,,,8.491,,,,8.86087,,,,9.344,,,,8.22144,,,,8.356
,,,,6.976,,,,8.49076,,,,8.345,,,,9.73574,,,,9.837,,,,10.9485,,,,9.209,,,,8.45689,,,,5.46214,,,,6.92,,,,6.80793,,,,8.457,,,,8.827,,,,9.332,,,,8.22144,,,,8.339
,,,,6.96,,,,8.49076,,,,8.356,,,,9.77042,,,,9.838,,,,10.9154,,,,9.175,,,,8.42302,,,,5.42908,,,,6.909,,,,6.80793,,,,8.468,,,,8.827,,,,9.31,,,,8.18757,,,,8.305
,,,,6.943,,,,8.42302,,,,8.311,,,,9.70269,,,,9.804,,,,10.8816,,,,9.142,,,,8.38997,,,,5.46214,,,,6.898,,,,6.80793,,,,8.446,,,,8.827,,,,9.287,,,,8.15371,,,,8.272
,,,,6.977,,,,8.52462,,,,8.345,,,,9.73574,,,,9.815,,,,10.8816,,,,9.164,,,,8.42302,,,,5.42908,,,,6.909,,,,6.77406,,,,8.446,,,,8.827,,,,9.299,,,,8.18757,,,,8.305
,,,,6.91,,,,8.38997,,,,8.289,,,,9.70269,,,,9.781,,,,10.8477,,,,9.13,,,,8.38997,,,,5.42908,,,,6.864,,,,6.77406,,,,8.423,,,,8.79313,,,,9.265,,,,8.15371,,,,8.272
,,,,6.926,,,,8.42302,,,,8.266,,,,9.63495,,,,9.748,,,,10.8477,,,,9.13,,,,8.38997,,,,5.42908,,,,6.864,,,,6.741,,,,8.379,,,,8.76007,,,,9.254,,,,8.15371,,,,8.272
,,,,6.926,,,,8.42302,,,,8.311,,,,9.73574,,,,9.792,,,,10.8477,,,,9.119,,,,8.3561,,,,5.42908,,,,6.875,,,,6.77406,,,,8.434,,,,8.79313,,,,9.265,,,,8.15371,,,,8.255
,,,,6.926,,,,8.45689,,,,8.278,,,,9.63495,,,,9.736,,,,10.8138,,,,9.108,,,,8.3561,,,,5.39522,,,,6.864,,,,6.741,,,,8.379,,,,8.76007,,,,9.243,,,,8.15371,,,,8.255
,,,,6.876,,,,8.3561,,,,8.255,,,,9.66882,,,,9.736,,,,10.8138,,,,9.097,,,,8.3561,,,,5.39522,,,,6.831,,,,6.741,,,,8.379,,,,8.72621,,,,9.22,,,,8.12065,,,,8.238
,,,,6.926,,,,8.42302,,,,8.244,,,,9.60189,,,,9.714,,,,10.7808,,,,9.086,,,,8.3561,,,,5.42908,,,,6.853,,,,6.70713,,,,8.356,,,,8.76007,,,,9.221,,,,8.12065,,,,8.238
,,,,6.859,,,,8.32223,,,,8.233,,,,9.63495,,,,9.714,,,,10.7808,,,,9.075,,,,8.32223,,,,5.39522,,,,6.819,,,,6.741,,,,8.367,,,,8.72621,,,,9.209,,,,8.12065,,,,8.221
,,,,6.893,,,,8.38997,,,,8.233,,,,9.60189,,,,9.692,,,,10.7808,,,,9.052,,,,8.28917,,,,5.39522,,,,6.831,,,,6.70713,,,,8.334,,,,8.69234,,,,9.187,,,,8.08678,,,,8.188
,,,,6.859,,,,8.32223,,,,8.21,,,,9.56803,,,,9.669,,,,10.7469,,,,9.052,,,,8.28917,,,,5.39522,,,,6.819,,,,6.741,,,,8.334,,,,8.69234,,,,9.187,,,,8.12065,,,,8.205
,,,,6.842,,,,8.28917,,,,8.166,,,,9.50029,,,,9.635,,,,10.7469,,,,9.018,,,,8.25531,,,,5.39522,,,,6.797,,,,6.70713,,,,8.289,,,,8.65928,,,,9.153,,,,8.05291,,,,8.154
,,,,6.808,,,,8.22144,,,,8.177,,,,9.60189,,,,9.658,,,,10.713,,,,9.018,,,,8.28917,,,,5.39522,,,,6.775,,,,6.70713,,,,8.323,,,,8.65928,,,,9.142,,,,8.05291,,,,8.171
,,,,6.791,,,,8.22144,,,,8.143,,,,9.53416,,,,9.647,,,,10.7469,,,,9.018,,,,8.25531,,,,5.36135,,,,6.752,,,,6.67327,,,,8.289,,,,8.65928,,,,9.153,,,,8.05291,,,,8.154
,,,,6.842,,,,8.28917,,,,8.166,,,,9.53416,,,,9.635,,,,10.6792,,,,8.985,,,,8.22144,,,,5.39522,,,,6.786,,,,6.67327,,,,8.3,,,,8.69234,,,,9.141,,,,8.05291,,,,8.137
,,,,6.808,,,,8.25531,,,,8.166,,,,9.56803,,,,9.624,,,,10.6792,,,,8.974,,,,8.22144,,,,5.36135,,,,6.763,,,,6.67327,,,,8.289,,,,8.62542,,,,9.108,,,,8.01986,,,,8.121
,,,,6.825,,,,8.28917,,,,8.154,,,,9.50029,,,,9.59,,,,10.6453,,,,8.962,,,,8.22144,,,,5.36135,,,,6.775,,,,6.67327,,,,8.266,,,,8.62542,,,,9.097,,,,8.01986,,,,8.121
,,,,6.825,,,,8.32223,,,,8.165,,,,9.50029,,,,9.59,,,,10.6453,,,,8.962,,,,8.22144,,,,5.32829,,,,6.775,,,,6.67327,,,,8.266,,,,8.62542,,,,9.097,,,,8.01986,,,,8.121
,,,,6.809,,,,8.28917,,,,8.132,,,,9.46724,,,,9.579,,,,10.6453,,,,8.94,,,,8.18757,,,,5.32829,,,,6.753,,,,6.64021,,,,8.244,,,,8.62542,,,,9.086,,,,7.98599,,,,8.087
,,,,6.792,,,,8.25531,,,,8.11,,,,9.43337,,,,9.546,,,,10.6122,,,,8.929,,,,8.18757,,,,5.32829,,,,6.741,,,,6.64021,,,,8.222,,,,8.59155,,,,9.063,,,,7.98599,,,,8.087
,,,,6.774,,,,8.18757,,,,8.098,,,,9.46724,,,,9.557,,,,10.6122,,,,8.917,,,,8.15371,,,,5.36135,,,,6.73,,,,6.64021,,,,8.233,,,,8.59155,,,,9.063,,,,7.98599,,,,8.07
,,,,6.758,,,,8.15371,,,,8.087,,,,9.50029,,,,9.557,,,,10.5784,,,,8.895,,,,8.12065,,,,5.36135,,,,6.707,,,,6.60634,,,,8.233,,,,8.59155,,,,9.052,,,,7.98599,,,,8.053
,,,,6.775,,,,8.22144,,,,8.087,,,,9.43337,,,,9.523,,,,10.5784,,,,8.895,,,,8.12065,,,,5.32829,,,,6.719,,,,6.60634,,,,8.199,,,,8.55768,,,,9.041,,,,7.98599,,,,8.053
,,,,6.724,,,,8.08678,,,,8.042,,,,9.3995,,,,9.512,,,,10.5445,,,,8.884,,,,8.12065,,,,5.36135,,,,6.696,,,,6.64021,,,,8.21,,,,8.59155,,,,9.041,,,,7.98599,,,,8.053
,,,,6.775,,,,8.22144,,,,8.076,,,,9.3995,,,,9.49,,,,10.5445,,,,8.872,,,,8.12065,,,,5.32829,,,,6.719,,,,6.60634,,,,8.177,,,,8.52462,,,,9.007,,,,7.95212,,,,8.036
,,,,6.741,,,,8.15371,,,,8.042,,,,9.36563,,,,9.478,,,,10.5445,,,,8.861,,,,8.12065,,,,5.32829,,,,6.696,,,,6.60634,,,,8.166,,,,8.52462,,,,8.996,,,,7.91826,,,,8.019
,,,,6.691,,,,8.08678,,,,8.02,,,,9.36563,,,,9.478,,,,10.5106,,,,8.827,,,,8.05291,,,,5.29443,,,,6.663,,,,6.60634,,,,8.177,,,,8.55768,,,,8.996,,,,7.91826,,,,7.986
,,,,6.758,,,,8.22144,,,,8.053,,,,9.33258,,,,9.456,,,,10.5106,,,,8.839,,,,8.08678,,,,5.29443,,,,6.707,,,,6.60634,,,,8.155,,,,8.52462,,,,8.984,,,,7.91826,,,,8.003
,,,,6.724,,,,8.12065,,,,7.997,,,,9.29871,,,,9.422,,,,10.4776,,,,8.828,,,,8.08678,,,,5.32829,,,,6.674,,,,6.57248,,,,8.121,,,,8.49076,,,,8.962,,,,7.91826,,,,8.003
,,,,6.708,,,,8.12065,,,,8.031,,,,9.3995,,,,9.433,,,,10.4437,,,,8.805,,,,8.05291,,,,5.29443,,,,6.663,,,,6.57248,,,,8.143,,,,8.45689,,,,8.94,,,,7.91826,,,,7.986
,,,,6.674,,,,8.05291,,,,7.974,,,,9.36563,,,,9.411,,,,10.4098,,,,8.783,,,,8.01986,,,,5.29443,,,,6.617,,,,6.50474,,,,8.109,,,,8.45689,,,,8.928,,,,7.91826,,,,7.969
,,,,6.657,,,,8.05291,,,,7.963,,,,9.33258,,,,9.388,,,,10.4098,,,,8.772,,,,8.01986,,,,5.26056,,,,6.606,,,,6.50474,,,,8.087,,,,8.42302,,,,8.906,,,,7.8852,,,,7.953
,,,,6.691,,,,8.12065,,,,7.963,,,,9.26484,,,,9.355,,,,10.376,,,,8.738,,,,7.98599,,,,5.26056,,,,6.629,,,,6.50474,,,,8.064,,,,8.42302,,,,8.883,,,,7.85133,,,,7.919
,,,,6.657,,,,8.05291,,,,7.941,,,,9.26484,,,,9.355,,,,10.376,,,,8.738,,,,7.98599,,,,5.26056,,,,6.606,,,,6.50474,,,,8.064,,,,8.42302,,,,8.883,,,,7.85133,,,,7.919
,,,,6.606,,,,7.91826,,,,7.919,,,,9.33258,,,,9.388,,,,10.376,,,,8.738,,,,7.98599,,,,5.29443,,,,6.572,,,,6.50474,,,,8.098,,,,8.45689,,,,8.895,,,,7.85133,,,,7.919
,,,,6.623,,,,7.98599,,,,7.941,,,,9.29871,,,,9.344,,,,10.3421,,,,8.715,,,,7.95212,,,,5.26056,,,,6.595,,,,6.53942,,,,8.076,,,,8.38997,,,,8.861,,,,7.85133,,,,7.902
,,,,6.64,,,,8.01986,,,,7.919,,,,9.23178,,,,9.321,,,,10.3091,,,,8.693,,,,7.95212,,,,5.26056,,,,6.595,,,,6.50474,,,,8.053,,,,8.42302,,,,8.85,,,,7.81746,,,,7.885
,,,,6.573,,,,7.91826,,,,7.873,,,,9.19711,,,,9.31,,,,10.3421,,,,8.693,,,,7.91826,,,,5.2275,,,,6.55,,,,6.50474,,,,8.031,,,,8.38997,,,,8.85,,,,7.81746,,,,7.868
,,,,6.623,,,,7.98599,,,,7.874,,,,9.16405,,,,9.288,,,,10.3091,,,,8.67,,,,7.91826,,,,5.26056,,,,6.573,,,,6.47168,,,,8.009,,,,8.38997,,,,8.828,,,,7.7836,,,,7.851
,,,,6.64,,,,8.01986,,,,7.896,,,,9.16405,,,,9.265,,,,10.2752,,,,8.67,,,,7.91826,,,,5.26056,,,,6.595,,,,6.50474,,,,8.008,,,,8.3561,,,,8.816,,,,7.81746,,,,7.868
,,,,6.64,,,,8.05291,,,,7.907,,,,9.19711,,,,9.276,,,,10.2752,,,,8.648,,,,7.8852,,,,5.2275,,,,6.584,,,,6.47168,,,,8.008,,,,8.3561,,,,8.805,,,,7.7836,,,,7.834
,,,,6.522,,,,7.7836,,,,7.795,,,,9.13018,,,,9.243,,,,10.2413,,,,8.637,,,,7.8852,,,,5.26056,,,,6.505,,,,6.47168,,,,7.986,,,,8.3561,,,,8.794,,,,7.7836,,,,7.834
,,,,6.623,,,,7.98599,,,,7.874,,,,9.16405,,,,9.243,,,,10.2413,,,,8.625,,,,7.85133,,,,5.26056,,,,6.573,,,,6.47168,,,,7.986,,,,8.32223,,,,8.782,,,,7.7836,,,,7.817
,,,,6.573,,,,7.91826,,,,7.817,,,,9.09632,,,,9.22,,,,10.2413,,,,8.614,,,,7.85133,,,,5.2275,,,,6.528,,,,6.43782,,,,7.952,,,,8.32223,,,,8.771,,,,7.74973,,,,7.801
,,,,6.623,,,,7.98599,,,,7.851,,,,9.13018,,,,9.231,,,,10.2413,,,,8.603,,,,7.85133,,,,5.26056,,,,6.561,,,,6.43782,,,,7.963,,,,8.32223,,,,8.76,,,,7.71667,,,,7.784
,,,,6.573,,,,7.91826,,,,7.795,,,,9.02939,,,,9.164,,,,10.1744,,,,8.57,,,,7.81746,,,,5.2275,,,,6.528,,,,6.43782,,,,7.919,,,,8.28917,,,,8.727,,,,7.71667,,,,7.767
,,,,6.556,,,,7.8852,,,,7.784,,,,9.02939,,,,9.164,,,,10.1744,,,,8.558,,,,7.7836,,,,5.2275,,,,6.517,,,,6.43782,,,,7.919,,,,8.28917,,,,8.727,,,,7.71667,,,,7.75
,,,,6.539,,,,7.8852,,,,7.795,,,,9.13018,,,,9.198,,,,10.2075,,,,8.569,,,,7.7836,,,,5.19363,,,,6.483,,,,6.37089,,,,7.919,,,,8.25531,,,,8.726,,,,7.71667,,,,7.75
,,,,6.573,,,,7.91826,,,,7.784,,,,9.02939,,,,9.142,,,,10.1405,,,,8.547,,,,7.7836,,,,5.2275,,,,6.517,,,,6.40395,,,,7.896,,,,8.25531,,,,8.704,,,,7.71667,,,,7.75
,,,,6.539,,,,7.85133,,,,7.784,,,,9.09632,,,,9.164,,,,10.1405,,,,8.536,,,,7.7836,,,,5.2275,,,,6.494,,,,6.40395,,,,7.919,,,,8.25531,,,,8.693,,,,7.68281,,,,7.733
,,,,6.556,,,,7.8852,,,,7.795,,,,9.09632,,,,9.153,,,,10.1067,,,,8.524,,,,7.74973,,,,5.2275,,,,6.506,,,,6.40395,,,,7.919,,,,8.25531,,,,8.693,,,,7.71667,,,,7.733
,,,,6.522,,,,7.85133,,,,7.795,,,,9.13018,,,,9.153,,,,10.1067,,,,8.502,,,,7.74973,,,,5.19363,,,,6.483,,,,6.40395,,,,7.919,,,,8.22144,,,,8.659,,,,7.64894,,,,7.699
,,,,6.539,,,,7.85133,,,,7.739,,,,8.99553,,,,9.097,,,,10.0736,,,,8.502,,,,7.74973,,,,5.2275,,,,6.483,,,,6.37089,,,,7.863,,,,8.22144,,,,8.659,,,,7.68281,,,,7.716
,,,,6.489,,,,7.74973,,,,7.705,,,,8.96166,,,,9.086,,,,10.0736,,,,8.502,,,,7.74973,,,,5.2275,,,,6.46,,,,6.40395,,,,7.862,,,,8.22144,,,,8.659,,,,7.68281,,,,7.716
,,,,6.506,,,,7.81746,,,,7.728,,,,8.99553,,,,9.108,,,,10.1067,,,,8.502,,,,7.74973,,,,5.19363,,,,6.461,,,,6.37089,,,,7.863,,,,8.22144,,,,8.659,,,,7.64894,,,,7.699
,,,,6.489,,,,7.74973,,,,7.672,,,,8.9286,,,,9.187,,,,10.1744,,,,8.637,,,,7.81746,,,,5.2275,,,,6.438,,,,6.33702,,,,7.908,,,,8.45689,,,,8.85,,,,7.91826,,,,7.868
,,,,6.506,,,,7.7836,,,,7.694,,,,8.96166,,,,9.074,,,,10.0736,,,,8.48,,,,7.71667,,,,5.2275,,,,6.449,,,,6.33702,,,,7.829,,,,8.18757,,,,8.637,,,,7.64894,,,,7.683
,,,,6.472,,,,7.71667,,,,7.672,,,,8.96166,,,,9.074,,,,10.0389,,,,8.468,,,,7.71667,,,,5.2275,,,,6.427,,,,6.33702,,,,7.84,,,,8.22144,,,,8.636,,,,7.64894,,,,7.683
,,,,6.506,,,,7.7836,,,,7.694,,,,8.96166,,,,9.052,,,,10.0059,,,,8.457,,,,7.71667,,,,5.2275,,,,6.449,,,,6.33702,,,,7.829,,,,8.18757,,,,8.614,,,,7.64894,,,,7.683
,,,,6.506,,,,7.7836,,,,7.694,,,,8.96166,,,,9.063,,,,10.0389,,,,8.457,,,,7.68281,,,,5.2275,,,,6.449,,,,6.33702,,,,7.829,,,,8.18757,,,,8.625,,,,7.64894,,,,7.666
,,,,6.506,,,,7.7836,,,,7.672,,,,8.89473,,,,9.029,,,,10.0059,,,,8.435,,,,7.68281,,,,5.2275,,,,6.449,,,,6.33702,,,,7.806,,,,8.18757,,,,8.603,,,,7.61588,,,,7.649
,,,,6.556,,,,7.8852,,,,7.728,,,,8.96166,,,,9.029,,,,9.972,,,,8.401,,,,7.64894,,,,5.2275,,,,6.483,,,,6.33702,,,,7.817,,,,8.15371,,,,8.569,,,,7.58201,,,,7.615
,,,,6.472,,,,7.71667,,,,7.649,,,,8.9286,,,,9.007,,,,9.93814,,,,8.401,,,,7.64894,,,,5.2275,,,,6.416,,,,6.30316,,,,7.795,,,,8.15371,,,,8.569,,,,7.61588,,,,7.632
,,,,6.421,,,,7.64894,,,,7.616,,,,8.86087,,,,8.973,,,,9.93814,,,,8.379,,,,7.61588,,,,5.19363,,,,6.393,,,,6.33702,,,,7.773,,,,8.12065,,,,8.547,,,,7.58201,,,,7.599
,,,,6.421,,,,7.64894,,,,7.627,,,,8.89473,,,,8.973,,,,9.90427,,,,8.367,,,,7.61588,,,,5.19363,,,,6.393,,,,6.33702,,,,7.784,,,,8.12065,,,,8.536,,,,7.58201,,,,7.599
,,,,6.455,,,,7.68281,,,,7.616,,,,8.86087,,,,8.962,,,,9.90427,,,,8.356,,,,7.61588,,,,5.2275,,,,6.404,,,,6.30316,,,,7.762,,,,8.12065,,,,8.524,,,,7.54815,,,,7.582
,,,,6.506,,,,7.7836,,,,7.627,,,,8.79313,,,,8.928,,,,9.90427,,,,8.345,,,,7.58201,,,,5.2275,,,,6.438,,,,6.30316,,,,7.728,,,,8.08678,,,,8.513,,,,7.54815,,,,7.565
,,,,6.438,,,,7.68281,,,,7.571,,,,8.76007,,,,8.917,,,,9.90427,,,,8.356,,,,7.61588,,,,5.19363,,,,6.382,,,,6.2701,,,,7.706,,,,8.08678,,,,8.513,,,,7.54815,,,,7.582
,,,,6.472,,,,7.74973,,,,7.604,,,,8.76007,,,,8.906,,,,9.87121,,,,8.322,,,,7.58201,,,,5.19363,,,,6.416,,,,6.30316,,,,7.717,,,,8.08678,,,,8.491,,,,7.51428,,,,7.548
,,,,6.421,,,,7.64894,,,,7.604,,,,8.86087,,,,8.928,,,,9.83735,,,,8.323,,,,7.58201,,,,5.19363,,,,6.382,,,,6.30316,,,,7.75,,,,8.08678,,,,8.491,,,,7.54815,,,,7.565
,,,,6.388,,,,7.61588,,,,7.582,,,,8.827,,,,8.917,,,,9.87121,,,,8.322,,,,7.58201,,,,5.15977,,,,6.36,,,,6.30316,,,,7.728,,,,8.05291,,,,8.479,,,,7.51428,,,,7.548
,,,,6.371,,,,7.58201,,,,7.571,,,,8.86087,,,,8.917,,,,9.83735,,,,8.3,,,,7.54815,,,,5.15977,,,,6.337,,,,6.2701,,,,7.728,,,,8.05291,,,,8.468,,,,7.51428,,,,7.531
,,,,6.388,,,,7.58201,,,,7.526,,,,8.72621,,,,8.872,,,,9.83735,,,,8.289,,,,7.51428,,,,5.19363,,,,6.349,,,,6.2701,,,,7.683,,,,8.05291,,,,8.468,,,,7.51428,,,,7.514
,,,,6.405,,,,7.61588,,,,7.549,,,,8.76007,,,,8.872,,,,9.83735,,,,8.289,,,,7.51428,,,,5.19363,,,,6.36,,,,6.2701,,,,7.683,,,,8.01986,,,,8.457,,,,7.51428,,,,7.514
,,,,6.438,,,,7.68281,,,,7.582,,,,8.79313,,,,8.872,,,,9.80348,,,,8.289,,,,7.54815,,,,5.19363,,,,6.382,,,,6.2701,,,,7.694,,,,8.01986,,,,8.446,,,,7.51428,,,,7.531
,,,,6.371,,,,7.58201,,,,7.537,,,,8.76007,,,,8.839,,,,9.77042,,,,8.244,,,,7.48122,,,,5.15977,,,,6.337,,,,6.2701,,,,7.672,,,,7.98599,,,,8.413,,,,7.48122,,,,7.481
,,,,6.371,,,,7.58201,,,,7.504,,,,8.69234,,,,8.828,,,,9.77042,,,,8.244,,,,7.48122,,,,5.15977,,,,6.326,,,,6.23623,,,,7.649,,,,8.01986,,,,8.424,,,,7.48122,,,,7.481
,,,,6.371,,,,7.58201,,,,7.504,,,,8.69234,,,,8.805,,,,9.77042,,,,8.244,,,,7.48122,,,,5.15977,,,,6.326,,,,6.23623,,,,7.627,,,,7.95212,,,,8.401,,,,7.48122,,,,7.481
,,,,6.337,,,,7.51428,,,,7.481,,,,8.69234,,,,8.816,,,,9.77042,,,,8.233,,,,7.48122,,,,5.15977,,,,6.303,,,,6.23623,,,,7.638,,,,7.98599,,,,8.401,,,,7.44735,,,,7.464
,,,,6.371,,,,7.54815,,,,7.481,,,,8.65928,,,,8.782,,,,9.73574,,,,8.221,,,,7.48122,,,,5.19363,,,,6.326,,,,6.23623,,,,7.616,,,,7.95212,,,,8.378,,,,7.44735,,,,7.464
,,,,6.32,,,,7.51428,,,,7.459,,,,8.65928,,,,8.794,,,,9.73574,,,,8.21,,,,7.44735,,,,5.1259,,,,6.281,,,,6.20237,,,,7.616,,,,7.98599,,,,8.39,,,,7.44735,,,,7.447
,,,,6.371,,,,7.58201,,,,7.47,,,,8.62542,,,,8.771,,,,9.73574,,,,8.21,,,,7.44735,,,,5.15977,,,,6.315,,,,6.20237,,,,7.593,,,,7.95212,,,,8.378,,,,7.44735,,,,7.447
,,,,6.337,,,,7.54815,,,,7.47,,,,8.65928,,,,8.782,,,,9.73574,,,,8.21,,,,7.44735,,,,5.1259,,,,6.292,,,,6.20237,,,,7.605,,,,7.95212,,,,8.378,,,,7.44735,,,,7.447
,,,,6.371,,,,7.58201,,,,7.459,,,,8.62542,,,,8.749,,,,9.66882,,,,8.188,,,,7.44735,,,,5.15977,,,,6.303,,,,6.1685,,,,7.582,,,,7.95212,,,,8.356,,,,7.44735,,,,7.447
,,,,6.287,,,,7.44735,,,,7.402,,,,8.55768,,,,8.715,,,,9.66882,,,,8.165,,,,7.41349,,,,5.1259,,,,6.259,,,,6.20237,,,,7.559,,,,7.91826,,,,8.334,,,,7.41349,,,,7.413
,,,,6.32,,,,7.51428,,,,7.436,,,,8.62542,,,,8.738,,,,9.66882,,,,8.165,,,,7.41349,,,,5.1259,,,,6.27,,,,6.1685,,,,7.571,,,,7.91826,,,,8.334,,,,7.41349,,,,7.413
,,,,6.304,,,,7.48122,,,,7.414,,,,8.59155,,,,8.726,,,,9.66882,,,,8.165,,,,7.41349,,,,5.1259,,,,6.259,,,,6.1685,,,,7.559,,,,7.91826,,,,8.334,,,,7.41349,,,,7.413
,,,,6.27,,,,7.41349,,,,7.38,,,,8.55768,,,,8.693,,,,9.63495,,,,8.143,,,,7.38043,,,,5.1259,,,,6.236,,,,6.1685,,,,7.537,,,,7.8852,,,,8.311,,,,7.41349,,,,7.397
,,,,6.27,,,,7.41349,,,,7.38,,,,8.59155,,,,8.704,,,,9.63495,,,,8.109,,,,7.34656,,,,5.1259,,,,6.225,,,,6.13544,,,,7.537,,,,7.8852,,,,8.289,,,,7.34656,,,,7.347
,,,,6.304,,,,7.51428,,,,7.414,,,,8.59155,,,,8.704,,,,9.63495,,,,8.132,,,,7.38043,,,,5.09284,,,,6.248,,,,6.13544,,,,7.537,,,,7.8852,,,,8.3,,,,7.38043,,,,7.38
,,,,6.237,,,,7.38043,,,,7.358,,,,8.52462,,,,8.659,,,,9.56803,,,,8.098,,,,7.34656,,,,5.09284,,,,6.214,,,,6.1685,,,,7.526,,,,7.8852,,,,8.278,,,,7.38043,,,,7.363
,,,,6.304,,,,7.51428,,,,7.391,,,,8.52462,,,,8.648,,,,9.56803,,,,8.098,,,,7.38043,,,,5.09284,,,,6.248,,,,6.13544,,,,7.504,,,,7.85133,,,,8.255,,,,7.34656,,,,7.363
,,,,6.287,,,,7.44735,,,,7.391,,,,8.59155,,,,8.682,,,,9.56803,,,,8.087,,,,7.34656,,,,5.1259,,,,6.236,,,,6.13544,,,,7.537,,,,7.8852,,,,8.267,,,,7.34656,,,,7.347
,,,,6.253,,,,7.38043,,,,7.358,,,,8.59155,,,,8.67,,,,9.56803,,,,8.076,,,,7.31269,,,,5.1259,,,,6.203,,,,6.10157,,,,7.515,,,,7.85133,,,,8.255,,,,7.34656,,,,7.33
,,,,6.203,,,,7.31269,,,,7.313,,,,8.49076,,,,8.625,,,,9.56803,,,,8.076,,,,7.31269,,,,5.09284,,,,6.18,,,,6.13544,,,,7.481,,,,7.81746,,,,8.244,,,,7.34656,,,,7.33
,,,,6.237,,,,7.38043,,,,7.358,,,,8.55768,,,,8.636,,,,9.53416,,,,8.053,,,,7.31269,,,,5.09284,,,,6.203,,,,6.13544,,,,7.504,,,,7.81746,,,,8.221,,,,7.31269,,,,7.313
,,,,6.27,,,,7.44735,,,,7.369,,,,8.55768,,,,8.648,,,,9.53416,,,,8.053,,,,7.31269,,,,5.09284,,,,6.214,,,,6.10157,,,,7.504,,,,7.85133,,,,8.233,,,,7.31269,,,,7.313
,,,,6.169,,,,7.24496,,,,7.268,,,,8.45689,,,,8.603,,,,9.53416,,,,8.042,,,,7.27883,,,,5.09284,,,,6.146,,,,6.10157,,,,7.459,,,,7.81746,,,,8.221,,,,7.31269,,,,7.296
,,,,6.237,,,,7.38043,,,,7.324,,,,8.49076,,,,8.592,,,,9.50029,,,,8.019,,,,7.27883,,,,5.09284,,,,6.192,,,,6.10157,,,,7.459,,,,7.7836,,,,8.188,,,,7.27883,,,,7.279
,,,,6.22,,,,7.34656,,,,7.302,,,,8.45689,,,,8.569,,,,9.46724,,,,8.008,,,,7.24496,,,,5.09284,,,,6.18,,,,6.10157,,,,7.447,,,,7.7836,,,,8.188,,,,7.31269,,,,7.279
,,,,6.22,,,,7.34656,,,,7.279,,,,8.38997,,,,8.547,,,,9.46724,,,,8.02,,,,7.27883,,,,5.09284,,,,6.18,,,,6.10157,,,,7.425,,,,7.7836,,,,8.188,,,,7.31269,,,,7.296
,,,,6.203,,,,7.31269,,,,7.279,,,,8.45689,,,,8.569,,,,9.46724,,,,7.986,,,,7.24496,,,,5.09284,,,,6.158,,,,6.06771,,,,7.436,,,,7.7836,,,,8.165,,,,7.24496,,,,7.245
,,,,6.152,,,,7.24496,,,,7.29,,,,8.52462,,,,8.592,,,,9.46724,,,,7.997,,,,7.24496,,,,5.05898,,,,6.135,,,,6.10157,,,,7.47,,,,7.7836,,,,8.177,,,,7.27883,,,,7.262
,,,,6.27,,,,7.41349,,,,7.335,,,,8.49076,,,,8.558,,,,9.43337,,,,7.986,,,,7.24496,,,,5.1259,,,,6.214,,,,6.10157,,,,7.447,,,,7.74973,,,,8.154,,,,7.27883,,,,7.262
,,,,6.169,,,,7.27883,,,,7.257,,,,8.42302,,,,8.535,,,,9.43337,,,,7.963,,,,7.2119,,,,5.05898,,,,6.135,,,,6.06771,,,,7.413,,,,7.74973,,,,8.143,,,,7.24496,,,,7.228
,,,,6.203,,,,7.34656,,,,7.257,,,,8.32223,,,,8.502,,,,9.43337,,,,7.952,,,,7.2119,,,,5.05898,,,,6.169,,,,6.10157,,,,7.391,,,,7.74973,,,,8.132,,,,7.2119,,,,7.212
,,,,6.169,,,,7.27883,,,,7.246,,,,8.38997,,,,8.513,,,,9.43337,,,,7.975,,,,7.2119,,,,5.05898,,,,6.135,,,,6.06771,,,,7.391,,,,7.71667,,,,8.143,,,,7.27883,,,,7.245
,,,,6.135,,,,7.2119,,,,7.234,,,,8.42302,,,,8.524,,,,9.3995,,,,7.952,,,,7.2119,,,,5.05898,,,,6.113,,,,6.06771,,,,7.413,,,,7.74973,,,,8.131,,,,7.24496,,,,7.228
,,,,6.203,,,,7.34656,,,,7.257,,,,8.3561,,,,8.491,,,,9.3995,,,,7.941,,,,7.17804,,,,5.05898,,,,6.158,,,,6.06771,,,,7.38,,,,7.71667,,,,8.12,,,,7.24496,,,,7.212
,,,,6.169,,,,7.24496,,,,7.257,,,,8.45689,,,,8.524,,,,9.3995,,,,7.941,,,,7.17804,,,,5.09284,,,,6.135,,,,6.06771,,,,7.414,,,,7.71667,,,,8.12,,,,7.24496,,,,7.212
,,,,6.203,,,,7.34656,,,,7.246,,,,8.3561,,,,8.479,,,,9.36563,,,,7.919,,,,7.17804,,,,5.05898,,,,6.147,,,,6.03465,,,,7.369,,,,7.71667,,,,8.098,,,,7.2119,,,,7.195
,,,,6.152,,,,7.2119,,,,7.234,,,,8.42302,,,,8.49,,,,9.36563,,,,7.919,,,,7.17804,,,,5.09284,,,,6.124,,,,6.06771,,,,7.391,,,,7.68281,,,,8.087,,,,7.2119,,,,7.195
,,,,6.135,,,,7.2119,,,,7.223,,,,8.38997,,,,8.479,,,,9.36563,,,,7.908,,,,7.14498,,,,5.05898,,,,6.113,,,,6.06771,,,,7.38,,,,7.68281,,,,8.087,,,,7.2119,,,,7.178
,,,,6.135,,,,7.2119,,,,7.201,,,,8.32223,,,,8.446,,,,9.33258,,,,7.896,,,,7.14498,,,,5.05898,,,,6.113,,,,6.06771,,,,7.358,,,,7.68281,,,,8.076,,,,7.2119,,,,7.178
,,,,6.102,,,,7.14498,,,,7.179,,,,8.3561,,,,8.457,,,,9.33258,,,,7.885,,,,7.14498,,,,5.05898,,,,6.08,,,,6.03465,,,,7.358,,,,7.68281,,,,8.064,,,,7.17804,,,,7.162
,,,,6.119,,,,7.17804,,,,7.201,,,,8.38997,,,,8.446,,,,9.26484,,,,7.874,,,,7.14498,,,,5.05898,,,,6.091,,,,6.03465,,,,7.369,,,,7.68281,,,,8.053,,,,7.2119,,,,7.178
,,,,6.152,,,,7.24496,,,,7.178,,,,8.28917,,,,8.424,,,,9.29871,,,,7.874,,,,7.14498,,,,5.05898,,,,6.102,,,,6.00078,,,,7.324,,,,7.68281,,,,8.053,,,,7.17804,,,,7.162
,,,,6.135,,,,7.2119,,,,7.179,,,,8.28917,,,,8.424,,,,9.29871,,,,7.863,,,,7.11111,,,,5.05898,,,,6.102,,,,6.03465,,,,7.336,,,,7.68281,,,,8.053,,,,7.17804,,,,7.145
,,,,6.135,,,,7.2119,,,,7.167,,,,8.25531,,,,8.401,,,,9.29871,,,,7.863,,,,7.11111,,,,5.05898,,,,6.102,,,,6.03465,,,,7.313,,,,7.64894,,,,8.042,,,,7.17804,,,,7.145
,,,,6.135,,,,7.24496,,,,7.189,,,,8.32223,,,,8.412,,,,9.26484,,,,7.829,,,,7.07724,,,,5.02511,,,,6.09,,,,6.00078,,,,7.324,,,,7.64894,,,,8.02,,,,7.14498,,,,7.111
,,,,6.135,,,,7.2119,,,,7.156,,,,8.25531,,,,8.39,,,,9.26484,,,,7.829,,,,7.07724,,,,5.05898,,,,6.091,,,,6.00078,,,,7.302,,,,7.64894,,,,8.02,,,,7.14498,,,,7.111
,,,,6.068,,,,7.11111,,,,7.134,,,,8.28917,,,,8.379,,,,9.23178,,,,7.818,,,,7.07724,,,,5.02511,,,,6.046,,,,6.00078,,,,7.302,,,,7.61588,,,,7.998,,,,7.14498,,,,7.111
,,,,6.119,,,,7.2119,,,,7.145,,,,8.22144,,,,8.367,,,,9.26484,,,,7.829,,,,7.07724,,,,5.02511,,,,6.079,,,,6.00078,,,,7.279,,,,7.61588,,,,8.009,,,,7.14498,,,,7.111
,,,,6.085,,,,7.14498,,,,7.145,,,,8.28917,,,,8.379,,,,9.23178,,,,7.818,,,,7.07724,,,,5.02511,,,,6.057,,,,6.00078,,,,7.302,,,,7.61588,,,,7.998,,,,7.14498,,,,7.111
,,,,6.119,,,,7.2119,,,,7.145,,,,8.22144,,,,8.345,,,,9.23178,,,,7.818,,,,7.07724,,,,5.02511,,,,6.079,,,,6.00078,,,,7.268,,,,7.58201,,,,7.986,,,,7.14498,,,,7.111
,,,,6.085,,,,7.14498,,,,7.122,,,,8.25531,,,,8.345,,,,9.19711,,,,7.795,,,,7.04338,,,,5.02511,,,,6.046,,,,5.96691,,,,7.268,,,,7.58201,,,,7.975,,,,7.14498,,,,7.094
,,,,6.051,,,,7.07724,,,,7.089,,,,8.22144,,,,8.334,,,,9.19711,,,,7.795,,,,7.04338,,,,5.02511,,,,6.023,,,,5.96691,,,,7.257,,,,7.58201,,,,7.975,,,,7.14498,,,,7.094
,,,,6.068,,,,7.11111,,,,7.1,,,,8.22144,,,,8.311,,,,9.16405,,,,7.773,,,,7.04338,,,,5.02511,,,,6.034,,,,5.96691,,,,7.246,,,,7.54815,,,,7.941,,,,7.11111,,,,7.077
,,,,6.051,,,,7.07724,,,,7.066,,,,8.15371,,,,8.322,,,,9.23178,,,,7.784,,,,7.00951,,,,5.02511,,,,6.023,,,,5.96691,,,,7.234,,,,7.58201,,,,7.975,,,,7.11111,,,,7.06
,,,,6.051,,,,7.07724,,,,7.044,,,,8.12065,,,,8.3,,,,9.19711,,,,7.773,,,,7.00951,,,,5.02511,,,,6.012,,,,5.93386,,,,7.212,,,,7.58201,,,,7.963,,,,7.11111,,,,7.06
,,,,6.085,,,,7.14498,,,,7.111,,,,8.25531,,,,8.334,,,,9.19711,,,,7.773,,,,7.00951,,,,5.02511,,,,6.035,,,,5.93386,,,,7.246,,,,7.54815,,,,7.952,,,,7.11111,,,,7.06
,,,,6.085,,,,7.14498,,,,7.089,,,,8.15371,,,,8.289,,,,9.16405,,,,7.75,,,,7.00951,,,,5.02511,,,,6.046,,,,5.96691,,,,7.223,,,,7.54815,,,,7.93,,,,7.07724,,,,7.043
,,,,6.051,,,,7.07724,,,,7.078,,,,8.22144,,,,8.3,,,,9.16405,,,,7.762,,,,7.00951,,,,5.02511,,,,6.012,,,,5.93386,,,,7.223,,,,7.51428,,,,7.93,,,,7.11111,,,,7.06
,,,,6.085,,,,7.14498,,,,7.066,,,,8.12065,,,,8.255,,,,9.13018,,,,7.728,,,,6.97645,,,,5.02511,,,,6.035,,,,5.93386,,,,7.19,,,,7.51428,,,,7.907,,,,7.07724,,,,7.027
,,,,6.068,,,,7.11111,,,,7.055,,,,8.12065,,,,8.255,,,,9.13018,,,,7.728,,,,6.97645,,,,5.02511,,,,6.023,,,,5.93386,,,,7.19,,,,7.51428,,,,7.907,,,,7.07724,,,,7.027
,,,,6.068,,,,7.11111,,,,7.055,,,,8.12065,,,,8.244,,,,9.09632,,,,7.717,,,,6.97645,,,,5.02511,,,,6.023,,,,5.93386,,,,7.19,,,,7.51428,,,,7.896,,,,7.07724,,,,7.027
,,,,6.017,,,,7.00951,,,,6.999,,,,8.05291,,,,8.221,,,,9.09632,,,,7.717,,,,6.97645,,,,5.02511,,,,5.989,,,,5.93386,,,,7.167,,,,7.51428,,,,7.896,,,,7.07724,,,,7.027
,,,,6.018,,,,7.04338,,,,7.033,,,,8.12065,,,,8.233,,,,9.09632,,,,7.705,,,,6.94258,,,,4.99205,,,,5.99,,,,5.93386,,,,7.179,,,,7.48122,,,,7.885,,,,7.07724,,,,7.01
,,,,6.051,,,,7.07724,,,,7.033,,,,8.08678,,,,8.21,,,,9.06326,,,,7.694,,,,6.97645,,,,5.02511,,,,6.012,,,,5.93386,,,,7.167,,,,7.48122,,,,7.863,,,,7.04338,,,,7.01
,,,,6.068,,,,7.11111,,,,7.01,,,,8.01986,,,,8.199,,,,9.09632,,,,7.694,,,,6.94258,,,,5.02511,,,,6.012,,,,5.89999,,,,7.134,,,,7.48122,,,,7.874,,,,7.04338,,,,6.993
,,,,6.018,,,,7.04338,,,,6.999,,,,8.05291,,,,8.199,,,,9.06326,,,,7.694,,,,6.97645,,,,4.99205,,,,5.978,,,,5.89999,,,,7.145,,,,7.48122,,,,7.863,,,,7.04338,,,,7.01
,,,,6.001,,,,7.00951,,,,6.999,,,,8.08678,,,,8.199,,,,9.02939,,,,7.66,,,,6.90872,,,,4.99205,,,,5.967,,,,5.89999,,,,7.156,,,,7.48122,,,,7.851,,,,7.04338,,,,6.976
,,,,6.035,,,,7.07724,,,,6.976,,,,7.95212,,,,8.154,,,,9.02939,,,,7.649,,,,6.90872,,,,4.99205,,,,5.99,,,,5.89999,,,,7.111,,,,7.48122,,,,7.84,,,,7.00951,,,,6.959
,,,,6.001,,,,7.00951,,,,6.965,,,,7.98599,,,,8.154,,,,9.02939,,,,7.638,,,,6.87566,,,,4.99205,,,,5.967,,,,5.89999,,,,7.111,,,,7.44735,,,,7.829,,,,7.00951,,,,6.943
,,,,6.035,,,,7.07724,,,,6.999,,,,8.01986,,,,8.177,,,,9.02939,,,,7.649,,,,6.90872,,,,4.99205,,,,5.99,,,,5.89999,,,,7.134,,,,7.48122,,,,7.84,,,,7.00951,,,,6.959
,,,,5.984,,,,7.00951,,,,6.976,,,,8.01986,,,,8.154,,,,8.99553,,,,7.638,,,,6.90872,,,,4.95818,,,,5.956,,,,5.89999,,,,7.122,,,,7.44735,,,,7.817,,,,7.00951,,,,6.959
,,,,6.001,,,,7.04338,,,,6.976,,,,8.01986,,,,8.154,,,,8.99553,,,,7.638,,,,6.90872,,,,4.95818,,,,5.956,,,,5.86612,,,,7.111,,,,7.44735,,,,7.817,,,,7.00951,,,,6.959
,,,,6.001,,,,7.00951,,,,6.954,,,,7.98599,,,,8.132,,,,8.96166,,,,7.616,,,,6.87566,,,,4.99205,,,,5.956,,,,5.86612,,,,7.1,,,,7.44735,,,,7.806,,,,7.00951,,,,6.943
,,,,5.984,,,,6.97645,,,,6.943,,,,7.98599,,,,8.12,,,,8.96166,,,,7.616,,,,6.87566,,,,4.99205,,,,5.945,,,,5.86612,,,,7.089,,,,7.41349,,,,7.795,,,,7.00951,,,,6.943
,,,,5.984,,,,6.97645,,,,6.954,,,,7.98599,,,,8.12,,,,8.96166,,,,7.616,,,,6.87566,,,,4.99205,,,,5.956,,,,5.89999,,,,7.1,,,,7.41349,,,,7.795,,,,7.00951,,,,6.943
,,,,5.95,,,,6.90872,,,,6.932,,,,8.01986,,,,8.11,,,,8.9286,,,,7.605,,,,6.87566,,,,4.99205,,,,5.922,,,,5.86612,,,,7.089,,,,7.38043,,,,7.773,,,,7.00951,,,,6.943
,,,,5.934,,,,6.87566,,,,6.932,,,,8.05291,,,,8.132,,,,8.96166,,,,7.616,,,,6.87566,,,,4.99205,,,,5.911,,,,5.86612,,,,7.1,,,,7.38043,,,,7.784,,,,7.00951,,,,6.943
,,,,5.933,,,,6.90872,,,,6.92,,,,7.98599,,,,8.098,,,,8.9286,,,,7.605,,,,6.87566,,,,4.95818,,,,5.911,,,,5.86612,,,,7.078,,,,7.38043,,,,7.773,,,,7.00951,,,,6.943
,,,,5.967,,,,6.94258,,,,6.932,,,,7.98599,,,,8.098,,,,8.9286,,,,7.582,,,,6.84179,,,,4.99205,,,,5.934,,,,5.86612,,,,7.078,,,,7.38043,,,,7.762,,,,6.97645,,,,6.909
,,,,5.967,,,,6.94258,,,,6.943,,,,8.01986,,,,8.11,,,,8.9286,,,,7.582,,,,6.84179,,,,4.99205,,,,5.934,,,,5.86612,,,,7.089,,,,7.38043,,,,7.762,,,,6.97645,,,,6.909
,,,,5.934,,,,6.87566,,,,6.887,,,,7.91826,,,,8.064,,,,8.89473,,,,7.56,,,,6.80793,,,,4.99205,,,,5.911,,,,5.86612,,,,7.055,,,,7.38043,,,,7.751,,,,6.97645,,,,6.892
,,,,5.967,,,,6.94258,,,,6.909,,,,7.95212,,,,8.076,,,,8.89473,,,,7.56,,,,6.84179,,,,4.99205,,,,5.922,,,,5.83226,,,,7.055,,,,7.38043,,,,7.739,,,,6.94258,,,,6.892
,,,,5.9,,,,6.80793,,,,6.853,,,,7.91826,,,,8.064,,,,8.89473,,,,7.56,,,,6.84179,,,,4.99205,,,,5.877,,,,5.83226,,,,7.044,,,,7.38043,,,,7.739,,,,6.94258,,,,6.892
,,,,5.934,,,,6.87566,,,,6.887,,,,7.91826,,,,8.053,,,,8.89473,,,,7.56,,,,6.84179,,,,4.99205,,,,5.911,,,,5.86612,,,,7.044,,,,7.34656,,,,7.728,,,,6.94258,,,,6.892
,,,,5.9,,,,6.84179,,,,6.853,,,,7.8852,,,,8.042,,,,8.89473,,,,7.548,,,,6.80793,,,,4.95818,,,,5.877,,,,5.83226,,,,7.021,,,,7.34656,,,,7.728,,,,6.94258,,,,6.875
,,,,5.95,,,,6.94258,,,,6.909,,,,7.95212,,,,8.053,,,,8.86087,,,,7.537,,,,6.80793,,,,4.95818,,,,5.911,,,,5.83226,,,,7.044,,,,7.34656,,,,7.717,,,,6.94258,,,,6.875
,,,,5.934,,,,6.87566,,,,6.887,,,,7.91826,,,,8.042,,,,8.89473,,,,7.548,,,,6.80793,,,,4.99205,,,,5.911,,,,5.86612,,,,7.032,,,,7.31269,,,,7.717,,,,6.94258,,,,6.875
,,,,5.917,,,,6.84179,,,,6.853,,,,7.8852,,,,8.031,,,,8.86087,,,,7.537,,,,6.80793,,,,4.99205,,,,5.889,,,,5.83226,,,,7.021,,,,7.34656,,,,7.717,,,,6.94258,,,,6.875
,,,,5.9,,,,6.84179,,,,6.842,,,,7.85133,,,,7.997,,,,8.827,,,,7.526,,,,6.80793,,,,4.95818,,,,5.877,,,,5.83226,,,,6.999,,,,7.31269,,,,7.694,,,,6.94258,,,,6.875
,,,,5.917,,,,6.87566,,,,6.842,,,,7.81746,,,,7.986,,,,8.827,,,,7.503,,,,6.77406,,,,4.95818,,,,5.889,,,,5.83226,,,,6.987,,,,7.31269,,,,7.683,,,,6.90872,,,,6.841
,,,,5.95,,,,6.90872,,,,6.842,,,,7.7836,,,,7.974,,,,8.827,,,,7.503,,,,6.77406,,,,4.99205,,,,5.911,,,,5.83226,,,,6.976,,,,7.31269,,,,7.683,,,,6.90872,,,,6.841
,,,,5.866,,,,6.80793,,,,6.842,,,,7.8852,,,,7.997,,,,8.827,,,,7.515,,,,6.80793,,,,4.92432,,,,5.855,,,,5.83226,,,,6.999,,,,7.27883,,,,7.672,,,,6.90872,,,,6.858
,,,,5.883,,,,6.80793,,,,6.819,,,,7.81746,,,,7.974,,,,8.79313,,,,7.492,,,,6.77406,,,,4.95818,,,,5.866,,,,5.83226,,,,6.987,,,,7.31269,,,,7.672,,,,6.90872,,,,6.841
,,,,5.917,,,,6.87566,,,,6.842,,,,7.81746,,,,7.963,,,,8.79313,,,,7.481,,,,6.741,,,,4.95818,,,,5.889,,,,5.83226,,,,6.976,,,,7.27883,,,,7.66,,,,6.90872,,,,6.825
,,,,5.883,,,,6.77406,,,,6.808,,,,7.81746,,,,7.963,,,,8.76007,,,,7.481,,,,6.741,,,,4.99205,,,,5.866,,,,5.83226,,,,6.987,,,,7.31269,,,,7.672,,,,6.94258,,,,6.842
,,,,5.9,,,,6.84179,,,,6.797,,,,7.74973,,,,7.941,,,,8.79313,,,,7.492,,,,6.77406,,,,4.95818,,,,5.866,,,,5.7992,,,,6.943,,,,7.27883,,,,7.66,,,,6.90872,,,,6.841
,,,,5.883,,,,6.80793,,,,6.797,,,,7.7836,,,,7.952,,,,8.76007,,,,7.47,,,,6.741,,,,4.95818,,,,5.855,,,,5.7992,,,,6.965,,,,7.31269,,,,7.66,,,,6.90872,,,,6.825
,,,,5.9,,,,6.80793,,,,6.797,,,,7.81746,,,,7.952,,,,8.76007,,,,7.47,,,,6.741,,,,4.99205,,,,5.855,,,,5.76533,,,,6.954,,,,7.27883,,,,7.649,,,,6.90872,,,,6.825
,,,,5.883,,,,6.80793,,,,6.808,,,,7.81746,,,,7.941,,,,8.76007,,,,7.47,,,,6.741,,,,4.95818,,,,5.855,,,,5.7992,,,,6.954,,,,7.24496,,,,7.638,,,,6.90872,,,,6.825
,,,,5.866,,,,6.77406,,,,6.763,,,,7.74973,,,,7.907,,,,8.72621,,,,7.448,,,,6.741,,,,4.95818,,,,5.833,,,,5.76533,,,,6.92,,,,7.24496,,,,7.616,,,,6.87566,,,,6.808
,,,,5.85,,,,6.741,,,,6.786,,,,7.81746,,,,7.93,,,,8.72621,,,,7.436,,,,6.70713,,,,4.95818,,,,5.833,,,,5.7992,,,,6.954,,,,7.24496,,,,7.616,,,,6.87566,,,,6.791
,,,,5.866,,,,6.77406,,,,6.774,,,,7.74973,,,,7.907,,,,8.72621,,,,7.436,,,,6.70713,,,,4.95818,,,,5.844,,,,5.7992,,,,6.931,,,,7.24496,,,,7.616,,,,6.87566,,,,6.791
,,,,5.866,,,,6.77406,,,,6.797,,,,7.81746,,,,7.918,,,,8.69234,,,,7.414,,,,6.70713,,,,4.95818,,,,5.844,,,,5.7992,,,,6.954,,,,7.24496,,,,7.593,,,,6.84179,,,,6.774
,,,,5.85,,,,6.741,,,,6.763,,,,7.7836,,,,7.896,,,,8.69234,,,,7.425,,,,6.70713,,,,4.95818,,,,5.822,,,,5.76533,,,,6.92,,,,7.2119,,,,7.593,,,,6.87566,,,,6.791
,,,,5.9,,,,6.80793,,,,6.775,,,,7.71667,,,,7.863,,,,8.65928,,,,7.403,,,,6.70713,,,,4.99205,,,,5.866,,,,5.7992,,,,6.909,,,,7.2119,,,,7.571,,,,6.84179,,,,6.774
,,,,5.883,,,,6.80793,,,,6.752,,,,7.64894,,,,7.862,,,,8.69234,,,,7.414,,,,6.70713,,,,4.95818,,,,5.855,,,,5.7992,,,,6.898,,,,7.24496,,,,7.593,,,,6.84179,,,,6.774
,,,,5.849,,,,6.77406,,,,6.763,,,,7.74973,,,,7.896,,,,8.69234,,,,7.425,,,,6.70713,,,,4.92432,,,,5.821,,,,5.76533,,,,6.92,,,,7.24496,,,,7.604,,,,6.87566,,,,6.791
,,,,5.883,,,,6.80793,,,,6.775,,,,7.71667,,,,7.874,,,,8.65928,,,,7.391,,,,6.67327,,,,4.95818,,,,5.855,,,,5.7992,,,,6.92,,,,7.24496,,,,7.582,,,,6.84179,,,,6.758
,,,,5.85,,,,6.741,,,,6.763,,,,7.74973,,,,7.862,,,,8.62542,,,,7.38,,,,6.67327,,,,4.95818,,,,5.833,,,,5.7992,,,,6.92,,,,7.2119,,,,7.56,,,,6.84179,,,,6.758
,,,,5.833,,,,6.70713,,,,6.718,,,,7.68281,,,,7.851,,,,8.65928,,,,7.391,,,,6.67327,,,,4.95818,,,,5.81,,,,5.76533,,,,6.887,,,,7.2119,,,,7.571,,,,6.84179,,,,6.758
,,,,5.9,,,,6.80793,,,,6.752,,,,7.71667,,,,7.84,,,,8.62542,,,,7.38,,,,6.67327,,,,4.99205,,,,5.844,,,,5.73146,,,,6.875,,,,7.17804,,,,7.548,,,,6.84179,,,,6.758
,,,,5.85,,,,6.741,,,,6.752,,,,7.74973,,,,7.851,,,,8.62542,,,,7.358,,,,6.64021,,,,4.95818,,,,5.822,,,,5.76533,,,,6.898,,,,7.17804,,,,7.537,,,,6.80793,,,,6.724
,,,,5.866,,,,6.77406,,,,6.729,,,,7.68281,,,,7.829,,,,8.59155,,,,7.347,,,,6.64021,,,,4.95818,,,,5.821,,,,5.73146,,,,6.875,,,,7.2119,,,,7.537,,,,6.80793,,,,6.724
,,,,5.85,,,,6.741,,,,6.763,,,,7.7836,,,,7.862,,,,8.62542,,,,7.369,,,,6.64021,,,,4.95818,,,,5.822,,,,5.76533,,,,6.909,,,,7.17804,,,,7.548,,,,6.84179,,,,6.741
,,,,5.799,,,,6.64021,,,,6.707,,,,7.71667,,,,7.84,,,,8.62542,,,,7.358,,,,6.64021,,,,4.95818,,,,5.788,,,,5.76533,,,,6.887,,,,7.17804,,,,7.537,,,,6.80793,,,,6.724
,,,,5.816,,,,6.67327,,,,6.707,,,,7.68281,,,,7.817,,,,8.59155,,,,7.347,,,,6.64021,,,,4.95818,,,,5.799,,,,5.76533,,,,6.875,,,,7.17804,,,,7.526,,,,6.80793,,,,6.724
,,,,5.85,,,,6.70713,,,,6.707,,,,7.64894,,,,7.795,,,,8.59155,,,,7.347,,,,6.64021,,,,4.99205,,,,5.822,,,,5.76533,,,,6.853,,,,7.14498,,,,7.515,,,,6.80793,,,,6.724
,,,,5.833,,,,6.70713,,,,6.696,,,,7.64894,,,,7.795,,,,8.59155,,,,7.347,,,,6.64021,,,,4.95818,,,,5.799,,,,5.73146,,,,6.842,,,,7.14498,,,,7.515,,,,6.80793,,,,6.724
,,,,5.833,,,,6.70713,,,,6.741,,,,7.74973,,,,7.817,,,,8.55768,,,,7.324,,,,6.64021,,,,4.95818,,,,5.81,,,,5.76533,,,,6.887,,,,7.14498,,,,7.492,,,,6.77406,,,,6.707
,,,,5.85,,,,6.741,,,,6.707,,,,7.64894,,,,7.784,,,,8.55768,,,,7.335,,,,6.64021,,,,4.95818,,,,5.81,,,,5.73146,,,,6.842,,,,7.14498,,,,7.504,,,,6.80793,,,,6.724
,,,,5.799,,,,6.67327,,,,6.696,,,,7.68281,,,,7.784,,,,8.55768,,,,7.324,,,,6.64021,,,,4.92432,,,,5.776,,,,5.73146,,,,6.842,,,,7.11111,,,,7.481,,,,6.77406,,,,6.707
,,,,5.782,,,,6.60634,,,,6.651,,,,7.61588,,,,7.762,,,,8.52462,,,,7.313,,,,6.64021,,,,4.95818,,,,5.765,,,,5.73146,,,,6.831,,,,7.14498,,,,7.481,,,,6.77406,,,,6.707
,,,,5.833,,,,6.741,,,,6.696,,,,7.61588,,,,7.751,,,,8.52462,,,,7.302,,,,6.60634,,,,4.92432,,,,5.799,,,,5.73146,,,,6.819,,,,7.11111,,,,7.47,,,,6.77406,,,,6.69
,,,,5.782,,,,6.60634,,,,6.662,,,,7.64894,,,,7.762,,,,8.49076,,,,7.29,,,,6.60634,,,,4.95818,,,,5.765,,,,5.73146,,,,6.842,,,,7.14498,,,,7.47,,,,6.77406,,,,6.69
,,,,5.782,,,,6.64021,,,,6.663,,,,7.61588,,,,7.739,,,,8.49076,,,,7.29,,,,6.60634,,,,4.92432,,,,5.765,,,,5.73146,,,,6.819,,,,7.11111,,,,7.459,,,,6.77406,,,,6.69
,,,,5.749,,,,6.53942,,,,6.64,,,,7.64894,,,,7.762,,,,8.52462,,,,7.29,,,,6.57248,,,,4.95818,,,,5.743,,,,5.73146,,,,6.831,,,,7.11111,,,,7.47,,,,6.77406,,,,6.673
,,,,5.749,,,,6.53942,,,,6.64,,,,7.64894,,,,7.728,,,,8.45689,,,,7.279,,,,6.60634,,,,4.95818,,,,5.743,,,,5.73146,,,,6.819,,,,7.07724,,,,7.436,,,,6.77406,,,,6.69
,,,,5.799,,,,6.64021,,,,6.651,,,,7.58201,,,,7.717,,,,8.49076,,,,7.268,,,,6.57248,,,,4.95818,,,,5.777,,,,5.73146,,,,6.797,,,,7.07724,,,,7.436,,,,6.741,,,,6.657
,,,,5.799,,,,6.64021,,,,6.64,,,,7.54815,,,,7.683,,,,8.45689,,,,7.257,,,,6.57248,,,,4.95818,,,,5.777,,,,5.73146,,,,6.774,,,,7.04338,,,,7.414,,,,6.741,,,,6.657
,,,,5.765,,,,6.60634,,,,6.618,,,,7.54815,,,,7.694,,,,8.45689,,,,7.257,,,,6.57248,,,,4.92432,,,,5.743,,,,5.6984,,,,6.775,,,,7.07724,,,,7.425,,,,6.741,,,,6.657
,,,,5.748,,,,6.57248,,,,6.629,,,,7.61588,,,,7.717,,,,8.45689,,,,7.246,,,,6.53942,,,,4.92432,,,,5.732,,,,5.6984,,,,6.797,,,,7.07724,,,,7.425,,,,6.741,,,,6.64
,,,,5.748,,,,6.57248,,,,6.584,,,,7.48122,,,,7.672,,,,8.45689,,,,7.246,,,,6.53942,,,,4.92432,,,,5.732,,,,5.6984,,,,6.752,,,,7.07724,,,,7.425,,,,6.741,,,,6.64
,,,,5.748,,,,6.57248,,,,6.606,,,,7.54815,,,,7.694,,,,8.45689,,,,7.234,,,,6.53942,,,,4.92432,,,,5.732,,,,5.6984,,,,6.775,,,,7.07724,,,,7.414,,,,6.70713,,,,6.623
,,,,5.765,,,,6.60634,,,,6.618,,,,7.54815,,,,7.683,,,,8.42302,,,,7.223,,,,6.53942,,,,4.92432,,,,5.743,,,,5.6984,,,,6.775,,,,7.07724,,,,7.402,,,,6.70713,,,,6.623
,,,,5.732,,,,6.53942,,,,6.595,,,,7.54815,,,,7.672,,,,8.42302,,,,7.234,,,,6.53942,,,,4.92432,,,,5.721,,,,5.6984,,,,6.763,,,,7.04338,,,,7.402,,,,6.741,,,,6.64
,,,,5.765,,,,6.57248,,,,6.584,,,,7.51428,,,,7.66,,,,8.42302,,,,7.223,,,,6.53942,,,,4.95818,,,,5.732,,,,5.66454,,,,6.741,,,,7.04338,,,,7.391,,,,6.70713,,,,6.623
,,,,5.732,,,,6.53942,,,,6.595,,,,7.54815,,,,7.649,,,,8.38997,,,,7.212,,,,6.53942,,,,4.92432,,,,5.721,,,,5.6984,,,,6.752,,,,7.00951,,,,7.369,,,,6.70713,,,,6.623
,,,,5.748,,,,6.57248,,,,6.606,,,,7.58201,,,,7.672,,,,8.38997,,,,7.201,,,,6.50474,,,,4.92432,,,,5.72,,,,5.66454,,,,6.763,,,,7.04338,,,,7.38,,,,6.70713,,,,6.606
,,,,5.765,,,,6.60634,,,,6.606,,,,7.54815,,,,7.66,,,,8.38997,,,,7.201,,,,6.50474,,,,4.92432,,,,5.732,,,,5.66454,,,,6.752,,,,7.04338,,,,7.38,,,,6.70713,,,,6.606
,,,,5.732,,,,6.53942,,,,6.562,,,,7.48122,,,,7.627,,,,8.38997,,,,7.201,,,,6.50474,,,,4.92432,,,,5.709,,,,5.66454,,,,6.718,,,,7.00951,,,,7.369,,,,6.70713,,,,6.606
,,,,5.748,,,,6.57248,,,,6.606,,,,7.58201,,,,7.649,,,,8.3561,,,,7.178,,,,6.50474,,,,4.92432,,,,5.72,,,,5.66454,,,,6.752,,,,7.00951,,,,7.346,,,,6.67327,,,,6.589
,,,,5.732,,,,6.53942,,,,6.573,,,,7.51428,,,,7.627,,,,8.3561,,,,7.189,,,,6.50474,,,,4.92432,,,,5.709,,,,5.66454,,,,6.729,,,,7.00951,,,,7.358,,,,6.70713,,,,6.606
,,,,5.748,,,,6.57248,,,,6.572,,,,7.51428,,,,7.627,,,,8.3561,,,,7.178,,,,6.50474,,,,4.92432,,,,5.709,,,,5.63067,,,,6.718,,,,7.00951,,,,7.346,,,,6.67327,,,,6.589
,,,,5.698,,,,6.47168,,,,6.55,,,,7.51428,,,,7.616,,,,8.3561,,,,7.178,,,,6.47168,,,,4.92432,,,,5.687,,,,5.66454,,,,6.718,,,,6.97645,,,,7.347,,,,6.70713,,,,6.589
,,,,5.715,,,,6.50474,,,,6.539,,,,7.44735,,,,7.604,,,,8.3561,,,,7.178,,,,6.50474,,,,4.92432,,,,5.698,,,,5.66454,,,,6.707,,,,7.00951,,,,7.346,,,,6.67327,,,,6.589
,,,,5.698,,,,6.50474,,,,6.516,,,,7.41349,,,,7.593,,,,8.3561,,,,7.178,,,,6.50474,,,,4.89126,,,,5.676,,,,5.63067,,,,6.685,,,,7.00951,,,,7.346,,,,6.67327,,,,6.589
,,,,5.732,,,,6.53942,,,,6.55,,,,7.48122,,,,7.593,,,,8.32223,,,,7.167,,,,6.47168,,,,4.92432,,,,5.698,,,,5.63067,,,,6.696,,,,6.97645,,,,7.335,,,,6.70713,,,,6.589
,,,,5.698,,,,6.50474,,,,6.528,,,,7.44735,,,,7.571,,,,8.28917,,,,7.145,,,,6.47168,,,,4.89126,,,,5.676,,,,5.63067,,,,6.685,,,,6.97645,,,,7.313,,,,6.67327,,,,6.572
,,,,5.698,,,,6.50474,,,,6.55,,,,7.51428,,,,7.604,,,,8.28917,,,,7.145,,,,6.47168,,,,4.89126,,,,5.676,,,,5.63067,,,,6.718,,,,7.00951,,,,7.324,,,,6.67327,,,,6.572
,,,,5.715,,,,6.50474,,,,6.528,,,,7.44735,,,,7.56,,,,8.28917,,,,7.134,,,,6.47168,,,,4.92432,,,,5.687,,,,5.63067,,,,6.674,,,,6.94258,,,,7.291,,,,6.64021,,,,6.556
,,,,5.732,,,,6.57248,,,,6.55,,,,7.41349,,,,7.56,,,,8.28917,,,,7.134,,,,6.47168,,,,4.89126,,,,5.709,,,,5.66454,,,,6.685,,,,6.97645,,,,7.302,,,,6.64021,,,,6.556
,,,,5.698,,,,6.47168,,,,6.494,,,,7.38043,,,,7.549,,,,8.28917,,,,7.122,,,,6.43782,,,,4.92432,,,,5.676,,,,5.63067,,,,6.663,,,,6.97645,,,,7.302,,,,6.64021,,,,6.539
,,,,5.732,,,,6.57248,,,,6.539,,,,7.41349,,,,7.526,,,,8.25531,,,,7.111,,,,6.43782,,,,4.89126,,,,5.698,,,,5.63067,,,,6.651,,,,6.90872,,,,7.268,,,,6.64021,,,,6.539
,,,,5.698,,,,6.50474,,,,6.516,,,,7.41349,,,,7.537,,,,8.25531,,,,7.122,,,,6.43782,,,,4.89126,,,,5.676,,,,5.63067,,,,6.662,,,,6.94258,,,,7.29,,,,6.67327,,,,6.556
,,,,5.681,,,,6.43782,,,,6.517,,,,7.48122,,,,7.548,,,,8.25531,,,,7.1,,,,6.40395,,,,4.92432,,,,5.664,,,,5.63067,,,,6.674,,,,6.90872,,,,7.268,,,,6.64021,,,,6.522
,,,,5.648,,,,6.40395,,,,6.472,,,,7.38043,,,,7.504,,,,8.22144,,,,7.077,,,,6.40395,,,,4.89126,,,,5.642,,,,5.63067,,,,6.64,,,,6.90872,,,,7.246,,,,6.60634,,,,6.505
,,,,5.648,,,,6.40395,,,,6.461,,,,7.38043,,,,7.515,,,,8.22144,,,,7.089,,,,6.40395,,,,4.89126,,,,5.631,,,,5.59761,,,,6.64,,,,6.94258,,,,7.268,,,,6.64021,,,,6.522
,,,,5.715,,,,6.50474,,,,6.505,,,,7.41349,,,,7.593,,,,8.15371,,,,7.122,,,,6.47168,,,,4.92432,,,,5.676,,,,5.59761,,,,6.741,,,,7.2119,,,,7.369,,,,6.741,,,,6.606
,,,,5.715,,,,6.50474,,,,6.517,,,,7.44735,,,,7.537,,,,8.22144,,,,7.077,,,,6.40395,,,,4.92432,,,,5.676,,,,5.59761,,,,6.663,,,,6.94258,,,,7.257,,,,6.60634,,,,6.505
,,,,5.698,,,,6.47168,,,,6.494,,,,7.41349,,,,7.537,,,,8.22144,,,,7.089,,,,6.43782,,,,4.92432,,,,5.665,,,,5.59761,,,,6.663,,,,6.97645,,,,7.268,,,,6.60634,,,,6.522
,,,,5.715,,,,6.50474,,,,6.483,,,,7.34656,,,,7.515,,,,8.22144,,,,7.077,,,,6.40395,,,,4.92432,,,,5.676,,,,5.59761,,,,6.64,,,,6.97645,,,,7.268,,,,6.60634,,,,6.505
,,,,5.698,,,,6.43782,,,,6.483,,,,7.38043,,,,7.504,,,,8.18757,,,,7.066,,,,6.40395,,,,4.95818,,,,5.676,,,,5.63067,,,,6.651,,,,6.94258,,,,7.245,,,,6.60634,,,,6.505
,,,,5.698,,,,6.47168,,,,6.505,,,,7.41349,,,,7.515,,,,8.18757,,,,7.077,,,,6.43782,,,,4.92432,,,,5.676,,,,5.63067,,,,6.662,,,,6.94258,,,,7.245,,,,6.60634,,,,6.522
,,,,5.731,,,,6.50474,,,,6.528,,,,7.44735,,,,7.526,,,,8.18757,,,,7.077,,,,6.43782,,,,4.95818,,,,5.698,,,,5.63067,,,,6.674,,,,6.94258,,,,7.245,,,,6.60634,,,,6.522
,,,,5.732,,,,6.53942,,,,6.506,,,,7.34656,,,,7.492,,,,8.18757,,,,7.066,,,,6.40395,,,,4.92432,,,,5.698,,,,5.63067,,,,6.64,,,,6.94258,,,,7.245,,,,6.60634,,,,6.505
,,,,5.715,,,,6.50474,,,,6.483,,,,7.34656,,,,7.481,,,,8.15371,,,,7.044,,,,6.37089,,,,4.92432,,,,5.676,,,,5.59761,,,,6.629,,,,6.94258,,,,7.234,,,,6.60634,,,,6.489
,,,,5.715,,,,6.50474,,,,6.483,,,,7.31269,,,,7.458,,,,8.15371,,,,7.043,,,,6.40395,,,,4.92432,,,,5.687,,,,5.63067,,,,6.617,,,,6.90872,,,,7.212,,,,6.57248,,,,6.488
,,,,5.715,,,,6.50474,,,,6.494,,,,7.34656,,,,7.47,,,,8.15371,,,,7.043,,,,6.40395,,,,4.92432,,,,5.687,,,,5.63067,,,,6.629,,,,6.90872,,,,7.212,,,,6.57248,,,,6.488
,,,,5.664,,,,6.40395,,,,6.46,,,,7.34656,,,,7.459,,,,8.15371,,,,7.055,,,,6.40395,,,,4.92432,,,,5.653,,,,5.63067,,,,6.618,,,,6.87566,,,,7.212,,,,6.60634,,,,6.505
,,,,5.664,,,,6.40395,,,,6.438,,,,7.31269,,,,7.459,,,,8.12065,,,,7.021,,,,6.37089,,,,4.92432,,,,5.642,,,,5.59761,,,,6.618,,,,6.94258,,,,7.212,,,,6.57248,,,,6.472
,,,,5.698,,,,6.47168,,,,6.483,,,,7.34656,,,,7.459,,,,8.15371,,,,7.032,,,,6.37089,,,,4.92432,,,,5.676,,,,5.63067,,,,6.618,,,,6.87566,,,,7.201,,,,6.57248,,,,6.472
,,,,5.648,,,,6.37089,,,,6.438,,,,7.31269,,,,7.436,,,,8.12065,,,,7.021,,,,6.37089,,,,4.92432,,,,5.642,,,,5.63067,,,,6.606,,,,6.87566,,,,7.19,,,,6.57248,,,,6.472
,,,,5.664,,,,6.40395,,,,6.427,,,,7.27883,,,,7.425,,,,8.12065,,,,7.021,,,,6.37089,,,,4.92432,,,,5.642,,,,5.59761,,,,6.584,,,,6.87566,,,,7.19,,,,6.57248,,,,6.472
,,,,5.664,,,,6.40395,,,,6.449,,,,7.31269,,,,7.436,,,,8.12065,,,,7.01,,,,6.33702,,,,4.92432,,,,5.653,,,,5.63067,,,,6.606,,,,6.87566,,,,7.19,,,,6.57248,,,,6.455
,,,,5.698,,,,6.47168,,,,6.449,,,,7.27883,,,,7.414,,,,8.08678,,,,6.988,,,,6.33702,,,,4.92432,,,,5.665,,,,5.59761,,,,6.584,,,,6.87566,,,,7.167,,,,6.53942,,,,6.438
,,,,5.631,,,,6.37089,,,,6.416,,,,7.27883,,,,7.414,,,,8.08678,,,,6.999,,,,6.33702,,,,4.89126,,,,5.62,,,,5.59761,,,,6.584,,,,6.87566,,,,7.178,,,,6.57248,,,,6.455
,,,,5.715,,,,6.50474,,,,6.46,,,,7.27883,,,,7.402,,,,8.05291,,,,6.988,,,,6.37089,,,,4.92432,,,,5.676,,,,5.59761,,,,6.584,,,,6.87566,,,,7.156,,,,6.53942,,,,6.455
,,,,5.614,,,,6.33702,,,,6.404,,,,7.27883,,,,7.391,,,,8.05291,,,,6.976,,,,6.33702,,,,4.89126,,,,5.609,,,,5.59761,,,,6.573,,,,6.84179,,,,7.145,,,,6.53942,,,,6.438
,,,,5.648,,,,6.37089,,,,6.404,,,,7.27883,,,,7.38,,,,8.01986,,,,6.954,,,,6.33702,,,,4.92432,,,,5.62,,,,5.56374,,,,6.561,,,,6.84179,,,,7.122,,,,6.50474,,,,6.421
,,,,5.581,,,,6.2701,,,,6.36,,,,7.24496,,,,7.369,,,,8.01986,,,,6.954,,,,6.30316,,,,4.89126,,,,5.575,,,,5.56374,,,,6.55,,,,6.84179,,,,7.134,,,,6.53942,,,,6.421
,,,,5.631,,,,6.37089,,,,6.416,,,,7.31269,,,,7.38,,,,8.01986,,,,6.943,,,,6.30316,,,,4.89126,,,,5.609,,,,5.56374,,,,6.561,,,,6.80793,,,,7.111,,,,6.50474,,,,6.404
,,,,5.597,,,,6.30316,,,,6.382,,,,7.24496,,,,7.358,,,,7.98599,,,,6.943,,,,6.30316,,,,4.89126,,,,5.597,,,,5.59761,,,,6.561,,,,6.84179,,,,7.122,,,,6.53942,,,,6.421
,,,,5.614,,,,6.33702,,,,6.393,,,,7.24496,,,,7.369,,,,8.01986,,,,6.943,,,,6.30316,,,,4.89126,,,,5.609,,,,5.59761,,,,6.561,,,,6.84179,,,,7.122,,,,6.50474,,,,6.404
,,,,5.665,,,,6.43782,,,,6.404,,,,7.2119,,,,7.335,,,,7.98599,,,,6.931,,,,6.30316,,,,4.89126,,,,5.631,,,,5.56374,,,,6.528,,,,6.80793,,,,7.1,,,,6.50474,,,,6.404
,,,,5.631,,,,6.33702,,,,6.349,,,,7.14498,,,,7.313,,,,7.98599,,,,6.943,,,,6.30316,,,,4.92432,,,,5.608,,,,5.56374,,,,6.506,,,,6.80793,,,,7.111,,,,6.53942,,,,6.421
,,,,5.614,,,,6.33702,,,,6.382,,,,7.24496,,,,7.346,,,,7.98599,,,,6.931,,,,6.30316,,,,4.89126,,,,5.597,,,,5.56374,,,,6.539,,,,6.80793,,,,7.1,,,,6.50474,,,,6.404
,,,,5.648,,,,6.40395,,,,6.382,,,,7.17804,,,,7.324,,,,7.98599,,,,6.931,,,,6.30316,,,,4.89126,,,,5.62,,,,5.56374,,,,6.517,,,,6.80793,,,,7.1,,,,6.50474,,,,6.404
,,,,5.614,,,,6.33702,,,,6.349,,,,7.14498,,,,7.302,,,,7.95212,,,,6.92,,,,6.30316,,,,4.89126,,,,5.597,,,,5.56374,,,,6.506,,,,6.80793,,,,7.088,,,,6.50474,,,,6.404
,,,,5.614,,,,6.33702,,,,6.371,,,,7.2119,,,,7.324,,,,7.95212,,,,6.92,,,,6.30316,,,,4.89126,,,,5.597,,,,5.56374,,,,6.528,,,,6.80793,,,,7.088,,,,6.50474,,,,6.404
,,,,5.614,,,,6.33702,,,,6.371,,,,7.24496,,,,7.335,,,,7.95212,,,,6.909,,,,6.2701,,,,4.89126,,,,5.586,,,,5.52988,,,,6.528,,,,6.80793,,,,7.088,,,,6.50474,,,,6.387
,,,,5.614,,,,6.33702,,,,6.36,,,,7.2119,,,,7.301,,,,7.91826,,,,6.887,,,,6.2701,,,,4.89126,,,,5.586,,,,5.52988,,,,6.505,,,,6.77406,,,,7.055,,,,6.47168,,,,6.371
,,,,5.597,,,,6.30316,,,,6.326,,,,7.14498,,,,7.279,,,,7.91826,,,,6.887,,,,6.2701,,,,4.89126,,,,5.575,,,,5.52988,,,,6.483,,,,6.77406,,,,7.055,,,,6.47168,,,,6.371
,,,,5.614,,,,6.33702,,,,6.326,,,,7.11111,,,,7.257,,,,7.91826,,,,6.898,,,,6.2701,,,,4.89126,,,,5.586,,,,5.52988,,,,6.461,,,,6.741,,,,7.055,,,,6.50474,,,,6.387
,,,,5.597,,,,6.30316,,,,6.326,,,,7.14498,,,,7.279,,,,7.91826,,,,6.887,,,,6.2701,,,,4.89126,,,,5.575,,,,5.52988,,,,6.483,,,,6.77406,,,,7.055,,,,6.47168,,,,6.371
,,,,5.564,,,,6.23623,,,,6.292,,,,7.14498,,,,7.268,,,,7.8852,,,,6.876,,,,6.2701,,,,4.89126,,,,5.541,,,,5.49601,,,,6.472,,,,6.77406,,,,7.044,,,,6.47168,,,,6.371
,,,,5.614,,,,6.33702,,,,6.36,,,,7.2119,,,,7.279,,,,7.8852,,,,6.864,,,,6.23623,,,,4.89126,,,,5.586,,,,5.52988,,,,6.494,,,,6.741,,,,7.033,,,,6.47168,,,,6.354
,,,,5.597,,,,6.30316,,,,6.337,,,,7.17804,,,,7.279,,,,7.8852,,,,6.876,,,,6.2701,,,,4.89126,,,,5.575,,,,5.52988,,,,6.494,,,,6.77406,,,,7.044,,,,6.47168,,,,6.371
,,,,5.581,,,,6.2701,,,,6.304,,,,7.11111,,,,7.246,,,,7.8852,,,,6.864,,,,6.23623,,,,4.89126,,,,5.564,,,,5.52988,,,,6.461,,,,6.741,,,,7.033,,,,6.47168,,,,6.354
,,,,5.564,,,,6.23623,,,,6.292,,,,7.14498,,,,7.246,,,,7.85133,,,,6.853,,,,6.23623,,,,4.89126,,,,5.541,,,,5.49601,,,,6.461,,,,6.741,,,,7.021,,,,6.47168,,,,6.354
,,,,5.581,,,,6.2701,,,,6.27,,,,7.04338,,,,7.212,,,,7.85133,,,,6.842,,,,6.23623,,,,4.89126,,,,5.552,,,,5.49601,,,,6.427,,,,6.741,,,,7.01,,,,6.43782,,,,6.337
,,,,5.597,,,,6.30316,,,,6.326,,,,7.17804,,,,7.257,,,,7.85133,,,,6.842,,,,6.23623,,,,4.89126,,,,5.563,,,,5.49601,,,,6.472,,,,6.741,,,,7.01,,,,6.43782,,,,6.337
,,,,5.547,,,,6.23623,,,,6.303,,,,7.17804,,,,7.257,,,,7.85133,,,,6.842,,,,6.23623,,,,4.85739,,,,5.53,,,,5.49601,,,,6.472,,,,6.741,,,,7.01,,,,6.43782,,,,6.337
,,,,5.564,,,,6.2701,,,,6.281,,,,7.07724,,,,7.201,,,,7.81746,,,,6.842,,,,6.23623,,,,4.85739,,,,5.541,,,,5.49601,,,,6.427,,,,6.70713,,,,6.999,,,,6.47168,,,,6.354
,,,,5.547,,,,6.23623,,,,6.27,,,,7.07724,,,,7.201,,,,7.81746,,,,6.831,,,,6.20237,,,,4.85739,,,,5.53,,,,5.49601,,,,6.427,,,,6.70713,,,,6.999,,,,6.47168,,,,6.337
,,,,5.581,,,,6.2701,,,,6.304,,,,7.14498,,,,7.223,,,,7.81746,,,,6.831,,,,6.20237,,,,4.89126,,,,5.552,,,,5.49601,,,,6.449,,,,6.70713,,,,6.999,,,,6.47168,,,,6.337
,,,,5.547,,,,6.23623,,,,6.247,,,,7.00951,,,,7.167,,,,7.7836,,,,6.808,,,,6.20237,,,,4.85739,,,,5.53,,,,5.49601,,,,6.404,,,,6.70713,,,,6.976,,,,6.43782,,,,6.32
,,,,5.53,,,,6.20237,,,,6.281,,,,7.14498,,,,7.223,,,,7.81746,,,,6.819,,,,6.20237,,,,4.85739,,,,5.519,,,,5.49601,,,,6.449,,,,6.70713,,,,6.987,,,,6.43782,,,,6.32
,,,,5.547,,,,6.20237,,,,6.236,,,,6.97645,,,,7.156,,,,7.7836,,,,6.797,,,,6.20237,,,,4.89126,,,,5.541,,,,5.52988,,,,6.404,,,,6.70713,,,,6.965,,,,6.40395,,,,6.303
,,,,5.564,,,,6.23623,,,,6.247,,,,7.00951,,,,7.155,,,,7.7836,,,,6.785,,,,6.1685,,,,4.89126,,,,5.541,,,,5.49601,,,,6.393,,,,6.67327,,,,6.954,,,,6.40395,,,,6.286
,,,,5.513,,,,6.1685,,,,6.27,,,,7.14498,,,,7.212,,,,7.7836,,,,6.797,,,,6.20237,,,,4.85739,,,,5.507,,,,5.49601,,,,6.449,,,,6.70713,,,,6.965,,,,6.40395,,,,6.303
,,,,5.53,,,,6.20237,,,,6.247,,,,7.07724,,,,7.167,,,,7.74973,,,,6.797,,,,6.20237,,,,4.85739,,,,5.507,,,,5.46214,,,,6.404,,,,6.67327,,,,6.954,,,,6.43782,,,,6.32
,,,,5.597,,,,6.30316,,,,6.292,,,,7.07724,,,,7.167,,,,7.74973,,,,6.785,,,,6.20237,,,,4.89126,,,,5.563,,,,5.49601,,,,6.416,,,,6.67327,,,,6.942,,,,6.40395,,,,6.303
,,,,5.513,,,,6.1685,,,,6.247,,,,7.07724,,,,7.178,,,,7.74973,,,,6.785,,,,6.1685,,,,4.85739,,,,5.507,,,,5.49601,,,,6.427,,,,6.70713,,,,6.965,,,,6.43782,,,,6.303
,,,,5.513,,,,6.1685,,,,6.236,,,,7.07724,,,,7.156,,,,7.74973,,,,6.785,,,,6.1685,,,,4.85739,,,,5.496,,,,5.46214,,,,6.393,,,,6.64021,,,,6.943,,,,6.43782,,,,6.303
,,,,5.547,,,,6.20237,,,,6.247,,,,7.07724,,,,7.167,,,,7.74973,,,,6.774,,,,6.13544,,,,4.89126,,,,5.519,,,,5.46214,,,,6.404,,,,6.67327,,,,6.954,,,,6.43782,,,,6.287
,,,,5.496,,,,6.13544,,,,6.248,,,,7.11111,,,,7.156,,,,7.71667,,,,6.763,,,,6.1685,,,,4.85739,,,,5.496,,,,5.49601,,,,6.416,,,,6.64021,,,,6.92,,,,6.40395,,,,6.286
,,,,5.496,,,,6.13544,,,,6.214,,,,7.00951,,,,7.122,,,,7.71667,,,,6.763,,,,6.13544,,,,4.85739,,,,5.496,,,,5.49601,,,,6.382,,,,6.64021,,,,6.932,,,,6.43782,,,,6.287
,,,,5.513,,,,6.1685,,,,6.236,,,,7.04338,,,,7.133,,,,7.68281,,,,6.752,,,,6.1685,,,,4.85739,,,,5.507,,,,5.49601,,,,6.404,,,,6.67327,,,,6.92,,,,6.40395,,,,6.286
,,,,5.53,,,,6.20237,,,,6.214,,,,6.97645,,,,7.122,,,,7.71667,,,,6.752,,,,6.1685,,,,4.85739,,,,5.507,,,,5.46214,,,,6.371,,,,6.67327,,,,6.92,,,,6.37089,,,,6.27
,,,,5.479,,,,6.13544,,,,6.202,,,,7.00951,,,,7.122,,,,7.68281,,,,6.741,,,,6.13544,,,,4.82352,,,,5.474,,,,5.46214,,,,6.382,,,,6.67327,,,,6.92,,,,6.40395,,,,6.27
,,,,5.479,,,,6.10157,,,,6.18,,,,6.97645,,,,7.111,,,,7.71667,,,,6.741,,,,6.13544,,,,4.85739,,,,5.474,,,,5.46214,,,,6.36,,,,6.64021,,,,6.909,,,,6.37089,,,,6.253
,,,,5.513,,,,6.1685,,,,6.202,,,,6.97645,,,,7.089,,,,7.68281,,,,6.73,,,,6.13544,,,,4.85739,,,,5.496,,,,5.46214,,,,6.348,,,,6.60634,,,,6.887,,,,6.37089,,,,6.253
,,,,5.479,,,,6.13544,,,,6.202,,,,7.00951,,,,7.111,,,,7.68281,,,,6.73,,,,6.13544,,,,4.82352,,,,5.474,,,,5.46214,,,,6.371,,,,6.64021,,,,6.898,,,,6.37089,,,,6.253
,,,,5.53,,,,6.23623,,,,6.248,,,,7.07724,,,,7.111,,,,7.64894,,,,6.718,,,,6.13544,,,,4.82352,,,,5.496,,,,5.42908,,,,6.371,,,,6.60634,,,,6.875,,,,6.37089,,,,6.253
,,,,5.513,,,,6.1685,,,,6.225,,,,7.04338,,,,7.111,,,,7.64894,,,,6.718,,,,6.13544,,,,4.85739,,,,5.496,,,,5.46214,,,,6.382,,,,6.64021,,,,6.887,,,,6.37089,,,,6.253
,,,,5.513,,,,6.1685,,,,6.169,,,,6.90872,,,,7.066,,,,7.64894,,,,6.718,,,,6.13544,,,,4.85739,,,,5.485,,,,5.42908,,,,6.326,,,,6.64021,,,,6.887,,,,6.37089,,,,6.253
,,,,5.463,,,,6.10157,,,,6.191,,,,7.00951,,,,7.1,,,,7.64894,,,,6.707,,,,6.10157,,,,4.82352,,,,5.462,,,,5.46214,,,,6.371,,,,6.64021,,,,6.887,,,,6.37089,,,,6.236
,,,,5.53,,,,6.20237,,,,6.225,,,,7.00951,,,,7.077,,,,7.61588,,,,6.696,,,,6.10157,,,,4.85739,,,,5.507,,,,5.46214,,,,6.359,,,,6.60634,,,,6.864,,,,6.37089,,,,6.236
,,,,5.479,,,,6.13544,,,,6.169,,,,6.94258,,,,7.066,,,,7.64894,,,,6.707,,,,6.10157,,,,4.82352,,,,5.463,,,,5.42908,,,,6.326,,,,6.60634,,,,6.875,,,,6.37089,,,,6.236
,,,,5.496,,,,6.13544,,,,6.18,,,,6.97645,,,,7.077,,,,7.64894,,,,6.696,,,,6.10157,,,,4.85739,,,,5.474,,,,5.42908,,,,6.337,,,,6.60634,,,,6.864,,,,6.33702,,,,6.219
,,,,5.53,,,,6.20237,,,,6.191,,,,6.90872,,,,7.044,,,,7.61588,,,,6.696,,,,6.10157,,,,4.85739,,,,5.507,,,,5.46214,,,,6.326,,,,6.60634,,,,6.864,,,,6.37089,,,,6.236
,,,,5.53,,,,6.20237,,,,6.202,,,,6.94258,,,,7.066,,,,7.64894,,,,6.707,,,,6.10157,,,,4.85739,,,,5.507,,,,5.46214,,,,6.337,,,,6.60634,,,,6.875,,,,6.37089,,,,6.236
,,,,5.479,,,,6.13544,,,,6.18,,,,6.94258,,,,7.055,,,,7.61588,,,,6.685,,,,6.10157,,,,4.82352,,,,5.474,,,,5.46214,,,,6.337,,,,6.60634,,,,6.853,,,,6.33702,,,,6.219
,,,,5.479,,,,6.13544,,,,6.169,,,,6.94258,,,,7.044,,,,7.61588,,,,6.674,,,,6.10157,,,,4.82352,,,,5.463,,,,5.42908,,,,6.315,,,,6.57248,,,,6.831,,,,6.30316,,,,6.202
,,,,5.446,,,,6.06771,,,,6.158,,,,6.97645,,,,7.055,,,,7.61588,,,,6.674,,,,6.06771,,,,4.82352,,,,5.44,,,,5.42908,,,,6.326,,,,6.57248,,,,6.842,,,,6.33702,,,,6.202
,,,,5.463,,,,6.10157,,,,6.18,,,,7.00951,,,,7.066,,,,7.61588,,,,6.674,,,,6.10157,,,,4.82352,,,,5.451,,,,5.42908,,,,6.337,,,,6.57248,,,,6.831,,,,6.30316,,,,6.202
,,,,5.446,,,,6.06771,,,,6.124,,,,6.87566,,,,7.021,,,,7.61588,,,,6.685,,,,6.10157,,,,4.82352,,,,5.44,,,,5.42908,,,,6.292,,,,6.57248,,,,6.842,,,,6.33702,,,,6.219
,,,,5.446,,,,6.06771,,,,6.124,,,,6.87566,,,,7.01,,,,7.58201,,,,6.651,,,,6.06771,,,,4.82352,,,,5.44,,,,5.42908,,,,6.292,,,,6.57248,,,,6.819,,,,6.30316,,,,6.185
,,,,5.479,,,,6.13544,,,,6.158,,,,6.90872,,,,7.021,,,,7.58201,,,,6.651,,,,6.06771,,,,4.82352,,,,5.463,,,,5.42908,,,,6.303,,,,6.57248,,,,6.819,,,,6.30316,,,,6.185
,,,,5.463,,,,6.10157,,,,6.135,,,,6.87566,,,,6.999,,,,7.54815,,,,6.64,,,,6.06771,,,,4.82352,,,,5.451,,,,5.42908,,,,6.292,,,,6.57248,,,,6.808,,,,6.30316,,,,6.185
,,,,5.429,,,,6.03465,,,,6.124,,,,6.90872,,,,7.01,,,,7.58201,,,,6.674,,,,6.10157,,,,4.82352,,,,5.429,,,,5.42908,,,,6.292,,,,6.53942,,,,6.819,,,,6.33702,,,,6.219
,,,,5.513,,,,6.1685,,,,6.157,,,,6.90872,,,,7.01,,,,7.54815,,,,6.64,,,,6.06771,,,,4.85739,,,,5.474,,,,5.39522,,,,6.292,,,,6.57248,,,,6.808,,,,6.30316,,,,6.185
,,,,5.446,,,,6.06771,,,,6.113,,,,6.87566,,,,6.988,,,,7.54815,,,,6.651,,,,6.10157,,,,4.82352,,,,5.429,,,,5.39522,,,,6.27,,,,6.53942,,,,6.797,,,,6.30316,,,,6.202
,,,,5.463,,,,6.10157,,,,6.135,,,,6.87566,,,,6.988,,,,7.54815,,,,6.64,,,,6.06771,,,,4.82352,,,,5.451,,,,5.42908,,,,6.281,,,,6.53942,,,,6.797,,,,6.30316,,,,6.185
,,,,5.479,,,,6.10157,,,,6.124,,,,6.84179,,,,6.976,,,,7.54815,,,,6.64,,,,6.03465,,,,4.85739,,,,5.463,,,,5.42908,,,,6.27,,,,6.53942,,,,6.808,,,,6.33702,,,,6.186
,,,,5.479,,,,6.13544,,,,6.169,,,,6.94258,,,,7.01,,,,7.54815,,,,6.64,,,,6.06771,,,,4.82352,,,,5.463,,,,5.42908,,,,6.304,,,,6.53942,,,,6.797,,,,6.30316,,,,6.185
,,,,5.446,,,,6.06771,,,,6.124,,,,6.90872,,,,6.999,,,,7.54815,,,,6.629,,,,6.03465,,,,4.82352,,,,5.429,,,,5.39522,,,,6.281,,,,6.53942,,,,6.797,,,,6.30316,,,,6.169
,,,,5.463,,,,6.10157,,,,6.135,,,,6.90872,,,,6.999,,,,7.54815,,,,6.629,,,,6.06771,,,,4.82352,,,,5.44,,,,5.39522,,,,6.281,,,,6.53942,,,,6.786,,,,6.2701,,,,6.169
,,,,5.396,,,,6.00078,,,,6.102,,,,6.90872,,,,6.987,,,,7.51428,,,,6.595,,,,6.03465,,,,4.79046,,,,5.395,,,,5.39522,,,,6.281,,,,6.53942,,,,6.763,,,,6.23623,,,,6.135
,,,,5.429,,,,6.06771,,,,6.124,,,,6.90872,,,,6.987,,,,7.54815,,,,6.629,,,,6.03465,,,,4.79046,,,,5.418,,,,5.39522,,,,6.27,,,,6.50474,,,,6.785,,,,6.30316,,,,6.169
,,,,5.396,,,,6.03465,,,,6.079,,,,6.84179,,,,6.954,,,,7.48122,,,,6.606,,,,6.06771,,,,4.7566,,,,5.384,,,,5.36135,,,,6.248,,,,6.53942,,,,6.764,,,,6.2701,,,,6.169
,,,,5.412,,,,6.06771,,,,6.046,,,,6.741,,,,6.92,,,,7.51428,,,,6.595,,,,6.03465,,,,4.7566,,,,5.384,,,,5.32829,,,,6.191,,,,6.50474,,,,6.752,,,,6.23623,,,,6.135
,,,,5.362,,,,6.00078,,,,6.001,,,,6.741,,,,6.909,,,,7.48122,,,,6.561,,,,6.00078,,,,4.72273,,,,5.328,,,,5.26056,,,,6.169,,,,6.50474,,,,6.729,,,,6.20237,,,,6.102
,,,,5.328,,,,5.96691,,,,5.978,,,,6.77406,,,,6.92,,,,7.51428,,,,6.55,,,,6.00078,,,,4.68887,,,,5.283,,,,5.19363,,,,6.146,,,,6.47168,,,,6.707,,,,6.13544,,,,6.068
,,,,5.328,,,,6.03465,,,,5.956,,,,6.67327,,,,6.864,,,,7.44735,,,,6.528,,,,6.00078,,,,4.62194,,,,5.272,,,,5.15977,,,,6.102,,,,6.47168,,,,6.685,,,,6.13544,,,,6.068
,,,,5.261,,,,5.93386,,,,5.956,,,,6.77406,,,,6.909,,,,7.48122,,,,6.505,,,,5.96691,,,,4.58807,,,,5.227,,,,5.15977,,,,6.135,,,,6.47168,,,,6.674,,,,6.06771,,,,6.017
,,,,5.211,,,,5.89999,,,,5.911,,,,6.741,,,,6.864,,,,7.44735,,,,6.494,,,,5.96691,,,,4.52115,,,,5.171,,,,5.09284,,,,6.079,,,,6.40395,,,,6.64,,,,6.06771,,,,6.017
,,,,5.211,,,,5.93386,,,,5.911,,,,6.741,,,,6.864,,,,7.44735,,,,6.461,,,,5.93386,,,,4.48728,,,,5.16,,,,5.05898,,,,6.068,,,,6.40395,,,,6.617,,,,6.00078,,,,5.967
,,,,5.177,,,,5.93386,,,,5.833,,,,6.60634,,,,6.909,,,,7.51428,,,,6.528,,,,5.96691,,,,4.42035,,,,5.104,,,,4.95818,,,,6.057,,,,6.60634,,,,6.741,,,,6.10157,,,,6.034
,,,,5.143,,,,5.86612,,,,5.822,,,,6.60634,,,,6.797,,,,7.44735,,,,6.506,,,,5.93386,,,,4.42035,,,,5.093,,,,4.99205,,,,5.978,,,,6.33702,,,,6.64,,,,6.13544,,,,6.035
,,,,5.11,,,,5.89999,,,,5.855,,,,6.67327,,,,6.808,,,,7.38043,,,,6.382,,,,5.86612,,,,4.31956,,,,5.071,,,,4.99205,,,,6.012,,,,6.37089,,,,6.55,,,,5.89999,,,,5.883
,,,,5.076,,,,5.83226,,,,5.788,,,,6.57248,,,,6.763,,,,7.38043,,,,6.371,,,,5.86612,,,,4.31956,,,,5.037,,,,4.95818,,,,5.956,,,,6.33702,,,,6.528,,,,5.86612,,,,5.866
,,,,5.042,,,,5.83226,,,,5.776,,,,6.57248,,,,6.741,,,,7.34656,,,,6.337,,,,5.83226,,,,4.25264,,,,5.003,,,,4.92432,,,,5.933,,,,6.30316,,,,6.494,,,,5.83226,,,,5.832
,,,,5.076,,,,5.93386,,,,5.765,,,,6.50474,,,,6.718,,,,7.34656,,,,6.326,,,,5.7992,,,,4.21796,,,,5.003,,,,4.85739,,,,5.888,,,,6.30316,,,,6.494,,,,5.83226,,,,5.816
,,,,4.975,,,,5.7992,,,,5.709,,,,6.47168,,,,6.685,,,,7.31269,,,,6.304,,,,5.7992,,,,4.15104,,,,4.936,,,,4.85739,,,,5.866,,,,6.2701,,,,6.461,,,,5.7992,,,,5.799
,,,,4.941,,,,5.76533,,,,5.687,,,,6.47168,,,,6.674,,,,7.31269,,,,6.292,,,,5.7992,,,,4.11717,,,,4.902,,,,4.82352,,,,5.844,,,,6.23623,,,,6.438,,,,5.76533,,,,5.782
,,,,4.891,,,,5.73146,,,,5.653,,,,6.43782,,,,6.64,,,,7.27883,,,,6.27,,,,5.76533,,,,4.05025,,,,4.857,,,,4.79046,,,,5.81,,,,6.20237,,,,6.416,,,,5.76533,,,,5.765
,,,,4.857,,,,5.6984,,,,5.631,,,,6.43782,,,,6.617,,,,7.24496,,,,6.225,,,,5.73146,,,,4.01638,,,,4.824,,,,4.7566,,,,5.788,,,,6.1685,,,,6.371,,,,5.6984,,,,5.715
,,,,4.807,,,,5.66454,,,,5.597,,,,6.43782,,,,6.617,,,,7.24496,,,,6.203,,,,5.6984,,,,3.94945,,,,4.768,,,,4.68887,,,,5.765,,,,6.1685,,,,6.359,,,,5.66454,,,,5.681
,,,,4.824,,,,5.76533,,,,5.597,,,,6.33702,,,,6.55,,,,7.2119,,,,6.158,,,,5.63067,,,,3.88253,,,,4.779,,,,4.68887,,,,5.709,,,,6.10157,,,,6.315,,,,5.63067,,,,5.631
,,,,4.74,,,,5.63067,,,,5.563,,,,6.43782,,,,6.584,,,,7.2119,,,,6.136,,,,5.59761,,,,3.84866,,,,4.7,,,,4.62194,,,,5.72,,,,6.10157,,,,6.304,,,,5.59761,,,,5.598
,,,,4.74,,,,5.66454,,,,5.552,,,,6.33702,,,,6.528,,,,7.17804,,,,6.135,,,,5.63067,,,,3.81479,,,,4.712,,,,4.65581,,,,5.687,,,,6.06771,,,,6.281,,,,5.59761,,,,5.614
,,,,4.656,,,,5.56374,,,,5.496,,,,6.33702,,,,6.528,,,,7.17804,,,,6.091,,,,5.56374,,,,3.74787,,,,4.633,,,,4.58807,,,,5.664,,,,6.06771,,,,6.259,,,,5.52988,,,,5.547
,,,,4.656,,,,5.59761,,,,5.485,,,,6.30316,,,,6.505,,,,7.17804,,,,6.091,,,,5.56374,,,,3.714,,,,4.622,,,,4.55501,,,,5.631,,,,6.03465,,,,6.248,,,,5.52988,,,,5.547
,,,,4.588,,,,5.52988,,,,5.44,,,,6.2701,,,,6.483,,,,7.17804,,,,6.079,,,,5.56374,,,,3.64707,,,,4.566,,,,4.52115,,,,5.597,,,,6.00078,,,,6.225,,,,5.49601,,,,5.53
,,,,4.605,,,,5.56374,,,,5.418,,,,6.20237,,,,6.449,,,,7.14498,,,,6.046,,,,5.52988,,,,3.64707,,,,4.566,,,,4.48728,,,,5.563,,,,6.00078,,,,6.203,,,,5.46214,,,,5.496
,,,,4.538,,,,5.49601,,,,5.384,,,,6.1685,,,,6.404,,,,7.07724,,,,6.001,,,,5.49601,,,,3.57934,,,,4.521,,,,4.48728,,,,5.541,,,,5.96691,,,,6.158,,,,5.42908,,,,5.463
,,,,4.504,,,,5.46214,,,,5.384,,,,6.23623,,,,6.427,,,,7.07724,,,,5.978,,,,5.46214,,,,3.54628,,,,4.488,,,,4.45422,,,,5.552,,,,5.96691,,,,6.146,,,,5.39522,,,,5.429
,,,,4.47,,,,5.46214,,,,5.328,,,,6.10157,,,,6.348,,,,7.04338,,,,5.967,,,,5.46214,,,,3.47855,,,,4.454,,,,4.42035,,,,5.474,,,,5.89999,,,,6.113,,,,5.39522,,,,5.429
,,,,4.454,,,,5.46214,,,,5.339,,,,6.1685,,,,6.371,,,,7.04338,,,,5.945,,,,5.42908,,,,3.44549,,,,4.431,,,,4.38649,,,,5.485,,,,5.89999,,,,6.102,,,,5.36135,,,,5.395
,,,,4.42,,,,5.42908,,,,5.306,,,,6.13544,,,,6.337,,,,7.00951,,,,5.922,,,,5.42908,,,,3.41162,,,,4.398,,,,4.35343,,,,5.452,,,,5.86612,,,,6.068,,,,5.32829,,,,5.379
,,,,4.353,,,,5.32829,,,,5.261,,,,6.10157,,,,6.326,,,,7.00951,,,,5.9,,,,5.39522,,,,3.37776,,,,4.353,,,,4.35343,,,,5.44,,,,5.86612,,,,6.057,,,,5.29443,,,,5.345
,,,,4.32,,,,5.32829,,,,5.205,,,,6.03465,,,,6.27,,,,6.97645,,,,5.866,,,,5.36135,,,,3.31083,,,,4.297,,,,4.25264,,,,5.362,,,,5.7992,,,,6.012,,,,5.26056,,,,5.311
,,,,4.336,,,,5.36135,,,,5.205,,,,6.00078,,,,6.225,,,,6.90872,,,,5.81,,,,5.29443,,,,3.31083,,,,4.308,,,,4.25264,,,,5.34,,,,5.76533,,,,5.967,,,,5.2275,,,,5.261
,,,,4.218,,,,5.26056,,,,5.126,,,,5.93386,,,,6.203,,,,6.94258,,,,5.933,,,,5.36135,,,,3.17617,,,,4.207,,,,4.1849,,,,5.283,,,,5.73146,,,,6.057,,,,5.49601,,,,5.429
,,,,4.202,,,,5.29443,,,,5.126,,,,5.96691,,,,6.18,,,,6.87566,,,,5.754,,,,5.26056,,,,3.10925,,,,4.174,,,,4.11717,,,,5.261,,,,5.6984,,,,5.9,,,,5.1259,,,,5.193
,,,,4.185,,,,5.26056,,,,5.115,,,,5.96691,,,,6.191,,,,6.87566,,,,5.732,,,,5.2275,,,,3.10925,,,,4.162,,,,4.11717,,,,5.272,,,,5.73146,,,,5.9,,,,5.09284,,,,5.16
,,,,4.135,,,,5.19363,,,,5.048,,,,5.89999,,,,6.135,,,,6.84179,,,,5.721,,,,5.2275,,,,3.07538,,,,4.106,,,,4.05025,,,,5.205,,,,5.66454,,,,5.866,,,,5.09284,,,,5.16
,,,,4.101,,,,5.15977,,,,5.059,,,,5.96691,,,,6.135,,,,6.80793,,,,5.687,,,,5.19363,,,,3.04232,,,,4.084,,,,4.05025,,,,5.216,,,,5.63067,,,,5.833,,,,5.05898,,,,5.126
,,,,4.084,,,,5.15977,,,,5.037,,,,5.89999,,,,6.124,,,,6.84179,,,,5.687,,,,5.15977,,,,3.00845,,,,4.073,,,,4.05025,,,,5.194,,,,5.63067,,,,5.844,,,,5.05898,,,,5.109
,,,,4.084,,,,5.19363,,,,5.037,,,,5.89999,,,,6.091,,,,6.77406,,,,5.642,,,,5.15977,,,,2.97459,,,,4.062,,,,4.01638,,,,5.171,,,,5.59761,,,,5.788,,,,4.99205,,,,5.076
,,,,4.017,,,,5.09284,,,,4.981,,,,5.86612,,,,6.079,,,,6.77406,,,,5.631,,,,5.1259,,,,2.94153,,,,4.006,,,,3.98332,,,,5.149,,,,5.59761,,,,5.788,,,,4.99205,,,,5.059
,,,,4.017,,,,5.09284,,,,4.969,,,,5.86612,,,,6.057,,,,6.741,,,,5.597,,,,5.09284,,,,2.94153,,,,3.995,,,,3.94945,,,,5.126,,,,5.56374,,,,5.754,,,,4.95818,,,,5.026
,,,,3.983,,,,5.05898,,,,4.958,,,,5.86612,,,,6.057,,,,6.741,,,,5.608,,,,5.1259,,,,2.90766,,,,3.972,,,,3.94945,,,,5.126,,,,5.56374,,,,5.754,,,,4.95818,,,,5.042
,,,,3.95,,,,5.05898,,,,4.913,,,,5.76533,,,,6.001,,,,6.70713,,,,5.586,,,,5.09284,,,,2.84073,,,,3.938,,,,3.91559,,,,5.07,,,,5.52988,,,,5.732,,,,4.95818,,,,5.026
,,,,3.95,,,,5.05898,,,,4.925,,,,5.7992,,,,6.012,,,,6.70713,,,,5.552,,,,5.02511,,,,2.84073,,,,3.938,,,,3.91559,,,,5.082,,,,5.52988,,,,5.72,,,,4.92432,,,,4.975
,,,,3.883,,,,4.92432,,,,4.846,,,,5.73146,,,,5.967,,,,6.67327,,,,5.53,,,,5.02511,,,,2.84073,,,,3.883,,,,3.88253,,,,5.037,,,,5.49601,,,,5.687,,,,4.89126,,,,4.958
,,,,3.883,,,,4.99205,,,,4.857,,,,5.73146,,,,5.956,,,,6.67327,,,,5.519,,,,5.02511,,,,2.773,,,,3.871,,,,3.84866,,,,5.014,,,,5.46214,,,,5.664,,,,4.85739,,,,4.941
,,,,3.866,,,,4.95818,,,,4.824,,,,5.6984,,,,5.923,,,,6.64021,,,,5.485,,,,4.99205,,,,2.773,,,,3.849,,,,3.81479,,,,4.981,,,,5.42908,,,,5.631,,,,4.82352,,,,4.908
,,,,3.832,,,,4.95818,,,,4.813,,,,5.6984,,,,5.911,,,,6.60634,,,,5.452,,,,4.95818,,,,2.70608,,,,3.815,,,,3.78173,,,,4.97,,,,5.42908,,,,5.609,,,,4.79046,,,,4.874
,,,,3.832,,,,4.95818,,,,4.79,,,,5.66454,,,,5.889,,,,6.60634,,,,5.44,,,,4.92432,,,,2.70608,,,,3.804,,,,3.74787,,,,4.936,,,,5.39522,,,,5.597,,,,4.79046,,,,4.857
,,,,3.782,,,,4.95818,,,,4.768,,,,5.66454,,,,5.9,,,,6.67327,,,,5.485,,,,4.89126,,,,2.60528,,,,3.748,,,,3.68094,,,,4.902,,,,5.36135,,,,5.642,,,,4.89126,,,,4.891
,,,,3.714,,,,4.82352,,,,4.723,,,,5.66454,,,,5.866,,,,6.57248,,,,5.395,,,,4.89126,,,,2.60528,,,,3.703,,,,3.68094,,,,4.902,,,,5.36135,,,,5.552,,,,4.72273,,,,4.807
,,,,3.731,,,,4.85739,,,,4.678,,,,5.52988,,,,5.81,,,,6.57248,,,,5.395,,,,4.89126,,,,2.60528,,,,3.703,,,,3.64707,,,,4.835,,,,5.32829,,,,5.541,,,,4.72273,,,,4.807
,,,,3.697,,,,4.82352,,,,4.7,,,,5.63067,,,,5.821,,,,6.50474,,,,5.339,,,,4.85739,,,,2.57142,,,,3.681,,,,3.64707,,,,4.869,,,,5.32829,,,,5.496,,,,4.65581,,,,4.757
,,,,3.681,,,,4.82352,,,,4.689,,,,5.59761,,,,5.822,,,,6.53942,,,,5.362,,,,4.85739,,,,2.53755,,,,3.669,,,,3.64707,,,,4.858,,,,5.32829,,,,5.519,,,,4.68887,,,,4.773
,,,,3.647,,,,4.7566,,,,4.645,,,,5.56374,,,,5.788,,,,6.50474,,,,5.328,,,,4.82352,,,,2.53755,,,,3.636,,,,3.61321,,,,4.824,,,,5.29443,,,,5.485,,,,4.65581,,,,4.74
,,,,3.664,,,,4.82352,,,,4.678,,,,5.59761,,,,5.799,,,,6.50474,,,,5.317,,,,4.79046,,,,2.50449,,,,3.647,,,,3.61321,,,,4.835,,,,5.29443,,,,5.485,,,,4.65581,,,,4.723
,,,,3.631,,,,4.79046,,,,4.645,,,,5.56374,,,,5.743,,,,6.43782,,,,5.283,,,,4.79046,,,,2.47062,,,,3.613,,,,3.57934,,,,4.79,,,,5.2275,,,,5.429,,,,4.62194,,,,4.706
,,,,3.58,,,,4.65581,,,,4.588,,,,5.52988,,,,5.743,,,,6.47168,,,,5.272,,,,4.7566,,,,2.50449,,,,3.58,,,,3.57934,,,,4.779,,,,5.2275,,,,5.429,,,,4.58807,,,,4.672
,,,,3.614,,,,4.7566,,,,4.6,,,,5.49601,,,,5.709,,,,6.43782,,,,5.261,,,,4.7566,,,,2.47062,,,,3.591,,,,3.54628,,,,4.745,,,,5.19363,,,,5.407,,,,4.58807,,,,4.672
,,,,3.58,,,,4.72273,,,,4.588,,,,5.52988,,,,5.72,,,,6.43782,,,,5.239,,,,4.72273,,,,2.43676,,,,3.557,,,,3.51242,,,,4.745,,,,5.19363,,,,5.395,,,,4.55501,,,,4.639
,,,,3.563,,,,4.72273,,,,4.566,,,,5.46214,,,,5.675,,,,6.40395,,,,5.216,,,,4.68887,,,,2.4037,,,,3.546,,,,3.51242,,,,4.711,,,,5.15977,,,,5.373,,,,4.55501,,,,4.622
,,,,3.53,,,,4.65581,,,,4.521,,,,5.42908,,,,5.653,,,,6.40395,,,,5.205,,,,4.68887,,,,2.4037,,,,3.513,,,,3.47855,,,,4.678,,,,5.1259,,,,5.35,,,,4.52115,,,,4.605
,,,,3.546,,,,4.72273,,,,4.543,,,,5.42908,,,,5.653,,,,6.37089,,,,5.171,,,,4.65581,,,,2.36983,,,,3.524,,,,3.47855,,,,4.689,,,,5.15977,,,,5.339,,,,4.48728,,,,4.572
,,,,3.496,,,,4.65581,,,,4.499,,,,5.39522,,,,5.62,,,,6.37089,,,,5.16,,,,4.65581,,,,2.33597,,,,3.479,,,,3.44549,,,,4.645,,,,5.09284,,,,5.306,,,,4.45422,,,,4.555
,,,,3.462,,,,4.62194,,,,4.488,,,,5.42908,,,,5.62,,,,6.33702,,,,5.115,,,,4.58807,,,,2.30291,,,,3.445,,,,3.41162,,,,4.645,,,,5.09284,,,,5.283,,,,4.42035,,,,4.504
,,,,3.412,,,,4.55501,,,,4.443,,,,5.39522,,,,5.586,,,,6.30316,,,,5.104,,,,4.58807,,,,2.26904,,,,3.401,,,,3.37776,,,,4.611,,,,5.05898,,,,5.261,,,,4.42035,,,,4.504
,,,,3.429,,,,4.58807,,,,4.443,,,,5.39522,,,,5.574,,,,6.30316,,,,5.082,,,,4.52115,,,,2.26904,,,,3.401,,,,3.3447,,,,4.588,,,,5.02511,,,,5.25,,,,4.42035,,,,4.471
,,,,3.445,,,,4.62194,,,,4.431,,,,5.36135,,,,5.552,,,,6.2701,,,,5.071,,,,4.55501,,,,2.26904,,,,3.401,,,,3.31083,,,,4.566,,,,5.02511,,,,5.227,,,,4.38649,,,,4.471
,,,,3.395,,,,4.58807,,,,4.409,,,,5.32829,,,,5.541,,,,6.2701,,,,5.048,,,,4.52115,,,,2.20211,,,,3.367,,,,3.31083,,,,4.555,,,,5.02511,,,,5.216,,,,4.35343,,,,4.437
,,,,3.362,,,,4.52115,,,,4.375,,,,5.29443,,,,5.508,,,,6.23623,,,,5.037,,,,4.52115,,,,2.20211,,,,3.345,,,,3.31083,,,,4.532,,,,4.99205,,,,5.194,,,,4.35343,,,,4.437
,,,,3.345,,,,4.52115,,,,4.331,,,,5.2275,,,,5.485,,,,6.23623,,,,5.026,,,,4.48728,,,,2.16825,,,,3.311,,,,3.24391,,,,4.488,,,,4.99205,,,,5.194,,,,4.35343,,,,4.42
,,,,3.378,,,,4.58807,,,,4.375,,,,5.26056,,,,5.496,,,,6.2701,,,,5.015,,,,4.45422,,,,2.16825,,,,3.344,,,,3.27697,,,,4.499,,,,4.95818,,,,5.183,,,,4.31956,,,,4.387
,,,,3.328,,,,4.52115,,,,4.353,,,,5.29443,,,,5.485,,,,6.20237,,,,4.992,,,,4.45422,,,,2.13438,,,,3.3,,,,3.24391,,,,4.499,,,,4.95818,,,,5.16,,,,4.31956,,,,4.387
,,,,3.311,,,,4.52115,,,,4.308,,,,5.19363,,,,5.44,,,,6.20237,,,,4.981,,,,4.45422,,,,2.10132,,,,3.278,,,,3.21004,,,,4.443,,,,4.92432,,,,5.137,,,,4.2857,,,,4.37
,,,,3.261,,,,4.45422,,,,4.286,,,,5.19363,,,,5.429,,,,6.1685,,,,4.958,,,,4.42035,,,,2.06746,,,,3.244,,,,3.21004,,,,4.443,,,,4.92432,,,,5.126,,,,4.2857,,,,4.353
,,,,3.244,,,,4.42035,,,,4.297,,,,5.29443,,,,5.451,,,,6.1685,,,,4.936,,,,4.38649,,,,2.06746,,,,3.221,,,,3.17617,,,,4.454,,,,4.89126,,,,5.104,,,,4.25264,,,,4.32
,,,,3.261,,,,4.45422,,,,4.286,,,,5.2275,,,,5.418,,,,6.13544,,,,4.936,,,,4.42035,,,,2.06746,,,,3.233,,,,3.17617,,,,4.432,,,,4.89126,,,,5.093,,,,4.25264,,,,4.336
,,,,3.244,,,,4.42035,,,,4.241,,,,5.15977,,,,5.395,,,,6.13544,,,,4.902,,,,4.35343,,,,2.06746,,,,3.21,,,,3.14311,,,,4.398,,,,4.89126,,,,5.082,,,,4.21796,,,,4.286
,,,,3.227,,,,4.42035,,,,4.252,,,,5.19363,,,,5.395,,,,6.13544,,,,4.902,,,,4.35343,,,,2.03359,,,,3.199,,,,3.14311,,,,4.398,,,,4.85739,,,,5.07,,,,4.21796,,,,4.286
,,,,3.21,,,,4.38649,,,,4.207,,,,5.09284,,,,5.339,,,,6.10157,,,,4.88,,,,4.31956,,,,2.03359,,,,3.188,,,,3.14311,,,,4.353,,,,4.82352,,,,5.048,,,,4.21796,,,,4.269
,,,,3.21,,,,4.42035,,,,4.23,,,,5.15977,,,,5.362,,,,6.10157,,,,4.857,,,,4.2857,,,,2.00053,,,,3.177,,,,3.10925,,,,4.364,,,,4.82352,,,,5.037,,,,4.1849,,,,4.235
,,,,3.21,,,,4.42035,,,,4.218,,,,5.1259,,,,5.339,,,,6.06771,,,,4.846,,,,4.2857,,,,2.00053,,,,3.177,,,,3.10925,,,,4.353,,,,4.82352,,,,5.025,,,,4.1849,,,,4.235
,,,,3.16,,,,4.35343,,,,4.163,,,,5.05898,,,,5.306,,,,6.06771,,,,4.835,,,,4.2857,,,,1.96666,,,,3.132,,,,3.07538,,,,4.308,,,,4.79046,,,,5.003,,,,4.15104,,,,4.218
,,,,3.177,,,,4.35343,,,,4.14,,,,5.09284,,,,5.351,,,,6.03465,,,,4.869,,,,4.25264,,,,2.00053,,,,3.11,,,,2.97459,,,,4.331,,,,4.92432,,,,5.093,,,,4.31956,,,,4.286
,,,,3.143,,,,4.35343,,,,4.152,,,,5.09284,,,,5.306,,,,6.03465,,,,4.79,,,,4.21796,,,,1.9328,,,,3.098,,,,3.00845,,,,4.297,,,,4.79046,,,,4.981,,,,4.11717,,,,4.168
,,,,3.11,,,,4.31956,,,,4.118,,,,5.02511,,,,5.261,,,,6.00078,,,,4.779,,,,4.21796,,,,1.89974,,,,3.076,,,,3.00845,,,,4.263,,,,4.7566,,,,4.958,,,,4.11717,,,,4.168
,,,,3.093,,,,4.2857,,,,4.084,,,,4.95818,,,,5.239,,,,6.00078,,,,4.779,,,,4.21796,,,,1.89974,,,,3.065,,,,3.00845,,,,4.241,,,,4.7566,,,,4.958,,,,4.11717,,,,4.168
,,,,3.042,,,,4.1849,,,,4.073,,,,5.02511,,,,5.261,,,,6.00078,,,,4.757,,,,4.1849,,,,1.89974,,,,3.031,,,,3.00845,,,,4.263,,,,4.7566,,,,4.947,,,,4.08411,,,,4.135
,,,,3.059,,,,4.25264,,,,4.084,,,,5.05898,,,,5.25,,,,5.96691,,,,4.734,,,,4.1849,,,,1.86587,,,,3.02,,,,2.94153,,,,4.241,,,,4.72273,,,,4.913,,,,4.05025,,,,4.118
,,,,3.076,,,,4.31956,,,,4.106,,,,5.02511,,,,5.227,,,,5.96691,,,,4.734,,,,4.1849,,,,1.832,,,,3.042,,,,2.97459,,,,4.23,,,,4.68887,,,,4.902,,,,4.05025,,,,4.118
,,,,3.059,,,,4.2857,,,,4.062,,,,4.95818,,,,5.194,,,,5.93386,,,,4.7,,,,4.15104,,,,1.832,,,,3.02,,,,2.94153,,,,4.196,,,,4.68887,,,,4.88,,,,4.01638,,,,4.084
,,,,3.008,,,,4.21796,,,,4.062,,,,5.02511,,,,5.205,,,,5.93386,,,,4.678,,,,4.11717,,,,1.79894,,,,2.986,,,,2.94153,,,,4.207,,,,4.65581,,,,4.858,,,,3.98332,,,,4.05
,,,,3.008,,,,4.21796,,,,4.039,,,,4.99205,,,,5.183,,,,5.89999,,,,4.667,,,,4.11717,,,,1.79894,,,,2.975,,,,2.90766,,,,4.185,,,,4.65581,,,,4.846,,,,3.98332,,,,4.05
,,,,3.076,,,,4.35343,,,,4.084,,,,4.99205,,,,5.171,,,,5.89999,,,,4.656,,,,4.08411,,,,1.79894,,,,3.02,,,,2.90766,,,,4.174,,,,4.62194,,,,4.835,,,,3.98332,,,,4.034
,,,,2.975,,,,4.1849,,,,4.006,,,,4.92432,,,,5.149,,,,5.89999,,,,4.645,,,,4.08411,,,,1.76588,,,,2.953,,,,2.90766,,,,4.151,,,,4.62194,,,,4.824,,,,3.94945,,,,4.017
,,,,2.958,,,,4.15104,,,,3.961,,,,4.85739,,,,5.104,,,,5.86612,,,,4.622,,,,4.05025,,,,1.76588,,,,2.93,,,,2.87379,,,,4.106,,,,4.58807,,,,4.801,,,,3.94945,,,,4.0
,,,,2.925,,,,4.08411,,,,3.961,,,,4.92432,,,,5.126,,,,5.86612,,,,4.611,,,,4.05025,,,,1.76588,,,,2.908,,,,2.87379,,,,4.129,,,,4.58807,,,,4.79,,,,3.91559,,,,3.983
,,,,2.925,,,,4.11717,,,,3.938,,,,4.85739,,,,5.104,,,,5.86612,,,,4.599,,,,4.01638,,,,1.73202,,,,2.897,,,,2.84073,,,,4.095,,,,4.58807,,,,4.79,,,,3.91559,,,,3.966
,,,,2.891,,,,4.08411,,,,3.916,,,,4.82352,,,,5.081,,,,5.83226,,,,4.588,,,,4.01638,,,,1.69815,,,,2.874,,,,2.84073,,,,4.084,,,,4.58807,,,,4.779,,,,3.91559,,,,3.966
,,,,2.874,,,,4.05025,,,,3.938,,,,4.92432,,,,5.104,,,,5.83226,,,,4.566,,,,4.01638,,,,1.69815,,,,2.863,,,,2.84073,,,,4.107,,,,4.55501,,,,4.745,,,,3.84866,,,,3.933
,,,,2.84,,,,4.01638,,,,3.894,,,,4.85739,,,,5.059,,,,5.7992,,,,4.544,,,,3.98332,,,,1.66429,,,,2.829,,,,2.80687,,,,4.062,,,,4.52115,,,,4.723,,,,3.84866,,,,3.916
,,,,2.891,,,,4.11717,,,,3.938,,,,4.89126,,,,5.059,,,,5.7992,,,,4.544,,,,3.98332,,,,1.66429,,,,2.863,,,,2.80687,,,,4.062,,,,4.48728,,,,4.712,,,,3.84866,,,,3.916
,,,,2.874,,,,4.08411,,,,3.905,,,,4.82352,,,,5.037,,,,5.7992,,,,4.532,,,,3.94945,,,,1.66429,,,,2.852,,,,2.80687,,,,4.039,,,,4.48728,,,,4.712,,,,3.84866,,,,3.899
,,,,2.857,,,,4.05025,,,,3.882,,,,4.82352,,,,5.025,,,,5.76533,,,,4.51,,,,3.94945,,,,1.66429,,,,2.829,,,,2.773,,,,4.028,,,,4.48728,,,,4.689,,,,3.81479,,,,3.882
,,,,2.823,,,,4.01638,,,,3.871,,,,4.85739,,,,5.025,,,,5.73146,,,,4.499,,,,3.94945,,,,1.63042,,,,2.796,,,,2.73994,,,,4.028,,,,4.48728,,,,4.678,,,,3.81479,,,,3.882
,,,,2.84,,,,4.05025,,,,3.871,,,,4.82352,,,,5.014,,,,5.73146,,,,4.476,,,,3.91559,,,,1.63042,,,,2.807,,,,2.73994,,,,4.017,,,,4.48728,,,,4.667,,,,3.78173,,,,3.849
,,,,2.791,,,,3.98332,,,,3.827,,,,4.7566,,,,4.992,,,,5.76533,,,,4.477,,,,3.88253,,,,1.59817,,,,2.774,,,,2.73994,,,,3.984,,,,4.45422,,,,4.667,,,,3.78173,,,,3.832
,,,,2.791,,,,3.98332,,,,3.849,,,,4.82352,,,,4.981,,,,5.6984,,,,4.443,,,,3.84866,,,,1.59817,,,,2.774,,,,2.73994,,,,3.995,,,,4.42035,,,,4.633,,,,3.78173,,,,3.815
,,,,2.757,,,,3.91559,,,,3.804,,,,4.79046,,,,4.97,,,,5.6984,,,,4.42,,,,3.84866,,,,1.59817,,,,2.74,,,,2.70608,,,,3.972,,,,4.42035,,,,4.611,,,,3.714,,,,3.781
,,,,2.757,,,,3.94945,,,,3.793,,,,4.7566,,,,4.958,,,,5.6984,,,,4.432,,,,3.84866,,,,1.5643,,,,2.729,,,,2.67221,,,,3.95,,,,4.42035,,,,4.622,,,,3.74787,,,,3.798
,,,,2.74,,,,3.94945,,,,3.793,,,,4.7566,,,,4.936,,,,5.66454,,,,4.409,,,,3.84866,,,,1.53043,,,,2.717,,,,2.67221,,,,3.938,,,,4.38649,,,,4.588,,,,3.714,,,,3.781
,,,,2.723,,,,3.91559,,,,3.77,,,,4.72273,,,,4.925,,,,5.66454,,,,4.398,,,,3.81479,,,,1.53043,,,,2.706,,,,2.67221,,,,3.927,,,,4.38649,,,,4.588,,,,3.714,,,,3.764
,,,,2.723,,,,3.91559,,,,3.737,,,,4.65581,,,,4.891,,,,5.63067,,,,4.375,,,,3.81479,,,,1.53043,,,,2.695,,,,2.63915,,,,3.894,,,,4.38649,,,,4.566,,,,3.68094,,,,3.748
,,,,2.706,,,,3.91559,,,,3.748,,,,4.65581,,,,4.869,,,,5.63067,,,,4.364,,,,3.78173,,,,1.49657,,,,2.695,,,,2.67221,,,,3.883,,,,4.31956,,,,4.544,,,,3.68094,,,,3.731
,,,,2.706,,,,3.88253,,,,3.715,,,,4.62194,,,,4.857,,,,5.63067,,,,4.375,,,,3.81479,,,,1.53043,,,,2.684,,,,2.63915,,,,3.86,,,,4.31956,,,,4.544,,,,3.68094,,,,3.748
,,,,2.673,,,,3.84866,,,,3.692,,,,4.62194,,,,4.846,,,,5.59761,,,,4.353,,,,3.78173,,,,1.49657,,,,2.65,,,,2.60528,,,,3.849,,,,4.31956,,,,4.533,,,,3.68094,,,,3.731
,,,,2.723,,,,3.98332,,,,3.77,,,,4.68887,,,,4.869,,,,5.59761,,,,4.353,,,,3.78173,,,,1.4627,,,,2.695,,,,2.63915,,,,3.883,,,,4.31956,,,,4.533,,,,3.68094,,,,3.731
,,,,2.673,,,,3.88253,,,,3.681,,,,4.58807,,,,4.835,,,,5.59761,,,,4.342,,,,3.74787,,,,1.4627,,,,2.639,,,,2.57142,,,,3.826,,,,4.31956,,,,4.533,,,,3.68094,,,,3.714
,,,,2.639,,,,3.84866,,,,3.692,,,,4.62194,,,,4.835,,,,5.56374,,,,4.308,,,,3.714,,,,1.42883,,,,2.628,,,,2.60528,,,,3.849,,,,4.31956,,,,4.51,,,,3.64707,,,,3.681
,,,,2.605,,,,3.78173,,,,3.647,,,,4.58807,,,,4.801,,,,5.52988,,,,4.275,,,,3.68094,,,,1.42883,,,,2.594,,,,2.57142,,,,3.815,,,,4.2857,,,,4.476,,,,3.61321,,,,3.647
,,,,2.623,,,,3.84866,,,,3.625,,,,4.52115,,,,4.79,,,,5.56374,,,,4.275,,,,3.68094,,,,1.39658,,,,2.583,,,,2.50449,,,,3.77,,,,4.2857,,,,4.476,,,,3.57934,,,,3.63
,,,,2.572,,,,3.78173,,,,3.613,,,,4.58807,,,,4.801,,,,5.56374,,,,4.275,,,,3.68094,,,,1.36271,,,,2.538,,,,2.47062,,,,3.77,,,,4.25264,,,,4.465,,,,3.57934,,,,3.63
,,,,2.538,,,,3.78173,,,,3.569,,,,4.52115,,,,4.756,,,,5.52988,,,,4.252,,,,3.68094,,,,1.29498,,,,2.493,,,,2.4037,,,,3.714,,,,4.21796,,,,4.431,,,,3.54628,,,,3.614
,,,,2.504,,,,3.78173,,,,3.524,,,,4.45422,,,,4.734,,,,5.52988,,,,4.23,,,,3.64707,,,,1.22725,,,,2.448,,,,2.33597,,,,3.669,,,,4.21796,,,,4.42,,,,3.51242,,,,3.58
,,,,2.454,,,,3.74787,,,,3.524,,,,4.55501,,,,4.745,,,,5.49601,,,,4.185,,,,3.61321,,,,1.16113,,,,2.393,,,,2.26904,,,,3.67,,,,4.1849,,,,4.375,,,,3.44549,,,,3.529
,,,,2.37,,,,3.64707,,,,3.434,,,,4.42035,,,,4.678,,,,5.46214,,,,4.151,,,,3.57934,,,,1.0934,,,,2.325,,,,2.23517,,,,3.602,,,,4.15104,,,,4.342,,,,3.41162,,,,3.495
,,,,2.319,,,,3.57934,,,,3.401,,,,4.45422,,,,4.678,,,,5.46214,,,,4.118,,,,3.54628,,,,1.05953,,,,2.269,,,,2.16825,,,,3.58,,,,4.11717,,,,4.308,,,,3.3447,,,,3.445
,,,,2.32,,,,3.64707,,,,3.412,,,,4.42035,,,,4.645,,,,5.42908,,,,4.095,,,,3.54628,,,,0.993411,,,,2.27,,,,2.16825,,,,3.558,,,,4.08411,,,,4.275,,,,3.31083,,,,3.429
,,,,2.32,,,,3.714,,,,3.401,,,,4.35343,,,,4.611,,,,5.42908,,,,4.084,,,,3.51242,,,,0.925678,,,,2.258,,,,2.13438,,,,3.513,,,,4.05025,,,,4.263,,,,3.31083,,,,3.412
,,,,2.219,,,,3.54628,,,,3.311,,,,4.31956,,,,4.588,,,,5.39522,,,,4.017,,,,3.41162,,,,0.891812,,,,2.169,,,,2.06746,,,,3.479,,,,4.05025,,,,4.23,,,,3.24391,,,,3.328
,,,,2.236,,,,3.61321,,,,3.311,,,,4.2857,,,,4.543,,,,5.36135,,,,3.994,,,,3.41162,,,,0.857945,,,,2.168,,,,2.03359,,,,3.434,,,,3.98332,,,,4.185,,,,3.21004,,,,3.311
,,,,2.085,,,,3.44549,,,,3.21,,,,4.25264,,,,4.521,,,,5.36135,,,,3.961,,,,3.37776,,,,0.724093,,,,2.034,,,,1.9328,,,,3.378,,,,3.94945,,,,4.151,,,,3.14311,,,,3.26
,,,,2.067,,,,3.47855,,,,3.221,,,,4.2857,,,,4.487,,,,5.26056,,,,3.894,,,,3.3447,,,,0.656361,,,,2.012,,,,1.89974,,,,3.367,,,,3.91559,,,,4.084,,,,3.07538,,,,3.21
,,,,2.034,,,,3.44549,,,,3.176,,,,4.21796,,,,4.454,,,,5.26056,,,,3.871,,,,3.31083,,,,0.622494,,,,1.978,,,,1.86587,,,,3.322,,,,3.88253,,,,4.062,,,,3.04232,,,,3.177
,,,,2.001,,,,3.44549,,,,3.121,,,,4.11717,,,,4.409,,,,5.26056,,,,3.849,,,,3.27697,,,,0.556374,,,,1.934,,,,1.79894,,,,3.255,,,,3.84866,,,,4.039,,,,3.00845,,,,3.143
,,,,1.968,,,,3.44549,,,,3.11,,,,4.11717,,,,4.386,,,,5.2275,,,,3.815,,,,3.24391,,,,0.490255,,,,1.901,,,,1.76588,,,,3.233,,,,3.81479,,,,4.006,,,,2.97459,,,,3.109
,,,,1.884,,,,3.3447,,,,3.031,,,,4.05025,,,,4.342,,,,5.19363,,,,3.782,,,,3.21004,,,,0.422522,,,,1.822,,,,1.69815,,,,3.177,,,,3.78173,,,,3.972,,,,2.94153,,,,3.076
,,,,1.866,,,,3.37776,,,,3.042,,,,4.08411,,,,4.331,,,,5.15977,,,,3.737,,,,3.17617,,,,0.354789,,,,1.799,,,,1.66429,,,,3.165,,,,3.74787,,,,3.927,,,,2.87379,,,,3.025
,,,,1.849,,,,3.37776,,,,2.997,,,,3.94945,,,,4.274,,,,5.15977,,,,3.726,,,,3.14311,,,,0.320923,,,,1.788,,,,1.66429,,,,3.109,,,,3.714,,,,3.916,,,,2.87379,,,,3.008
,,,,1.715,,,,3.24391,,,,2.919,,,,3.94945,,,,4.23,,,,5.09284,,,,3.636,,,,3.04232,,,,0.187071,,,,1.665,,,,1.5643,,,,3.054,,,,3.64707,,,,3.838,,,,2.773,,,,2.908
,,,,1.665,,,,3.21004,,,,2.874,,,,3.88253,,,,4.196,,,,5.09284,,,,3.625,,,,3.04232,,,,0.120951,,,,1.62,,,,1.53043,,,,3.009,,,,3.61321,,,,3.815,,,,2.73994,,,,2.891
,,,,1.665,,,,3.27697,,,,2.896,,,,3.91559,,,,4.185,,,,5.05898,,,,3.591,,,,3.00845,,,,0.0532184,,,,1.609,,,,1.49657,,,,2.997,,,,3.57934,,,,3.781,,,,2.70608,,,,2.857
,,,,1.563,,,,3.14311,,,,2.84,,,,3.91559,,,,4.162,,,,5.02511,,,,3.546,,,,2.97459,,,,-0.0166559,,,,1.53,,,,1.4627,,,,2.975,,,,3.54628,,,,3.737,,,,2.63915,,,,2.807
,,,,1.513,,,,3.10925,,,,2.751,,,,3.714,,,,4.062,,,,4.99205,,,,3.513,,,,2.94153,,,,-0.0838943,,,,1.485,,,,1.42883,,,,2.874,,,,3.47855,,,,3.692,,,,2.60528,,,,2.773
,,,,1.462,,,,3.04232,,,,2.751,,,,3.81479,,,,4.095,,,,4.99205,,,,3.479,,,,2.87379,,,,-0.117473,,,,1.44,,,,1.39658,,,,2.897,,,,3.47855,,,,3.681,,,,2.57142,,,,2.723
,,,,1.277,,,,2.97459,,,,2.594,,,,3.64707,,,,3.927,,,,4.89126,,,,3.333,,,,2.67221,,,,-0.419626,,,,1.239,,,,1.16113,,,,2.684,,,,3.24391,,,,3.524,,,,2.43676,,,,2.554
,,,,1.277,,,,2.97459,,,,2.572,,,,3.57934,,,,3.927,,,,4.89126,,,,3.322,,,,2.73994,,,,-0.419626,,,,1.239,,,,1.16113,,,,2.684,,,,3.31083,,,,3.513,,,,2.33597,,,,2.538
,,,,1.21,,,,2.90766,,,,2.527,,,,3.54628,,,,3.894,,,,4.85739,,,,3.278,,,,2.67221,,,,-0.486782,,,,1.183,,,,1.12726,,,,2.65,,,,3.27697,,,,3.479,,,,2.30291,,,,2.488
,,,,1.16,,,,2.84073,,,,2.482,,,,3.51242,,,,3.871,,,,4.82352,,,,3.255,,,,2.67221,,,,-0.520283,,,,1.138,,,,1.0934,,,,2.628,,,,3.27697,,,,3.457,,,,2.26904,,,,2.471
,,,,1.127,,,,2.84073,,,,2.471,,,,3.54628,,,,3.849,,,,4.79046,,,,3.21,,,,2.60528,,,,-0.58752,,,,1.093,,,,1.02566,,,,2.594,,,,3.21004,,,,3.412,,,,2.23517,,,,2.42
,,,,1.043,,,,2.73994,,,,2.437,,,,3.54628,,,,3.838,,,,4.79046,,,,3.199,,,,2.57142,,,,-0.654667,,,,1.037,,,,1.02566,,,,2.583,,,,3.17617,,,,3.401,,,,2.23517,,,,2.403
,,,,1.076,,,,2.84073,,,,2.426,,,,3.41162,,,,3.77,,,,4.72273,,,,3.154,,,,2.53755,,,,-0.688109,,,,1.059,,,,1.02566,,,,2.538,,,,3.17617,,,,3.367,,,,2.20211,,,,2.37
,,,,1.026,,,,2.773,,,,2.37,,,,3.37776,,,,3.748,,,,4.72273,,,,3.132,,,,2.50449,,,,-0.721756,,,,1.004,,,,0.959544,,,,2.493,,,,3.14311,,,,3.345,,,,2.16825,,,,2.336
,,,,0.958,,,,2.67221,,,,2.314,,,,3.3447,,,,3.714,,,,4.68887,,,,3.109,,,,2.50449,,,,-0.75533,,,,0.948,,,,0.925678,,,,2.46,,,,3.10925,,,,3.311,,,,2.13438,,,,2.319
,,,,0.79,,,,2.53755,,,,2.191,,,,3.27697,,,,3.714,,,,4.65581,,,,3.031,,,,2.36983,,,,-0.956779,,,,0.78,,,,0.757959,,,,2.415,,,,3.21004,,,,3.311,,,,2.06746,,,,2.219
,,,,0.74,,,,2.47062,,,,2.146,,,,3.24391,,,,3.569,,,,4.52115,,,,2.919,,,,2.30291,,,,-0.990355,,,,0.735,,,,0.724093,,,,2.303,,,,2.94153,,,,3.132,,,,1.9328,,,,2.118
,,,,0.707,,,,2.50449,,,,2.124,,,,3.17617,,,,3.512,,,,4.48728,,,,2.885,,,,2.26904,,,,-1.09101,,,,0.701,,,,0.690227,,,,2.247,,,,2.87379,,,,3.087,,,,1.89974,,,,2.084
,,,,0.623,,,,2.36983,,,,2.034,,,,3.10925,,,,3.445,,,,4.42035,,,,2.807,,,,2.16825,,,,-1.12458,,,,0.623,,,,0.622494,,,,2.18,,,,2.80687,,,,3.02,,,,1.832,,,,2.0
,,,,0.606,,,,2.4037,,,,2.034,,,,3.10925,,,,3.434,,,,4.42035,,,,2.807,,,,2.16825,,,,-1.19165,,,,0.601,,,,0.590241,,,,2.157,,,,2.773,,,,3.008,,,,1.832,,,,2.0
,,,,0.606,,,,2.4037,,,,2.012,,,,3.07538,,,,3.412,,,,4.38649,,,,2.773,,,,2.13438,,,,-1.19165,,,,0.589,,,,0.556374,,,,2.135,,,,2.773,,,,2.986,,,,1.79894,,,,1.967
,,,,0.539,,,,2.30291,,,,1.99,,,,3.10925,,,,3.39,,,,4.35343,,,,2.74,,,,2.10132,,,,-1.22529,,,,0.545,,,,0.556374,,,,2.124,,,,2.70608,,,,2.942,,,,1.76588,,,,1.934
,,,,0.572,,,,2.36983,,,,1.989,,,,3.07538,,,,3.378,,,,4.35343,,,,2.729,,,,2.06746,,,,-1.22529,,,,0.556,,,,0.522508,,,,2.101,,,,2.70608,,,,2.942,,,,1.76588,,,,1.917
,,,,0.455,,,,2.23517,,,,1.911,,,,3.04232,,,,3.322,,,,4.2857,,,,2.661,,,,2.00053,,,,-1.326,,,,0.455,,,,0.456388,,,,2.046,,,,2.63915,,,,2.874,,,,1.69815,,,,1.849
,,,,0.438,,,,2.20211,,,,1.855,,,,2.94153,,,,3.266,,,,4.25264,,,,2.628,,,,1.96666,,,,-1.326,,,,0.433,,,,0.422522,,,,1.99,,,,2.60528,,,,2.841,,,,1.66429,,,,1.815
,,,,0.354,,,,2.06746,,,,1.81,,,,2.97459,,,,3.278,,,,4.25264,,,,2.617,,,,1.96666,,,,-1.35944,,,,0.366,,,,0.388656,,,,1.99,,,,2.60528,,,,2.829,,,,1.63042,,,,1.799
,,,,0.371,,,,2.13438,,,,1.765,,,,2.84073,,,,3.21,,,,4.21796,,,,2.594,,,,1.9328,,,,-1.39308,,,,0.354,,,,0.320923,,,,1.911,,,,2.57142,,,,2.807,,,,1.63042,,,,1.782
,,,,0.388,,,,2.16825,,,,1.799,,,,2.90766,,,,3.221,,,,4.1849,,,,2.55,,,,1.86587,,,,-1.39308,,,,0.365,,,,0.320923,,,,1.933,,,,2.57142,,,,2.785,,,,1.59817,,,,1.732
,,,,0.321,,,,2.10132,,,,1.765,,,,2.87379,,,,3.188,,,,4.1849,,,,2.527,,,,1.832,,,,-1.46021,,,,0.321,,,,0.320923,,,,1.9,,,,2.50449,,,,2.751,,,,1.5643,,,,1.698
,,,,0.27,,,,2.03359,,,,1.721,,,,2.84073,,,,3.177,,,,4.1849,,,,2.516,,,,1.832,,,,-1.49378,,,,0.276,,,,0.28867,,,,1.878,,,,2.50449,,,,2.74,,,,1.53043,,,,1.681
,,,,0.253,,,,2.03359,,,,1.71,,,,2.84073,,,,3.154,,,,4.15104,,,,2.493,,,,1.79894,,,,-1.52728,,,,0.254,,,,0.254803,,,,1.855,,,,2.47062,,,,2.717,,,,1.53043,,,,1.665
,,,,0.27,,,,2.06746,,,,1.71,,,,2.80687,,,,3.109,,,,4.08411,,,,2.449,,,,1.79894,,,,-1.52728,,,,0.265,,,,0.254803,,,,1.833,,,,2.43676,,,,2.661,,,,1.4627,,,,1.631
,,,,0.22,,,,1.96666,,,,1.665,,,,2.84073,,,,3.121,,,,4.08411,,,,2.438,,,,1.76588,,,,-1.52728,,,,0.209,,,,0.187071,,,,1.822,,,,2.43676,,,,2.661,,,,1.4627,,,,1.614
,,,,0.22,,,,2.00053,,,,1.654,,,,2.80687,,,,3.098,,,,4.08411,,,,2.415,,,,1.73202,,,,-1.56092,,,,0.198,,,,0.153205,,,,1.788,,,,2.4037,,,,2.639,,,,1.42883,,,,1.58
,,,,0.186,,,,2.00053,,,,1.654,,,,2.773,,,,3.076,,,,4.05025,,,,2.392,,,,1.69815,,,,-1.62804,,,,0.187,,,,0.187071,,,,1.788,,,,2.4037,,,,2.628,,,,1.42883,,,,1.563
,,,,0.169,,,,1.96666,,,,1.598,,,,2.70608,,,,3.042,,,,4.05025,,,,2.37,,,,1.66429,,,,-1.62804,,,,0.153,,,,0.120951,,,,1.732,,,,2.36983,,,,2.606,,,,1.39658,,,,1.53
,,,,0.136,,,,1.89974,,,,1.53,,,,2.67221,,,,3.075,,,,4.01638,,,,2.392,,,,1.73202,,,,-1.62804,,,,0.097,,,,0.0193522,,,,1.743,,,,2.53755,,,,2.661,,,,1.42883,,,,1.58
,,,,0.102,,,,1.89974,,,,1.542,,,,2.67221,,,,2.975,,,,3.94945,,,,2.393,,,,1.63042,,,,-1.69504,,,,0.086,,,,0.0532184,,,,1.676,,,,2.30291,,,,2.617,,,,1.59817,,,,1.614
,,,,0.086,,,,1.89974,,,,1.496,,,,2.60528,,,,2.953,,,,3.94945,,,,2.27,,,,1.59817,,,,-1.72868,,,,0.051,,,,-0.0166559,,,,1.631,,,,2.30291,,,,2.504,,,,1.26112,,,,1.43
,,,,0.052,,,,1.86587,,,,1.485,,,,2.60528,,,,2.941,,,,3.94945,,,,2.258,,,,1.5643,,,,-1.76225,,,,0.029,,,,-0.0166559,,,,1.619,,,,2.26904,,,,2.493,,,,1.26112,,,,1.413
,,,,0.018,,,,1.832,,,,1.451,,,,2.57142,,,,2.896,,,,3.91559,,,,2.224,,,,1.53043,,,,-1.79581,,,,-0.005,,,,-0.0503058,,,,1.574,,,,2.20211,,,,2.448,,,,1.22725,,,,1.379
,,,,-0.032,,,,1.76588,,,,1.44,,,,2.60528,,,,2.908,,,,3.88253,,,,2.203,,,,1.53043,,,,-1.82937,,,,-0.038,,,,-0.0503058,,,,1.597,,,,2.23517,,,,2.438,,,,1.195,,,,1.363
,,,,0.002,,,,1.79894,,,,1.407,,,,2.50449,,,,2.852,,,,3.88253,,,,2.18,,,,1.49657,,,,-1.79581,,,,-0.027,,,,-0.0838943,,,,1.53,,,,2.16825,,,,2.404,,,,1.16113,,,,1.329
,,,,-0.049,,,,1.73202,,,,1.362,,,,2.47062,,,,2.829,,,,3.88253,,,,2.169,,,,1.4627,,,,-1.82937,,,,-0.072,,,,-0.117473,,,,1.496,,,,2.13438,,,,2.393,,,,1.16113,,,,1.312
,,,,-0.082,,,,1.69815,,,,1.351,,,,2.50449,,,,2.829,,,,3.84866,,,,2.146,,,,1.4627,,,,-1.86287,,,,-0.105,,,,-0.151053,,,,1.496,,,,2.13438,,,,2.37,,,,1.12726,,,,1.295
,,,,-0.099,,,,1.69815,,,,1.339,,,,2.50449,,,,2.807,,,,3.81479,,,,2.102,,,,1.39658,,,,-1.89651,,,,-0.128,,,,-0.184562,,,,1.474,,,,2.10132,,,,2.337,,,,1.0934,,,,1.245
,,,,-0.15,,,,1.63042,,,,1.294,,,,2.43676,,,,2.784,,,,3.81479,,,,2.068,,,,1.36271,,,,-1.93007,,,,-0.161,,,,-0.184562,,,,1.451,,,,2.10132,,,,2.314,,,,1.02566,,,,1.194
,,,,-0.166,,,,1.59817,,,,1.239,,,,2.33597,,,,2.706,,,,3.74787,,,,2.045,,,,1.36271,,,,-1.93007,,,,-0.183,,,,-0.218214,,,,1.384,,,,2.03359,,,,2.269,,,,1.02566,,,,1.194
,,,,-0.133,,,,1.66429,,,,1.294,,,,2.43676,,,,2.751,,,,3.78173,,,,2.035,,,,1.32885,,,,-1.93007,,,,-0.161,,,,-0.218214,,,,1.417,,,,2.03359,,,,2.27,,,,0.993411,,,,1.161
,,,,-0.166,,,,1.66429,,,,1.261,,,,2.4037,,,,2.728,,,,3.74787,,,,2.012,,,,1.29498,,,,-1.99719,,,,-0.206,,,,-0.285374,,,,1.384,,,,2.03359,,,,2.258,,,,0.993411,,,,1.144
,,,,-0.216,,,,1.5643,,,,1.228,,,,2.4037,,,,2.706,,,,3.714,,,,1.99,,,,1.29498,,,,-1.99719,,,,-0.239,,,,-0.285374,,,,1.373,,,,2.00053,,,,2.225,,,,0.959544,,,,1.127
,,,,-0.2,,,,1.59817,,,,1.239,,,,2.4037,,,,2.695,,,,3.714,,,,1.978,,,,1.26112,,,,-1.99719,,,,-0.228,,,,-0.285374,,,,1.362,,,,1.96666,,,,2.213,,,,0.959544,,,,1.11
,,,,-0.25,,,,1.53043,,,,1.194,,,,2.36983,,,,2.661,,,,3.68094,,,,1.933,,,,1.22725,,,,-2.03062,,,,-0.273,,,,-0.31895,,,,1.328,,,,1.9328,,,,2.169,,,,0.891812,,,,1.06
,,,,-0.267,,,,1.53043,,,,1.138,,,,2.26904,,,,2.605,,,,3.64707,,,,1.889,,,,1.195,,,,-2.06425,,,,-0.307,,,,-0.386048,,,,1.261,,,,1.89974,,,,2.124,,,,0.824079,,,,1.01
,,,,-0.334,,,,1.4627,,,,1.115,,,,2.30291,,,,2.571,,,,3.57934,,,,1.844,,,,1.16113,,,,-2.13138,,,,-0.363,,,,-0.419626,,,,1.238,,,,1.832,,,,2.068,,,,0.791826,,,,0.976
,,,,-0.351,,,,1.4627,,,,1.115,,,,2.30291,,,,2.583,,,,3.57934,,,,1.833,,,,1.12726,,,,-2.16494,,,,-0.374,,,,-0.419626,,,,1.25,,,,1.86587,,,,2.079,,,,0.791826,,,,0.96
,,,,-0.384,,,,1.39658,,,,1.071,,,,2.23517,,,,2.527,,,,3.54628,,,,1.811,,,,1.0934,,,,-2.16494,,,,-0.396,,,,-0.419626,,,,1.205,,,,1.79894,,,,2.046,,,,0.791826,,,,0.943
,,,,-0.385,,,,1.42883,,,,1.048,,,,2.20211,,,,2.516,,,,3.54628,,,,1.788,,,,1.05953,,,,-2.19843,,,,-0.419,,,,-0.486782,,,,1.171,,,,1.79894,,,,2.034,,,,0.757959,,,,0.909
,,,,-0.418,,,,1.39658,,,,0.993,,,,2.10132,,,,2.46,,,,3.51242,,,,1.765,,,,1.05953,,,,-2.23206,,,,-0.452,,,,-0.520283,,,,1.116,,,,1.76588,,,,2.001,,,,0.724093,,,,0.892
,,,,-0.468,,,,1.32885,,,,0.981,,,,2.13438,,,,2.46,,,,3.47855,,,,1.731,,,,1.02566,,,,-2.26561,,,,-0.486,,,,-0.520283,,,,1.127,,,,1.76588,,,,1.978,,,,0.690227,,,,0.858
,,,,-0.435,,,,1.39658,,,,0.992,,,,2.13438,,,,2.448,,,,3.47855,,,,1.731,,,,1.02566,,,,-2.26561,,,,-0.474,,,,-0.553934,,,,1.104,,,,1.73202,,,,1.967,,,,0.690227,,,,0.858
,,,,-0.485,,,,1.29498,,,,0.97,,,,2.16825,,,,2.449,,,,3.44549,,,,1.71,,,,0.993411,,,,-2.26561,,,,-0.508,,,,-0.553934,,,,1.115,,,,1.73202,,,,1.956,,,,0.690227,,,,0.842
,,,,-0.451,,,,1.39658,,,,0.97,,,,2.10132,,,,2.415,,,,3.44549,,,,1.698,,,,0.993411,,,,-2.29918,,,,-0.497,,,,-0.58752,,,,1.071,,,,1.69815,,,,1.933,,,,0.656361,,,,0.825
,,,,-0.553,,,,1.22725,,,,0.891,,,,2.06746,,,,2.392,,,,3.44549,,,,1.687,,,,0.959544,,,,-2.33274,,,,-0.576,,,,-0.621094,,,,1.037,,,,1.66429,,,,1.922,,,,0.656361,,,,0.808
,,,,-0.519,,,,1.29498,,,,0.902,,,,2.03359,,,,2.359,,,,3.37776,,,,1.653,,,,0.925678,,,,-2.33274,,,,-0.553,,,,-0.621094,,,,1.026,,,,1.66429,,,,1.899,,,,0.656361,,,,0.791
,,,,-0.553,,,,1.26112,,,,0.88,,,,2.00053,,,,2.325,,,,3.37776,,,,1.642,,,,0.891812,,,,-2.36616,,,,-0.575,,,,-0.621094,,,,0.993,,,,1.59817,,,,1.877,,,,0.656361,,,,0.774
,,,,-0.602,,,,1.195,,,,0.847,,,,2.00053,,,,2.314,,,,3.3447,,,,1.62,,,,0.891812,,,,-2.39979,,,,-0.62,,,,-0.654667,,,,0.981,,,,1.59817,,,,1.855,,,,0.622494,,,,0.757
,,,,-0.619,,,,1.12726,,,,0.813,,,,2.00053,,,,2.303,,,,3.3447,,,,1.609,,,,0.891812,,,,-2.36616,,,,-0.642,,,,-0.688109,,,,0.959,,,,1.5643,,,,1.833,,,,0.590241,,,,0.741
,,,,-0.619,,,,1.16113,,,,0.802,,,,1.9328,,,,2.269,,,,3.31083,,,,1.575,,,,0.824079,,,,-2.39979,,,,-0.642,,,,-0.688109,,,,0.936,,,,1.5643,,,,1.822,,,,0.590241,,,,0.707
,,,,-0.619,,,,1.195,,,,0.825,,,,2.00053,,,,2.281,,,,3.31083,,,,1.564,,,,0.824079,,,,-2.43336,,,,-0.653,,,,-0.721756,,,,0.936,,,,1.53043,,,,1.799,,,,0.556374,,,,0.69
,,,,-0.721,,,,1.02566,,,,0.723,,,,1.89974,,,,2.236,,,,3.27697,,,,1.53,,,,0.791826,,,,-2.46691,,,,-0.732,,,,-0.75533,,,,0.892,,,,1.53043,,,,1.777,,,,0.522508,,,,0.657
,,,,-0.687,,,,1.12726,,,,0.768,,,,1.9328,,,,2.224,,,,3.24391,,,,1.508,,,,0.757959,,,,-2.50047,,,,-0.71,,,,-0.75533,,,,0.891,,,,1.49657,,,,1.754,,,,0.522508,,,,0.64
,,,,-0.737,,,,1.02566,,,,0.746,,,,2.00053,,,,2.224,,,,3.21004,,,,1.486,,,,0.757959,,,,-2.50047,,,,-0.755,,,,-0.788907,,,,0.891,,,,1.4627,,,,1.721,,,,0.490255,,,,0.624
,,,,-0.704,,,,1.0934,,,,0.712,,,,1.86587,,,,2.18,,,,3.21004,,,,1.475,,,,0.724093,,,,-2.50047,,,,-0.743,,,,-0.822482,,,,0.835,,,,1.4627,,,,1.721,,,,0.490255,,,,0.607
,,,,-0.72,,,,1.05953,,,,0.712,,,,1.89974,,,,2.18,,,,3.21004,,,,1.464,,,,0.724093,,,,-2.50047,,,,-0.754,,,,-0.822482,,,,0.835,,,,1.42883,,,,1.698,,,,0.456388,,,,0.59
,,,,-0.771,,,,1.02566,,,,0.667,,,,1.79894,,,,2.124,,,,3.14311,,,,1.43,,,,0.690227,,,,-2.56758,,,,-0.788,,,,-0.822482,,,,0.802,,,,1.42883,,,,1.676,,,,0.456388,,,,0.573
,,,,-0.788,,,,1.02566,,,,0.656,,,,1.79894,,,,2.124,,,,3.17617,,,,1.43,,,,0.656361,,,,-2.60114,,,,-0.81,,,,-0.855981,,,,0.78,,,,1.39658,,,,1.676,,,,0.456388,,,,0.556
,,,,-0.804,,,,0.959544,,,,0.645,,,,1.832,,,,2.113,,,,3.14311,,,,1.419,,,,0.656361,,,,-2.56758,,,,-0.821,,,,-0.855981,,,,0.78,,,,1.36271,,,,1.654,,,,0.456388,,,,0.556
,,,,-0.821,,,,0.959544,,,,0.612,,,,1.76588,,,,2.079,,,,3.10925,,,,1.373,,,,0.622494,,,,-2.60114,,,,-0.844,,,,-0.88963,,,,0.746,,,,1.36271,,,,1.62,,,,0.388656,,,,0.506
,,,,-0.855,,,,0.925678,,,,0.6,,,,1.79894,,,,2.09,,,,3.10925,,,,1.351,,,,0.590241,,,,-2.6347,,,,-0.877,,,,-0.923207,,,,0.746,,,,1.36271,,,,1.609,,,,0.354789,,,,0.473
,,,,-0.838,,,,0.959544,,,,0.601,,,,1.76588,,,,2.068,,,,3.10925,,,,1.363,,,,0.590241,,,,-2.6347,,,,-0.866,,,,-0.923207,,,,0.724,,,,1.32885,,,,1.609,,,,0.388656,,,,0.489
,,,,-0.888,,,,0.857945,,,,0.544,,,,1.69815,,,,2.023,,,,3.07538,,,,1.318,,,,0.556374,,,,-2.6347,,,,-0.9,,,,-0.923207,,,,0.69,,,,1.29498,,,,1.564,,,,0.320923,,,,0.439
,,,,-0.922,,,,0.824079,,,,0.533,,,,1.73202,,,,2.023,,,,3.04232,,,,1.307,,,,0.556374,,,,-2.66825,,,,-0.934,,,,-0.956779,,,,0.69,,,,1.29498,,,,1.553,,,,0.320923,,,,0.439
,,,,-0.837,,,,0.993411,,,,0.567,,,,1.66429,,,,1.989,,,,3.04232,,,,1.274,,,,0.490255,,,,-2.66825,,,,-0.877,,,,-0.956779,,,,0.656,,,,1.26112,,,,1.531,,,,0.28867,,,,0.389
,,,,-0.939,,,,0.824079,,,,0.499,,,,1.69815,,,,1.978,,,,3.00845,,,,1.262,,,,0.490255,,,,-2.70167,,,,-0.967,,,,-1.02379,,,,0.634,,,,1.22725,,,,1.508,,,,0.28867,,,,0.389
,,,,-0.871,,,,0.925678,,,,0.533,,,,1.66429,,,,1.956,,,,3.00845,,,,1.251,,,,0.490255,,,,-2.66825,,,,-0.911,,,,-0.990355,,,,0.623,,,,1.195,,,,1.486,,,,0.254803,,,,0.373
,,,,-0.972,,,,0.791826,,,,0.466,,,,1.66429,,,,1.956,,,,3.00845,,,,1.24,,,,0.456388,,,,-2.7353,,,,-1.0,,,,-1.05743,,,,0.601,,,,1.195,,,,1.486,,,,0.254803,,,,0.356
,,,,-0.956,,,,0.824079,,,,0.499,,,,1.69815,,,,1.934,,,,2.94153,,,,1.206,,,,0.456388,,,,-2.7353,,,,-0.978,,,,-1.02379,,,,0.612,,,,1.16113,,,,1.441,,,,0.220937,,,,0.339
,,,,-0.939,,,,0.824079,,,,0.477,,,,1.66429,,,,1.933,,,,2.97459,,,,1.206,,,,0.456388,,,,-2.70167,,,,-0.978,,,,-1.05743,,,,0.589,,,,1.16113,,,,1.441,,,,0.187071,,,,0.322
,,,,-0.972,,,,0.824079,,,,0.421,,,,1.53043,,,,1.866,,,,2.90766,,,,1.161,,,,0.388656,,,,-2.76885,,,,-1.012,,,,-1.09101,,,,0.534,,,,1.16113,,,,1.419,,,,0.187071,,,,0.288
,,,,-1.005,,,,0.757959,,,,0.432,,,,1.63042,,,,1.888,,,,2.90766,,,,1.161,,,,0.388656,,,,-2.76885,,,,-1.034,,,,-1.09101,,,,0.556,,,,1.12726,,,,1.407,,,,0.187071,,,,0.288
,,,,-1.039,,,,0.724093,,,,0.388,,,,1.53043,,,,1.833,,,,2.87379,,,,1.127,,,,0.354789,,,,-2.80241,,,,-1.056,,,,-1.09101,,,,0.511,,,,1.0934,,,,1.373,,,,0.153205,,,,0.254
,,,,-1.09,,,,0.656361,,,,0.365,,,,1.5643,,,,1.844,,,,2.87379,,,,1.117,,,,0.354789,,,,-2.83597,,,,-1.101,,,,-1.12458,,,,0.511,,,,1.0934,,,,1.363,,,,0.120951,,,,0.238
,,,,-1.073,,,,0.690227,,,,0.365,,,,1.5643,,,,1.844,,,,2.87379,,,,1.105,,,,0.320923,,,,-2.83597,,,,-1.101,,,,-1.15815,,,,0.5,,,,1.0934,,,,1.363,,,,0.120951,,,,0.221
,,,,-1.123,,,,0.590241,,,,0.332,,,,1.5643,,,,1.81,,,,2.84073,,,,1.083,,,,0.320923,,,,-2.83597,,,,-1.135,,,,-1.15815,,,,0.477,,,,1.02566,,,,1.318,,,,0.0870847,,,,0.204
,,,,-1.09,,,,0.656361,,,,0.343,,,,1.53043,,,,1.788,,,,2.80687,,,,1.061,,,,0.28867,,,,-2.83597,,,,-1.113,,,,-1.15815,,,,0.466,,,,1.02566,,,,1.307,,,,0.0870847,,,,0.188
,,,,-1.14,,,,0.590241,,,,0.298,,,,1.49657,,,,1.754,,,,2.773,,,,1.05,,,,0.28867,,,,-2.86945,,,,-1.157,,,,-1.19165,,,,0.433,,,,0.993411,,,,1.284,,,,0.0870847,,,,0.188
,,,,-1.073,,,,0.656361,,,,0.309,,,,1.4627,,,,1.743,,,,2.87379,,,,1.15,,,,0.254803,,,,-2.80241,,,,-1.113,,,,-1.19165,,,,0.388,,,,0.891812,,,,1.362,,,,0.320923,,,,0.288
,,,,-1.157,,,,0.556374,,,,0.254,,,,1.36271,,,,1.766,,,,2.80687,,,,1.06,,,,0.320923,,,,-2.86945,,,,-1.157,,,,-1.15815,,,,0.444,,,,1.12726,,,,1.329,,,,0.0532184,,,,0.187
,,,,-1.174,,,,0.622494,,,,0.275,,,,1.42883,,,,1.732,,,,2.84073,,,,1.072,,,,0.254803,,,,-2.97018,,,,-1.191,,,,-1.22529,,,,0.376,,,,0.925678,,,,1.296,,,,0.120951,,,,0.188
,,,,-1.173,,,,0.556374,,,,0.209,,,,1.36271,,,,1.676,,,,2.73994,,,,0.982,,,,0.187071,,,,-2.90308,,,,-1.213,,,,-1.29243,,,,0.332,,,,0.925678,,,,1.228,,,,0.0193522,,,,0.103
,,,,-1.223,,,,0.490255,,,,0.209,,,,1.42883,,,,1.676,,,,2.70608,,,,0.959,,,,0.187071,,,,-2.93663,,,,-1.246,,,,-1.29243,,,,0.343,,,,0.891812,,,,1.194,,,,-0.0166559,,,,0.085
,,,,-1.223,,,,0.456388,,,,0.198,,,,1.42883,,,,1.687,,,,2.70608,,,,0.959,,,,0.187071,,,,-2.90308,,,,-1.246,,,,-1.29243,,,,0.354,,,,0.925678,,,,1.205,,,,-0.0166559,,,,0.085
,,,,-1.257,,,,0.456388,,,,0.176,,,,1.36271,,,,1.631,,,,2.67221,,,,0.925,,,,0.153205,,,,-2.97018,,,,-1.269,,,,-1.29243,,,,0.309,,,,0.857945,,,,1.16,,,,-0.0503058,,,,0.051
,,,,-1.274,,,,0.456388,,,,0.176,,,,1.39658,,,,1.642,,,,2.67221,,,,0.914,,,,0.120951,,,,-3.00373,,,,-1.291,,,,-1.326,,,,0.31,,,,0.857945,,,,1.16,,,,-0.0503058,,,,0.035
,,,,-1.257,,,,0.456388,,,,0.164,,,,1.36271,,,,1.597,,,,2.60528,,,,0.881,,,,0.120951,,,,-2.97018,,,,-1.28,,,,-1.326,,,,0.287,,,,0.824079,,,,1.115,,,,-0.0838943,,,,0.019
,,,,-1.274,,,,0.456388,,,,0.142,,,,1.32885,,,,1.587,,,,2.63915,,,,0.903,,,,0.120951,,,,-3.00373,,,,-1.302,,,,-1.35944,,,,0.254,,,,0.791826,,,,1.127,,,,-0.0503058,,,,0.035
,,,,-1.291,,,,0.422522,,,,0.108,,,,1.29498,,,,1.553,,,,2.57142,,,,0.847,,,,0.0870847,,,,-3.00373,,,,-1.325,,,,-1.39308,,,,0.231,,,,0.791826,,,,1.082,,,,-0.117473,,,,-0.015
,,,,-1.307,,,,0.422522,,,,0.119,,,,1.29498,,,,1.553,,,,2.57142,,,,0.836,,,,0.0532184,,,,-3.03716,,,,-1.325,,,,-1.35944,,,,0.242,,,,0.791826,,,,1.082,,,,-0.117473,,,,-0.032
,,,,-1.324,,,,0.388656,,,,0.086,,,,1.26112,,,,1.53,,,,2.57142,,,,0.825,,,,0.0532184,,,,-3.03716,,,,-1.347,,,,-1.39308,,,,0.209,,,,0.757959,,,,1.059,,,,-0.151053,,,,-0.049
,,,,-1.358,,,,0.354789,,,,0.052,,,,1.195,,,,1.486,,,,2.53755,,,,0.802,,,,0.0193522,,,,-3.07077,,,,-1.37,,,,-1.39308,,,,0.175,,,,0.724093,,,,1.037,,,,-0.151053,,,,-0.066
,,,,-1.324,,,,0.422522,,,,0.075,,,,1.195,,,,1.486,,,,2.53755,,,,0.802,,,,0.0193522,,,,-3.07077,,,,-1.347,,,,-1.39308,,,,0.175,,,,0.724093,,,,1.037,,,,-0.151053,,,,-0.066
,,,,-1.375,,,,0.354789,,,,0.019,,,,1.16113,,,,1.463,,,,2.50449,,,,0.779,,,,-0.0166559,,,,-3.10433,,,,-1.403,,,,-1.46021,,,,0.142,,,,0.724093,,,,1.026,,,,-0.151053,,,,-0.084
,,,,-1.391,,,,0.28867,,,,-0.003,,,,1.16113,,,,1.452,,,,2.50449,,,,0.768,,,,-0.0166559,,,,-3.07077,,,,-1.414,,,,-1.46021,,,,0.13,,,,0.690227,,,,1.003,,,,-0.184562,,,,-0.101
,,,,-1.375,,,,0.320923,,,,0.007,,,,1.16113,,,,1.429,,,,2.47062,,,,0.734,,,,-0.0503058,,,,-3.07077,,,,-1.403,,,,-1.46021,,,,0.119,,,,0.656361,,,,0.97,,,,-0.218214,,,,-0.134
,,,,-1.392,,,,0.320923,,,,-0.004,,,,1.12726,,,,1.407,,,,2.43676,,,,0.723,,,,-0.0503058,,,,-3.10433,,,,-1.415,,,,-1.46021,,,,0.108,,,,0.656361,,,,0.958,,,,-0.218214,,,,-0.134
,,,,-1.442,,,,0.254803,,,,-0.049,,,,1.0934,,,,1.384,,,,2.43676,,,,0.689,,,,-0.117473,,,,-3.13788,,,,-1.459,,,,-1.49378,,,,0.074,,,,0.622494,,,,0.936,,,,-0.251791,,,,-0.185
,,,,-1.492,,,,0.187071,,,,-0.094,,,,1.05953,,,,1.362,,,,2.43676,,,,0.678,,,,-0.151053,,,,-3.17143,,,,-1.504,,,,-1.52728,,,,0.041,,,,0.590241,,,,0.925,,,,-0.251791,,,,-0.201
,,,,-1.475,,,,0.220937,,,,-0.082,,,,1.0934,,,,1.362,,,,2.4037,,,,0.667,,,,-0.117473,,,,-3.17143,,,,-1.504,,,,-1.56092,,,,0.041,,,,0.590241,,,,0.903,,,,-0.285374,,,,-0.201
,,,,-1.475,,,,0.220937,,,,-0.093,,,,1.05953,,,,1.34,,,,2.36983,,,,0.644,,,,-0.151053,,,,-3.17143,,,,-1.504,,,,-1.56092,,,,0.03,,,,0.590241,,,,0.892,,,,-0.285374,,,,-0.218
,,,,-1.509,,,,0.153205,,,,-0.149,,,,0.959544,,,,1.295,,,,2.36983,,,,0.622,,,,-0.184562,,,,-3.17143,,,,-1.526,,,,-1.56092,,,,-0.015,,,,0.556374,,,,0.869,,,,-0.31895,,,,-0.252
,,,,-1.542,,,,0.0870847,,,,-0.149,,,,1.05953,,,,1.306,,,,2.33597,,,,0.611,,,,-0.184562,,,,-3.17143,,,,-1.56,,,,-1.59448,,,,-0.004,,,,0.522508,,,,0.847,,,,-0.31895,,,,-0.252
,,,,-1.593,,,,0.0193522,,,,-0.183,,,,1.02566,,,,1.295,,,,2.33597,,,,0.577,,,,-0.218214,,,,-3.20491,,,,-1.593,,,,-1.59448,,,,-0.015,,,,0.522508,,,,0.824,,,,-0.386048,,,,-0.302
,,,,-1.559,,,,0.120951,,,,-0.16,,,,1.02566,,,,1.273,,,,2.30291,,,,0.577,,,,-0.218214,,,,-3.23853,,,,-1.582,,,,-1.62804,,,,-0.037,,,,0.490255,,,,0.814,,,,-0.3524,,,,-0.285
,,,,-1.61,,,,0.0193522,,,,-0.239,,,,0.959544,,,,1.317,,,,2.36983,,,,0.667,,,,-0.251791,,,,-3.23853,,,,-1.638,,,,-1.69504,,,,-0.038,,,,0.622494,,,,0.958,,,,-0.117473,,,,-0.185
,,,,-1.576,,,,0.0870847,,,,-0.227,,,,0.925678,,,,1.228,,,,2.26904,,,,0.521,,,,-0.285374,,,,-3.23853,,,,-1.615,,,,-1.69504,,,,-0.093,,,,0.490255,,,,0.78,,,,-0.419626,,,,-0.353
,,,,-1.576,,,,0.120951,,,,-0.216,,,,0.925678,,,,1.217,,,,2.26904,,,,0.51,,,,-0.31895,,,,-3.27208,,,,-1.615,,,,-1.69504,,,,-0.104,,,,0.456388,,,,0.769,,,,-0.419626,,,,-0.369
,,,,-1.609,,,,0.0532184,,,,-0.261,,,,0.891812,,,,1.172,,,,2.20211,,,,0.465,,,,-0.31895,,,,-3.27208,,,,-1.649,,,,-1.72868,,,,-0.138,,,,0.422522,,,,0.713,,,,-0.486782,,,,-0.403
,,,,-1.593,,,,0.0532184,,,,-0.273,,,,0.857945,,,,1.15,,,,2.20211,,,,0.454,,,,-0.3524,,,,-3.23853,,,,-1.638,,,,-1.72868,,,,-0.161,,,,0.388656,,,,0.701,,,,-0.486782,,,,-0.42
,,,,-1.678,,,,-0.0503058,,,,-0.318,,,,0.857945,,,,1.138,,,,2.16825,,,,0.432,,,,-0.386048,,,,-3.30563,,,,-1.706,,,,-1.76225,,,,-0.172,,,,0.388656,,,,0.69,,,,-0.486782,,,,-0.436
,,,,-1.745,,,,-0.184562,,,,-0.374,,,,0.824079,,,,1.093,,,,2.13438,,,,0.409,,,,-0.386048,,,,-3.30563,,,,-1.751,,,,-1.76225,,,,-0.206,,,,0.320923,,,,0.645,,,,-0.520283,,,,-0.453
,,,,-1.678,,,,-0.0503058,,,,-0.352,,,,0.757959,,,,1.071,,,,2.13438,,,,0.398,,,,-0.419626,,,,-3.30563,,,,-1.706,,,,-1.76225,,,,-0.228,,,,0.320923,,,,0.645,,,,-0.520283,,,,-0.47
,,,,-1.728,,,,-0.117473,,,,-0.385,,,,0.757959,,,,1.06,,,,2.10132,,,,0.365,,,,-0.45321,,,,-3.33918,,,,-1.751,,,,-1.79581,,,,-0.239,,,,0.320923,,,,0.623,,,,-0.553934,,,,-0.504
,,,,-1.762,,,,-0.151053,,,,-0.374,,,,0.824079,,,,1.071,,,,2.10132,,,,0.354,,,,-0.486782,,,,-3.37259,,,,-1.773,,,,-1.79581,,,,-0.228,,,,0.28867,,,,0.612,,,,-0.553934,,,,-0.52
,,,,-1.762,,,,-0.151053,,,,-0.396,,,,0.791826,,,,1.061,,,,2.10132,,,,0.342,,,,-0.486782,,,,-3.37259,,,,-1.784,,,,-1.82937,,,,-0.25,,,,0.28867,,,,0.601,,,,-0.58752,,,,-0.537
,,,,-1.812,,,,-0.218214,,,,-0.43,,,,0.757959,,,,1.027,,,,2.06746,,,,0.331,,,,-0.486782,,,,-3.40621,,,,-1.818,,,,-1.82937,,,,-0.272,,,,0.254803,,,,0.578,,,,-0.58752,,,,-0.537
,,,,-1.762,,,,-0.151053,,,,-0.43,,,,0.724093,,,,1.004,,,,2.06746,,,,0.32,,,,-0.486782,,,,-3.37259,,,,-1.796,,,,-1.86287,,,,-0.306,,,,0.220937,,,,0.556,,,,-0.621094,,,,-0.554
,,,,-1.812,,,,-0.218214,,,,-0.486,,,,0.622494,,,,0.948,,,,2.00053,,,,0.286,,,,-0.520283,,,,-3.40621,,,,-1.829,,,,-1.86287,,,,-0.34,,,,0.220937,,,,0.533,,,,-0.621094,,,,-0.571
,,,,-1.762,,,,-0.0838943,,,,-0.43,,,,0.690227,,,,0.982,,,,2.03359,,,,0.286,,,,-0.553934,,,,-3.43976,,,,-1.807,,,,-1.89651,,,,-0.328,,,,0.220937,,,,0.544,,,,-0.621094,,,,-0.588
,,,,-1.879,,,,-0.31895,,,,-0.542,,,,0.590241,,,,0.926,,,,2.00053,,,,0.275,,,,-0.553934,,,,-3.43976,,,,-1.885,,,,-1.89651,,,,-0.373,,,,0.187071,,,,0.522,,,,-0.621094,,,,-0.588
,,,,-1.863,,,,-0.285374,,,,-0.497,,,,0.690227,,,,0.948,,,,2.00053,,,,0.275,,,,-0.553934,,,,-3.43976,,,,-1.874,,,,-1.89651,,,,-0.351,,,,0.153205,,,,0.511,,,,-0.621094,,,,-0.588
,,,,-1.829,,,,-0.218214,,,,-0.531,,,,0.556374,,,,0.892,,,,1.96666,,,,0.253,,,,-0.553934,,,,-3.43976,,,,-1.863,,,,-1.93007,,,,-0.407,,,,0.153205,,,,0.488,,,,-0.654667,,,,-0.604
,,,,-1.879,,,,-0.285374,,,,-0.531,,,,0.590241,,,,0.892,,,,1.9328,,,,0.219,,,,-0.621094,,,,-3.47332,,,,-1.885,,,,-1.89651,,,,-0.384,,,,0.153205,,,,0.477,,,,-0.654667,,,,-0.638
,,,,-1.846,,,,-0.251791,,,,-0.542,,,,0.556374,,,,0.87,,,,1.9328,,,,0.219,,,,-0.621094,,,,-3.43976,,,,-1.874,,,,-1.93007,,,,-0.418,,,,0.120951,,,,0.466,,,,-0.654667,,,,-0.638
,,,,-1.913,,,,-0.3524,,,,-0.564,,,,0.590241,,,,0.87,,,,1.9328,,,,0.197,,,,-0.654667,,,,-3.47332,,,,-1.919,,,,-1.93007,,,,-0.418,,,,0.0870847,,,,0.444,,,,-0.688109,,,,-0.671
,,,,-1.93,,,,-0.386048,,,,-0.565,,,,0.622494,,,,0.87,,,,1.89974,,,,0.186,,,,-0.654667,,,,-3.47332,,,,-1.93,,,,-1.93007,,,,-0.407,,,,0.0870847,,,,0.433,,,,-0.688109,,,,-0.671
,,,,-1.913,,,,-0.31895,,,,-0.587,,,,0.556374,,,,0.937,,,,1.96666,,,,0.253,,,,-0.58752,,,,-3.50686,,,,-1.941,,,,-1.99719,,,,-0.384,,,,0.28867,,,,0.545,,,,-0.621094,,,,-0.604
,,,,-1.879,,,,-0.285374,,,,-0.586,,,,0.456388,,,,0.825,,,,1.9328,,,,0.253,,,,-0.75533,,,,-3.47332,,,,-1.896,,,,-1.93007,,,,-0.462,,,,0.0870847,,,,0.533,,,,-0.419626,,,,-0.587
,,,,-1.913,,,,-0.31895,,,,-0.564,,,,0.590241,,,,0.836,,,,1.86587,,,,0.141,,,,-0.688109,,,,-3.50686,,,,-1.93,,,,-1.96363,,,,-0.44,,,,0.0532184,,,,0.388,,,,-0.75533,,,,-0.722
,,,,-1.963,,,,-0.419626,,,,-0.653,,,,0.490255,,,,0.792,,,,1.86587,,,,0.13,,,,-0.721756,,,,-3.50686,,,,-1.986,,,,-2.03062,,,,-0.507,,,,0.0193522,,,,0.377,,,,-0.75533,,,,-0.739
,,,,-1.963,,,,-0.419626,,,,-0.665,,,,0.456388,,,,0.769,,,,1.832,,,,0.107,,,,-0.721756,,,,-3.50686,,,,-1.986,,,,-2.03062,,,,-0.518,,,,0.0193522,,,,0.354,,,,-0.788907,,,,-0.755
,,,,-1.997,,,,-0.45321,,,,-0.665,,,,0.490255,,,,0.769,,,,1.832,,,,0.107,,,,-0.721756,,,,-3.54034,,,,-2.008,,,,-2.03062,,,,-0.519,,,,-0.0166559,,,,0.342,,,,-0.788907,,,,-0.755
,,,,-1.963,,,,-0.386048,,,,-0.631,,,,0.522508,,,,0.768,,,,1.79894,,,,0.085,,,,-0.75533,,,,-3.54034,,,,-1.986,,,,-2.03062,,,,-0.508,,,,-0.0166559,,,,0.331,,,,-0.788907,,,,-0.772
,,,,-1.98,,,,-0.419626,,,,-0.665,,,,0.456388,,,,0.735,,,,1.79894,,,,0.063,,,,-0.788907,,,,-3.54034,,,,-1.997,,,,-2.03062,,,,-0.542,,,,-0.0503058,,,,0.309,,,,-0.822482,,,,-0.806
,,,,-1.963,,,,-0.386048,,,,-0.643,,,,0.522508,,,,0.746,,,,1.76588,,,,0.052,,,,-0.75533,,,,-3.54034,,,,-1.997,,,,-2.06425,,,,-0.531,,,,-0.0503058,,,,0.287,,,,-0.855981,,,,-0.806
,,,,-2.03,,,,-0.520283,,,,-0.721,,,,0.422522,,,,0.702,,,,1.76588,,,,0.04,,,,-0.788907,,,,-3.54034,,,,-2.042,,,,-2.06425,,,,-0.575,,,,-0.0838943,,,,0.275,,,,-0.855981,,,,-0.822
,,,,-2.014,,,,-0.45321,,,,-0.687,,,,0.456388,,,,0.702,,,,1.73202,,,,0.018,,,,-0.822482,,,,-3.57395,,,,-2.03,,,,-2.06425,,,,-0.564,,,,-0.0838943,,,,0.264,,,,-0.855981,,,,-0.839
,,,,-2.064,,,,-0.553934,,,,-0.721,,,,0.456388,,,,0.702,,,,1.76588,,,,0.018,,,,-0.822482,,,,-3.57395,,,,-2.064,,,,-2.06425,,,,-0.575,,,,-0.117473,,,,0.253,,,,-0.88963,,,,-0.856
,,,,-2.064,,,,-0.520283,,,,-0.732,,,,0.388656,,,,0.668,,,,1.73202,,,,0.007,,,,-0.822482,,,,-3.6075,,,,-2.064,,,,-2.06425,,,,-0.598,,,,-0.117473,,,,0.242,,,,-0.88963,,,,-0.856
,,,,-2.03,,,,-0.486782,,,,-0.732,,,,0.388656,,,,0.656,,,,1.69815,,,,-0.027,,,,-0.855981,,,,-3.57395,,,,-2.053,,,,-2.09782,,,,-0.609,,,,-0.117473,,,,0.219,,,,-0.923207,,,,-0.89
,,,,-2.098,,,,-0.58752,,,,-0.777,,,,0.354789,,,,0.634,,,,1.66429,,,,-0.038,,,,-0.855981,,,,-3.6075,,,,-2.098,,,,-2.09782,,,,-0.62,,,,-0.117473,,,,0.208,,,,-0.923207,,,,-0.89
,,,,-2.081,,,,-0.553934,,,,-0.743,,,,0.456388,,,,0.657,,,,1.66429,,,,-0.05,,,,-0.88963,,,,-3.6075,,,,-2.098,,,,-2.13138,,,,-0.609,,,,-0.151053,,,,0.197,,,,-0.923207,,,,-0.906
,,,,-2.081,,,,-0.520283,,,,-0.766,,,,0.354789,,,,0.612,,,,1.66429,,,,-0.061,,,,-0.88963,,,,-3.64105,,,,-2.098,,,,-2.13138,,,,-0.654,,,,-0.184562,,,,0.174,,,,-0.956779,,,,-0.923
,,,,-2.131,,,,-0.621094,,,,-0.844,,,,0.28867,,,,0.578,,,,1.63042,,,,-0.094,,,,-0.923207,,,,-3.64105,,,,-2.154,,,,-2.19843,,,,-0.698,,,,-0.184562,,,,0.152,,,,-0.990355,,,,-0.957
,,,,-2.098,,,,-0.58752,,,,-0.821,,,,0.28867,,,,0.578,,,,1.63042,,,,-0.083,,,,-0.923207,,,,-3.6075,,,,-2.12,,,,-2.16494,,,,-0.687,,,,-0.184562,,,,0.163,,,,-0.956779,,,,-0.94
,,,,-2.114,,,,-0.58752,,,,-0.81,,,,0.28867,,,,0.556,,,,1.59817,,,,-0.116,,,,-0.923207,,,,-3.64105,,,,-2.12,,,,-2.13138,,,,-0.687,,,,-0.218214,,,,0.119,,,,-1.02379,,,,-0.973
,,,,-2.097,,,,-0.553934,,,,-0.821,,,,0.254803,,,,0.534,,,,1.59817,,,,-0.127,,,,-0.956779,,,,-3.64105,,,,-2.12,,,,-2.16494,,,,-0.721,,,,-0.251791,,,,0.108,,,,-1.02379,,,,-0.99
,,,,-2.198,,,,-0.721756,,,,-0.888,,,,0.254803,,,,0.534,,,,1.59817,,,,-0.127,,,,-0.956779,,,,-3.6746,,,,-2.198,,,,-2.19843,,,,-0.732,,,,-0.251791,,,,0.108,,,,-1.02379,,,,-0.99
,,,,-2.165,,,,-0.654667,,,,-0.866,,,,0.254803,,,,0.511,,,,1.5643,,,,-0.15,,,,-0.990355,,,,-3.6746,,,,-2.176,,,,-2.19843,,,,-0.743,,,,-0.285374,,,,0.085,,,,-1.02379,,,,-1.007
,,,,-2.148,,,,-0.621094,,,,-0.844,,,,0.28867,,,,0.523,,,,1.5643,,,,-0.161,,,,-0.990355,,,,-3.6746,,,,-2.165,,,,-2.19843,,,,-0.732,,,,-0.285374,,,,0.074,,,,-1.05743,,,,-1.024
,,,,-2.198,,,,-0.721756,,,,-0.888,,,,0.28867,,,,0.511,,,,1.53043,,,,-0.184,,,,-1.02379,,,,-3.6746,,,,-2.209,,,,-2.23206,,,,-0.743,,,,-0.285374,,,,0.063,,,,-1.05743,,,,-1.041
,,,,-2.215,,,,-0.75533,,,,-0.911,,,,0.254803,,,,0.489,,,,1.53043,,,,-0.184,,,,-1.02379,,,,-3.6746,,,,-2.221,,,,-2.23206,,,,-0.765,,,,-0.31895,,,,0.051,,,,-1.05743,,,,-1.041
,,,,-2.198,,,,-0.688109,,,,-0.911,,,,0.187071,,,,0.466,,,,1.53043,,,,-0.195,,,,-1.02379,,,,-3.70801,,,,-2.209,,,,-2.23206,,,,-0.788,,,,-0.31895,,,,0.04,,,,-1.09101,,,,-1.057
,,,,-2.198,,,,-0.721756,,,,-0.922,,,,0.220937,,,,0.466,,,,1.49657,,,,-0.217,,,,-1.05743,,,,-3.6746,,,,-2.221,,,,-2.26561,,,,-0.788,,,,-0.31895,,,,0.029,,,,-1.09101,,,,-1.074
,,,,-2.232,,,,-0.721756,,,,-0.955,,,,0.120951,,,,0.433,,,,1.49657,,,,-0.217,,,,-1.05743,,,,-3.74163,,,,-2.243,,,,-2.26561,,,,-0.821,,,,-0.31895,,,,0.029,,,,-1.09101,,,,-1.074
,,,,-2.248,,,,-0.788907,,,,-0.945,,,,0.220937,,,,0.444,,,,1.4627,,,,-0.229,,,,-1.05743,,,,-3.70801,,,,-2.254,,,,-2.26561,,,,-0.799,,,,-0.3524,,,,0.006,,,,-1.09101,,,,-1.074
,,,,-2.232,,,,-0.721756,,,,-0.956,,,,0.153205,,,,0.421,,,,1.4627,,,,-0.251,,,,-1.09101,,,,-3.74163,,,,-2.254,,,,-2.29918,,,,-0.833,,,,-0.3524,,,,-0.005,,,,-1.12458,,,,-1.108
,,,,-2.265,,,,-0.788907,,,,-0.956,,,,0.187071,,,,0.41,,,,1.42883,,,,-0.262,,,,-1.09101,,,,-3.74163,,,,-2.265,,,,-2.26561,,,,-0.822,,,,-0.386048,,,,-0.027,,,,-1.12458,,,,-1.108
,,,,-2.248,,,,-0.75533,,,,-0.978,,,,0.0870847,,,,0.355,,,,1.39658,,,,-0.284,,,,-1.09101,,,,-3.74163,,,,-2.254,,,,-2.26561,,,,-0.866,,,,-0.419626,,,,-0.06,,,,-1.15815,,,,-1.125
,,,,-2.265,,,,-0.788907,,,,-0.989,,,,0.120951,,,,0.377,,,,1.39658,,,,-0.284,,,,-1.09101,,,,-3.74163,,,,-2.277,,,,-2.29918,,,,-0.855,,,,-0.386048,,,,-0.049,,,,-1.15815,,,,-1.125
,,,,-2.349,,,,-0.88963,,,,-1.034,,,,0.0870847,,,,0.343,,,,1.39658,,,,-0.295,,,,-1.12458,,,,-3.80872,,,,-2.333,,,,-2.29918,,,,-0.888,,,,-0.45321,,,,-0.072,,,,-1.15815,,,,-1.141
,,,,-2.332,,,,-0.855981,,,,-1.034,,,,0.0532184,,,,0.332,,,,1.36271,,,,-0.318,,,,-1.15815,,,,-3.80872,,,,-2.321,,,,-2.29918,,,,-0.889,,,,-0.419626,,,,-0.072,,,,-1.15815,,,,-1.158
,,,,-2.282,,,,-0.788907,,,,-1.034,,,,0.0193522,,,,0.31,,,,1.36271,,,,-0.318,,,,-1.15815,,,,-3.77517,,,,-2.299,,,,-2.33274,,,,-0.922,,,,-0.45321,,,,-0.083,,,,-1.15815,,,,-1.158
,,,,-2.349,,,,-0.88963,,,,-1.056,,,,0.0193522,,,,0.31,,,,1.39658,,,,-0.206,,,,-1.12458,,,,-3.80872,,,,-2.333,,,,-2.29918,,,,-0.922,,,,-0.486782,,,,0.007,,,,-0.88963,,,,-1.007
,,,,-2.316,,,,-0.855981,,,,-1.056,,,,0.0532184,,,,0.298,,,,1.32885,,,,-0.352,,,,-1.15815,,,,-3.77517,,,,-2.332,,,,-2.36616,,,,-0.933,,,,-0.486782,,,,-0.128,,,,-1.22529,,,,-1.192
,,,,-2.332,,,,-0.88963,,,,-1.079,,,,0.0193522,,,,0.276,,,,1.29498,,,,-0.374,,,,-1.19165,,,,-3.77517,,,,-2.344,,,,-2.36616,,,,-0.945,,,,-0.486782,,,,-0.139,,,,-1.22529,,,,-1.208
,,,,-2.349,,,,-0.923207,,,,-1.09,,,,0.0193522,,,,0.276,,,,1.29498,,,,-0.374,,,,-1.19165,,,,-3.77517,,,,-2.355,,,,-2.36616,,,,-0.945,,,,-0.486782,,,,-0.139,,,,-1.22529,,,,-1.208
,,,,-2.399,,,,-1.02379,,,,-1.124,,,,0.0193522,,,,0.265,,,,1.29498,,,,-0.385,,,,-1.22529,,,,-3.77517,,,,-2.388,,,,-2.36616,,,,-0.956,,,,-0.520283,,,,-0.15,,,,-1.22529,,,,-1.225
,,,,-2.366,,,,-0.923207,,,,-1.124,,,,-0.0503058,,,,0.219,,,,1.26112,,,,-0.419,,,,-1.25886,,,,-3.80872,,,,-2.377,,,,-2.39979,,,,-1.001,,,,-0.553934,,,,-0.184,,,,-1.25886,,,,-1.259
,,,,-2.4,,,,-0.956779,,,,-1.124,,,,-0.0166559,,,,0.23,,,,1.26112,,,,-0.408,,,,-1.22529,,,,-3.84226,,,,-2.4,,,,-2.39979,,,,-0.99,,,,-0.553934,,,,-0.184,,,,-1.25886,,,,-1.242
,,,,-2.433,,,,-1.05743,,,,-1.169,,,,-0.0503058,,,,0.196,,,,1.22725,,,,-0.441,,,,-1.25886,,,,-3.80872,,,,-2.422,,,,-2.39979,,,,-1.013,,,,-0.58752,,,,-0.218,,,,-1.29243,,,,-1.276
,,,,-2.416,,,,-0.990355,,,,-1.147,,,,-0.0503058,,,,0.196,,,,1.22725,,,,-0.43,,,,-1.25886,,,,-3.84226,,,,-2.411,,,,-2.39979,,,,-1.013,,,,-0.58752,,,,-0.206,,,,-1.25886,,,,-1.259
,,,,-2.433,,,,-1.02379,,,,-1.18,,,,-0.0838943,,,,0.174,,,,1.22725,,,,-0.453,,,,-1.29243,,,,-3.84226,,,,-2.433,,,,-2.43336,,,,-1.046,,,,-0.621094,,,,-0.229,,,,-1.29243,,,,-1.292
,,,,-2.433,,,,-1.02379,,,,-1.169,,,,-0.0503058,,,,0.186,,,,1.195,,,,-0.474,,,,-1.326,,,,-3.84226,,,,-2.433,,,,-2.43336,,,,-1.024,,,,-0.58752,,,,-0.228,,,,-1.29243,,,,-1.309
,,,,-2.433,,,,-1.02379,,,,-1.18,,,,-0.0838943,,,,0.163,,,,1.195,,,,-0.474,,,,-1.326,,,,-3.84226,,,,-2.433,,,,-2.43336,,,,-1.046,,,,-0.621094,,,,-0.24,,,,-1.29243,,,,-1.309
,,,,-2.433,,,,-0.990355,,,,-1.203,,,,-0.151053,,,,0.118,,,,1.16113,,,,-0.508,,,,-1.35944,,,,-3.87573,,,,-2.444,,,,-2.46691,,,,-1.091,,,,-0.654667,,,,-0.273,,,,-1.326,,,,-1.343
,,,,-2.467,,,,-1.09101,,,,-1.259,,,,-0.218214,,,,0.085,,,,1.12726,,,,-0.531,,,,-1.35944,,,,-3.84226,,,,-2.467,,,,-2.46691,,,,-1.113,,,,-0.654667,,,,-0.296,,,,-1.35944,,,,-1.359
,,,,-2.534,,,,-1.22529,,,,-1.281,,,,-0.151053,,,,0.096,,,,1.12726,,,,-0.531,,,,-1.35944,,,,-3.84226,,,,-2.511,,,,-2.46691,,,,-1.102,,,,-0.688109,,,,-0.307,,,,-1.35944,,,,-1.359
,,,,-2.5,,,,-1.12458,,,,-1.259,,,,-0.151053,,,,0.096,,,,1.12726,,,,-0.542,,,,-1.35944,,,,-3.87573,,,,-2.5,,,,-2.50047,,,,-1.113,,,,-0.688109,,,,-0.318,,,,-1.39308,,,,-1.376
,,,,-2.5,,,,-1.12458,,,,-1.259,,,,-0.151053,,,,0.085,,,,1.12726,,,,-0.542,,,,-1.35944,,,,-3.87573,,,,-2.5,,,,-2.50047,,,,-1.124,,,,-0.721756,,,,-0.329,,,,-1.39308,,,,-1.376
,,,,-2.534,,,,-1.15815,,,,-1.303,,,,-0.251791,,,,0.029,,,,1.05953,,,,-0.576,,,,-1.39308,,,,-3.90935,,,,-2.523,,,,-2.50047,,,,-1.158,,,,-0.721756,,,,-0.352,,,,-1.39308,,,,-1.393
,,,,-2.483,,,,-1.09101,,,,-1.259,,,,-0.184562,,,,0.051,,,,1.05953,,,,-0.564,,,,-1.39308,,,,-3.87573,,,,-2.489,,,,-2.50047,,,,-1.136,,,,-0.721756,,,,-0.341,,,,-1.35944,,,,-1.376
,,,,-2.567,,,,-1.22529,,,,-1.315,,,,-0.184562,,,,0.051,,,,1.0934,,,,-0.564,,,,-1.39308,,,,-3.90935,,,,-2.556,,,,-2.53395,,,,-1.158,,,,-0.75533,,,,-0.352,,,,-1.39308,,,,-1.393
,,,,-2.517,,,,-1.12458,,,,-1.303,,,,-0.251791,,,,0.017,,,,1.05953,,,,-0.587,,,,-1.42664,,,,-3.90935,,,,-2.523,,,,-2.53395,,,,-1.18,,,,-0.75533,,,,-0.363,,,,-1.39308,,,,-1.41
,,,,-2.534,,,,-1.15815,,,,-1.326,,,,-0.251791,,,,0.006,,,,1.02566,,,,-0.62,,,,-1.46021,,,,-3.90935,,,,-2.545,,,,-2.56758,,,,-1.192,,,,-0.75533,,,,-0.385,,,,-1.42664,,,,-1.443
,,,,-2.584,,,,-1.22529,,,,-1.359,,,,-0.285374,,,,-0.016,,,,1.02566,,,,-0.643,,,,-1.49378,,,,-3.94289,,,,-2.579,,,,-2.56758,,,,-1.214,,,,-0.788907,,,,-0.408,,,,-1.46021,,,,-1.477
,,,,-2.567,,,,-1.22529,,,,-1.382,,,,-0.31895,,,,-0.049,,,,0.993411,,,,-0.654,,,,-1.49378,,,,-3.90935,,,,-2.579,,,,-2.60114,,,,-1.248,,,,-0.822482,,,,-0.43,,,,-1.46021,,,,-1.477
,,,,-2.584,,,,-1.22529,,,,-1.371,,,,-0.285374,,,,-0.049,,,,0.993411,,,,-0.676,,,,-1.52728,,,,-3.94289,,,,-2.59,,,,-2.60114,,,,-1.247,,,,-0.855981,,,,-0.452,,,,-1.49378,,,,-1.511
,,,,-2.618,,,,-1.25886,,,,-1.404,,,,-0.3524,,,,-0.083,,,,0.959544,,,,-0.676,,,,-1.49378,,,,-3.97644,,,,-2.612,,,,-2.60114,,,,-1.27,,,,-0.855981,,,,-0.463,,,,-1.49378,,,,-1.494
,,,,-2.634,,,,-1.29243,,,,-1.427,,,,-0.386048,,,,-0.105,,,,0.925678,,,,-0.71,,,,-1.56092,,,,-3.97644,,,,-2.623,,,,-2.60114,,,,-1.281,,,,-0.855981,,,,-0.475,,,,-1.49378,,,,-1.527
,,,,-2.668,,,,-1.326,,,,-1.427,,,,-0.31895,,,,-0.094,,,,0.891812,,,,-0.721,,,,-1.56092,,,,-4.00997,,,,-2.657,,,,-2.6347,,,,-1.27,,,,-0.855981,,,,-0.486,,,,-1.49378,,,,-1.527
,,,,-2.601,,,,-1.22529,,,,-1.427,,,,-0.419626,,,,-0.128,,,,0.925678,,,,-0.71,,,,-1.52728,,,,-3.97644,,,,-2.612,,,,-2.6347,,,,-1.315,,,,-0.88963,,,,-0.497,,,,-1.52728,,,,-1.527
,,,,-2.668,,,,-1.326,,,,-1.438,,,,-0.3524,,,,-0.128,,,,0.891812,,,,-0.743,,,,-1.59448,,,,-4.00997,,,,-2.657,,,,-2.6347,,,,-1.303,,,,-0.923207,,,,-0.52,,,,-1.52728,,,,-1.561
,,,,-2.634,,,,-1.25886,,,,-1.438,,,,-0.419626,,,,-0.15,,,,0.891812,,,,-0.732,,,,-1.56092,,,,-4.00997,,,,-2.635,,,,-2.6347,,,,-1.326,,,,-0.923207,,,,-0.52,,,,-1.52728,,,,-1.544
,,,,-2.685,,,,-1.35944,,,,-1.449,,,,-0.31895,,,,-0.117,,,,0.891812,,,,-0.743,,,,-1.59448,,,,-4.00997,,,,-2.679,,,,-2.66825,,,,-1.303,,,,-0.923207,,,,-0.52,,,,-1.52728,,,,-1.561
,,,,-2.702,,,,-1.39308,,,,-1.505,,,,-0.45321,,,,-0.184,,,,0.857945,,,,-0.777,,,,-1.62804,,,,-4.00997,,,,-2.69,,,,-2.66825,,,,-1.359,,,,-0.956779,,,,-0.553,,,,-1.56092,,,,-1.594
,,,,-2.634,,,,-1.29243,,,,-1.46,,,,-0.419626,,,,-0.173,,,,0.857945,,,,-0.766,,,,-1.59448,,,,-3.97644,,,,-2.646,,,,-2.66825,,,,-1.348,,,,-0.956779,,,,-0.553,,,,-1.56092,,,,-1.578
,,,,-2.634,,,,-1.25886,,,,-1.449,,,,-0.386048,,,,-0.162,,,,0.857945,,,,-0.777,,,,-1.62804,,,,-4.00997,,,,-2.657,,,,-2.70167,,,,-1.348,,,,-0.956779,,,,-0.553,,,,-1.56092,,,,-1.594
,,,,-2.651,,,,-1.29243,,,,-1.46,,,,-0.419626,,,,-0.195,,,,0.824079,,,,-0.799,,,,-1.62804,,,,-4.00997,,,,-2.657,,,,-2.66825,,,,-1.359,,,,-0.990355,,,,-0.587,,,,-1.59448,,,,-1.611
,,,,-2.701,,,,-1.35944,,,,-1.494,,,,-0.419626,,,,-0.195,,,,0.824079,,,,-0.822,,,,-1.66161,,,,-4.04345,,,,-2.702,,,,-2.70167,,,,-1.371,,,,-0.990355,,,,-0.598,,,,-1.62804,,,,-1.645
,,,,-2.718,,,,-1.39308,,,,-1.527,,,,-0.486782,,,,-0.228,,,,0.791826,,,,-0.821,,,,-1.62804,,,,-4.04345,,,,-2.713,,,,-2.70167,,,,-1.393,,,,-0.990355,,,,-0.609,,,,-1.62804,,,,-1.628
,,,,-2.735,,,,-1.46021,,,,-1.55,,,,-0.486782,,,,-0.24,,,,0.757959,,,,-0.855,,,,-1.69504,,,,-4.00997,,,,-2.724,,,,-2.70167,,,,-1.393,,,,-0.990355,,,,-0.62,,,,-1.62804,,,,-1.662
,,,,-2.718,,,,-1.42664,,,,-1.55,,,,-0.520283,,,,-0.262,,,,0.757959,,,,-0.844,,,,-1.66161,,,,-4.00997,,,,-2.713,,,,-2.70167,,,,-1.415,,,,-1.02379,,,,-0.631,,,,-1.62804,,,,-1.645
,,,,-2.769,,,,-1.52728,,,,-1.583,,,,-0.486782,,,,-0.262,,,,0.757959,,,,-0.855,,,,-1.69504,,,,-4.00997,,,,-2.758,,,,-2.7353,,,,-1.427,,,,-1.05743,,,,-0.643,,,,-1.62804,,,,-1.662
,,,,-2.785,,,,-1.52728,,,,-1.572,,,,-0.45321,,,,-0.251,,,,0.757959,,,,-0.855,,,,-1.69504,,,,-4.04345,,,,-2.769,,,,-2.7353,,,,-1.415,,,,-1.05743,,,,-0.643,,,,-1.62804,,,,-1.662
,,,,-2.769,,,,-1.46021,,,,-1.606,,,,-0.621094,,,,-0.307,,,,0.757959,,,,-0.866,,,,-1.69504,,,,-4.07706,,,,-2.758,,,,-2.7353,,,,-1.471,,,,-1.05743,,,,-0.654,,,,-1.66161,,,,-1.678
,,,,-2.769,,,,-1.49378,,,,-1.606,,,,-0.58752,,,,-0.307,,,,0.724093,,,,-0.889,,,,-1.72868,,,,-4.04345,,,,-2.758,,,,-2.7353,,,,-1.46,,,,-1.05743,,,,-0.665,,,,-1.66161,,,,-1.695
,,,,-2.769,,,,-1.46021,,,,-1.594,,,,-0.553934,,,,-0.307,,,,0.724093,,,,-0.9,,,,-1.72868,,,,-4.07706,,,,-2.769,,,,-2.76885,,,,-1.471,,,,-1.09101,,,,-0.687,,,,-1.69504,,,,-1.712
,,,,-2.785,,,,-1.49378,,,,-1.594,,,,-0.520283,,,,-0.307,,,,0.690227,,,,-0.922,,,,-1.76225,,,,-4.07706,,,,-2.78,,,,-2.76885,,,,-1.46,,,,-1.09101,,,,-0.699,,,,-1.69504,,,,-1.729
,,,,-2.769,,,,-1.46021,,,,-1.594,,,,-0.553934,,,,-0.318,,,,0.690227,,,,-0.922,,,,-1.76225,,,,-4.07706,,,,-2.769,,,,-2.76885,,,,-1.471,,,,-1.09101,,,,-0.699,,,,-1.69504,,,,-1.729
,,,,-2.819,,,,-1.56092,,,,-1.594,,,,-0.45321,,,,-0.296,,,,0.690227,,,,-0.934,,,,-1.76225,,,,-4.07706,,,,-2.802,,,,-2.76885,,,,-1.449,,,,-1.12458,,,,-0.721,,,,-1.72868,,,,-1.745
,,,,-2.802,,,,-1.49378,,,,-1.639,,,,-0.621094,,,,-0.363,,,,0.656361,,,,-0.956,,,,-1.79581,,,,-4.11053,,,,-2.802,,,,-2.80241,,,,-1.516,,,,-1.12458,,,,-0.732,,,,-1.72868,,,,-1.762
,,,,-2.819,,,,-1.56092,,,,-1.673,,,,-0.654667,,,,-0.374,,,,0.690227,,,,-0.956,,,,-1.82937,,,,-4.07706,,,,-2.813,,,,-2.80241,,,,-1.538,,,,-1.15815,,,,-0.732,,,,-1.72868,,,,-1.779
,,,,-2.785,,,,-1.49378,,,,-1.639,,,,-0.621094,,,,-0.386,,,,0.622494,,,,-0.979,,,,-1.79581,,,,-4.07706,,,,-2.791,,,,-2.80241,,,,-1.527,,,,-1.15815,,,,-0.766,,,,-1.76225,,,,-1.779
,,,,-2.819,,,,-1.52728,,,,-1.65,,,,-0.621094,,,,-0.374,,,,0.656361,,,,-0.967,,,,-1.79581,,,,-4.11053,,,,-2.813,,,,-2.80241,,,,-1.527,,,,-1.15815,,,,-0.755,,,,-1.76225,,,,-1.779
,,,,-2.886,,,,-1.62804,,,,-1.695,,,,-0.621094,,,,-0.386,,,,0.622494,,,,-0.99,,,,-1.82937,,,,-4.14408,,,,-2.869,,,,-2.83597,,,,-1.538,,,,-1.15815,,,,-0.766,,,,-1.76225,,,,-1.796
,,,,-2.886,,,,-1.62804,,,,-1.684,,,,-0.58752,,,,-0.374,,,,0.622494,,,,-0.99,,,,-1.82937,,,,-4.14408,,,,-2.869,,,,-2.83597,,,,-1.527,,,,-1.15815,,,,-0.766,,,,-1.76225,,,,-1.796
,,,,-2.836,,,,-1.52728,,,,-1.684,,,,-0.688109,,,,-0.43,,,,0.590241,,,,-1.023,,,,-1.86287,,,,-4.14408,,,,-2.836,,,,-2.83597,,,,-1.572,,,,-1.19165,,,,-0.799,,,,-1.79581,,,,-1.829
,,,,-2.903,,,,-1.66161,,,,-1.729,,,,-0.654667,,,,-0.43,,,,0.556374,,,,-1.034,,,,-1.86287,,,,-4.14408,,,,-2.892,,,,-2.86945,,,,-1.572,,,,-1.19165,,,,-0.81,,,,-1.79581,,,,-1.829
,,,,-2.886,,,,-1.62804,,,,-1.706,,,,-0.654667,,,,-0.43,,,,0.590241,,,,-1.034,,,,-1.86287,,,,-4.14408,,,,-2.869,,,,-2.83597,,,,-1.572,,,,-1.22529,,,,-0.821,,,,-1.82937,,,,-1.846
,,,,-2.886,,,,-1.66161,,,,-1.74,,,,-0.688109,,,,-0.452,,,,0.556374,,,,-1.034,,,,-1.86287,,,,-4.11053,,,,-2.881,,,,-2.86945,,,,-1.594,,,,-1.22529,,,,-0.822,,,,-1.79581,,,,-1.829
,,,,-2.903,,,,-1.66161,,,,-1.74,,,,-0.688109,,,,-0.464,,,,0.556374,,,,-1.045,,,,-1.89651,,,,-4.14408,,,,-2.892,,,,-2.86945,,,,-1.605,,,,-1.25886,,,,-0.833,,,,-1.79581,,,,-1.846
,,,,-2.936,,,,-1.72868,,,,-1.773,,,,-0.721756,,,,-0.475,,,,0.556374,,,,-1.057,,,,-1.89651,,,,-4.14408,,,,-2.914,,,,-2.86945,,,,-1.617,,,,-1.25886,,,,-0.844,,,,-1.82937,,,,-1.863
,,,,-2.903,,,,-1.66161,,,,-1.762,,,,-0.75533,,,,-0.497,,,,0.522508,,,,-1.068,,,,-1.89651,,,,-4.14408,,,,-2.892,,,,-2.86945,,,,-1.628,,,,-1.25886,,,,-0.855,,,,-1.82937,,,,-1.863
,,,,-2.97,,,,-1.76225,,,,-1.807,,,,-0.75533,,,,-0.497,,,,0.522508,,,,-1.068,,,,-1.89651,,,,-4.17762,,,,-2.948,,,,-2.90308,,,,-1.639,,,,-1.25886,,,,-0.855,,,,-1.82937,,,,-1.863
,,,,-2.953,,,,-1.72868,,,,-1.796,,,,-0.75533,,,,-0.508,,,,0.522508,,,,-1.09,,,,-1.93007,,,,-4.17762,,,,-2.936,,,,-2.90308,,,,-1.65,,,,-1.29243,,,,-0.878,,,,-1.86287,,,,-1.896
,,,,-2.953,,,,-1.76225,,,,-1.773,,,,-0.654667,,,,-0.486,,,,0.490255,,,,-1.101,,,,-1.93007,,,,-4.14408,,,,-2.936,,,,-2.90308,,,,-1.617,,,,-1.29243,,,,-0.888,,,,-1.86287,,,,-1.896
,,,,-2.936,,,,-1.69504,,,,-1.784,,,,-0.75533,,,,-0.519,,,,0.490255,,,,-1.123,,,,-1.96363,,,,-4.17762,,,,-2.925,,,,-2.90308,,,,-1.65,,,,-1.29243,,,,-0.9,,,,-1.89651,,,,-1.93
,,,,-2.936,,,,-1.69504,,,,-1.807,,,,-0.788907,,,,-0.542,,,,0.490255,,,,-1.134,,,,-1.96363,,,,-4.17762,,,,-2.936,,,,-2.93663,,,,-1.684,,,,-1.326,,,,-0.922,,,,-1.93007,,,,-1.947
,,,,-3.02,,,,-1.82937,,,,-1.852,,,,-0.788907,,,,-0.564,,,,0.456388,,,,-1.123,,,,-1.96363,,,,-4.21109,,,,-2.992,,,,-2.93663,,,,-1.695,,,,-1.35944,,,,-0.922,,,,-1.86287,,,,-1.913
,,,,-2.936,,,,-1.66161,,,,-1.818,,,,-0.822482,,,,-0.564,,,,0.456388,,,,-1.135,,,,-1.96363,,,,-4.21109,,,,-2.948,,,,-2.97018,,,,-1.706,,,,-1.326,,,,-0.922,,,,-1.89651,,,,-1.93
,,,,-2.97,,,,-1.72868,,,,-1.829,,,,-0.822482,,,,-0.575,,,,0.422522,,,,-1.157,,,,-1.99719,,,,-4.21109,,,,-2.959,,,,-2.93663,,,,-1.695,,,,-1.326,,,,-0.933,,,,-1.89651,,,,-1.947
,,,,-3.003,,,,-1.79581,,,,-1.863,,,,-0.822482,,,,-0.586,,,,0.422522,,,,-1.179,,,,-2.03062,,,,-4.21109,,,,-2.992,,,,-2.97018,,,,-1.717,,,,-1.35944,,,,-0.956,,,,-1.93007,,,,-1.98
,,,,-3.003,,,,-1.79581,,,,-1.874,,,,-0.822482,,,,-0.598,,,,0.388656,,,,-1.18,,,,-1.99719,,,,-4.21109,,,,-3.004,,,,-3.00373,,,,-1.729,,,,-1.35944,,,,-0.967,,,,-1.93007,,,,-1.964
,,,,-3.003,,,,-1.79581,,,,-1.874,,,,-0.855981,,,,-0.62,,,,0.388656,,,,-1.191,,,,-2.03062,,,,-4.21109,,,,-2.992,,,,-2.97018,,,,-1.74,,,,-1.39308,,,,-0.978,,,,-1.93007,,,,-1.98
,,,,-3.02,,,,-1.79581,,,,-1.874,,,,-0.822482,,,,-0.62,,,,0.354789,,,,-1.213,,,,-2.03062,,,,-4.24471,,,,-3.015,,,,-3.00373,,,,-1.74,,,,-1.39308,,,,-1.001,,,,-1.96363,,,,-1.997
,,,,-3.037,,,,-1.82937,,,,-1.885,,,,-0.855981,,,,-0.631,,,,0.354789,,,,-1.224,,,,-2.06425,,,,-4.24471,,,,-3.015,,,,-2.97018,,,,-1.74,,,,-1.39308,,,,-1.001,,,,-1.96363,,,,-2.014
,,,,-3.054,,,,-1.86287,,,,-1.919,,,,-0.88963,,,,-0.654,,,,0.354789,,,,-1.236,,,,-2.06425,,,,-4.24471,,,,-3.037,,,,-3.00373,,,,-1.773,,,,-1.42664,,,,-1.023,,,,-1.99719,,,,-2.031
,,,,-3.071,,,,-1.89651,,,,-1.919,,,,-0.855981,,,,-0.654,,,,0.320923,,,,-1.247,,,,-2.06425,,,,-4.24471,,,,-3.048,,,,-3.00373,,,,-1.762,,,,-1.42664,,,,-1.034,,,,-1.99719,,,,-2.031
,,,,-3.02,,,,-1.79581,,,,-1.896,,,,-0.88963,,,,-0.665,,,,0.320923,,,,-1.247,,,,-2.06425,,,,-4.24471,,,,-3.015,,,,-3.00373,,,,-1.773,,,,-1.42664,,,,-1.034,,,,-1.99719,,,,-2.031
,,,,-3.037,,,,-1.82937,,,,-1.919,,,,-0.923207,,,,-0.676,,,,0.320923,,,,-1.258,,,,-2.06425,,,,-4.24471,,,,-3.026,,,,-3.00373,,,,-1.785,,,,-1.42664,,,,-1.045,,,,-2.03062,,,,-2.047
,,,,-3.071,,,,-1.86287,,,,-1.93,,,,-0.88963,,,,-0.676,,,,0.320923,,,,-1.269,,,,-2.09782,,,,-4.27824,,,,-3.059,,,,-3.03716,,,,-1.796,,,,-1.46021,,,,-1.057,,,,-2.03062,,,,-2.064
,,,,-3.071,,,,-1.86287,,,,-1.93,,,,-0.88963,,,,-0.676,,,,0.320923,,,,-1.258,,,,-2.09782,,,,-4.27824,,,,-3.059,,,,-3.03716,,,,-1.796,,,,-1.46021,,,,-1.045,,,,-1.99719,,,,-2.048
,,,,-3.071,,,,-1.86287,,,,-1.93,,,,-0.923207,,,,-0.698,,,,0.28867,,,,-1.28,,,,-2.09782,,,,-4.27824,,,,-3.048,,,,-3.00373,,,,-1.796,,,,-1.46021,,,,-1.067,,,,-2.03062,,,,-2.064
,,,,-3.071,,,,-1.86287,,,,-1.941,,,,-0.923207,,,,-0.709,,,,0.28867,,,,-1.28,,,,-2.09782,,,,-4.27824,,,,-3.059,,,,-3.03716,,,,-1.818,,,,-1.49378,,,,-1.079,,,,-2.03062,,,,-2.064
,,,,-3.087,,,,-1.89651,,,,-1.963,,,,-0.956779,,,,-0.732,,,,0.254803,,,,-1.314,,,,-2.13138,,,,-4.27824,,,,-3.071,,,,-3.03716,,,,-1.829,,,,-1.49378,,,,-1.101,,,,-2.06425,,,,-2.098
,,,,-3.087,,,,-1.89651,,,,-1.963,,,,-0.923207,,,,-0.732,,,,0.254803,,,,-1.314,,,,-2.13138,,,,-4.27824,,,,-3.082,,,,-3.07077,,,,-1.84,,,,-1.52728,,,,-1.112,,,,-2.06425,,,,-2.098
,,,,-3.104,,,,-1.89651,,,,-1.997,,,,-1.02379,,,,-0.765,,,,0.254803,,,,-1.325,,,,-2.16494,,,,-4.31178,,,,-3.093,,,,-3.07077,,,,-1.874,,,,-1.52728,,,,-1.112,,,,-2.06425,,,,-2.115
,,,,-3.104,,,,-1.93007,,,,-1.997,,,,-1.02379,,,,-0.765,,,,0.254803,,,,-1.325,,,,-2.16494,,,,-4.27824,,,,-3.082,,,,-3.03716,,,,-1.863,,,,-1.52728,,,,-1.112,,,,-2.06425,,,,-2.115
,,,,-3.138,,,,-1.96363,,,,-2.031,,,,-1.05743,,,,-0.788,,,,0.220937,,,,-1.336,,,,-2.16494,,,,-4.31178,,,,-3.115,,,,-3.07077,,,,-1.885,,,,-1.52728,,,,-1.124,,,,-2.06425,,,,-2.115
,,,,-3.138,,,,-1.96363,,,,-1.997,,,,-0.956779,,,,-0.777,,,,0.187071,,,,-1.359,,,,-2.19843,,,,-4.31178,,,,-3.115,,,,-3.07077,,,,-1.863,,,,-1.56092,,,,-1.146,,,,-2.06425,,,,-2.131
,,,,-3.104,,,,-1.89651,,,,-2.008,,,,-1.02379,,,,-0.799,,,,0.187071,,,,-1.37,,,,-2.19843,,,,-4.31178,,,,-3.104,,,,-3.10433,,,,-1.896,,,,-1.56092,,,,-1.157,,,,-2.09782,,,,-2.148
,,,,-3.121,,,,-1.93007,,,,-2.031,,,,-1.05743,,,,-0.822,,,,0.153205,,,,-1.381,,,,-2.16494,,,,-4.31178,,,,-3.115,,,,-3.10433,,,,-1.908,,,,-1.56092,,,,-1.18,,,,-2.13138,,,,-2.148
,,,,-3.138,,,,-1.99719,,,,-2.064,,,,-1.12458,,,,-0.844,,,,0.187071,,,,-1.381,,,,-2.19843,,,,-4.27824,,,,-3.115,,,,-3.07077,,,,-1.93,,,,-1.59448,,,,-1.18,,,,-2.13138,,,,-2.165
,,,,-3.138,,,,-1.93007,,,,-2.031,,,,-1.05743,,,,-0.833,,,,0.153205,,,,-1.392,,,,-2.19843,,,,-4.34532,,,,-3.127,,,,-3.10433,,,,-1.919,,,,-1.59448,,,,-1.191,,,,-2.13138,,,,-2.165
,,,,-3.154,,,,-1.99719,,,,-2.075,,,,-1.09101,,,,-0.844,,,,0.153205,,,,-1.403,,,,-2.23206,,,,-4.31178,,,,-3.149,,,,-3.13788,,,,-1.941,,,,-1.59448,,,,-1.191,,,,-2.13138,,,,-2.182
,,,,-3.171,,,,-1.99719,,,,-2.042,,,,-0.990355,,,,-0.811,,,,0.153205,,,,-1.403,,,,-2.23206,,,,-4.34532,,,,-3.16,,,,-3.13788,,,,-1.908,,,,-1.59448,,,,-1.191,,,,-2.13138,,,,-2.182
,,,,-3.171,,,,-2.03062,,,,-2.064,,,,-1.02379,,,,-0.855,,,,0.0870847,,,,-1.437,,,,-2.23206,,,,-4.31178,,,,-3.16,,,,-3.13788,,,,-1.93,,,,-1.62804,,,,-1.235,,,,-2.16494,,,,-2.198
,,,,-3.154,,,,-1.99719,,,,-2.053,,,,-1.02379,,,,-0.844,,,,0.120951,,,,-1.425,,,,-2.23206,,,,-4.31178,,,,-3.149,,,,-3.13788,,,,-1.93,,,,-1.62804,,,,-1.224,,,,-2.16494,,,,-2.198
,,,,-3.171,,,,-2.03062,,,,-2.12,,,,-1.19165,,,,-0.911,,,,0.120951,,,,-1.448,,,,-2.26561,,,,-4.31178,,,,-3.16,,,,-3.13788,,,,-1.997,,,,-1.66161,,,,-1.246,,,,-2.19843,,,,-2.232
,,,,-3.171,,,,-1.99719,,,,-2.064,,,,-1.05743,,,,-0.866,,,,0.0870847,,,,-1.437,,,,-2.23206,,,,-4.34532,,,,-3.16,,,,-3.13788,,,,-1.941,,,,-1.62804,,,,-1.235,,,,-2.16494,,,,-2.198
,,,,-3.205,,,,-2.06425,,,,-2.12,,,,-1.15815,,,,-0.911,,,,0.0870847,,,,-1.448,,,,-2.26561,,,,-4.34532,,,,-3.182,,,,-3.13788,,,,-1.986,,,,-1.66161,,,,-1.246,,,,-2.16494,,,,-2.215
,,,,-3.222,,,,-2.09782,,,,-2.12,,,,-1.12458,,,,-0.9,,,,0.0870847,,,,-1.459,,,,-2.26561,,,,-4.34532,,,,-3.194,,,,-3.13788,,,,-1.975,,,,-1.66161,,,,-1.258,,,,-2.19843,,,,-2.232
,,,,-3.188,,,,-2.03062,,,,-2.12,,,,-1.15815,,,,-0.911,,,,0.0870847,,,,-1.459,,,,-2.26561,,,,-4.34532,,,,-3.182,,,,-3.17143,,,,-1.997,,,,-1.66161,,,,-1.258,,,,-2.19843,,,,-2.232
,,,,-3.154,,,,-1.96363,,,,-2.087,,,,-1.12458,,,,-0.911,,,,0.0870847,,,,-1.47,,,,-2.29918,,,,-4.34532,,,,-3.16,,,,-3.17143,,,,-1.997,,,,-1.69504,,,,-1.269,,,,-2.19843,,,,-2.249
,,,,-3.205,,,,-2.06425,,,,-2.142,,,,-1.15815,,,,-0.933,,,,0.0532184,,,,-1.493,,,,-2.29918,,,,-4.34532,,,,-3.205,,,,-3.20491,,,,-2.019,,,,-1.69504,,,,-1.291,,,,-2.23206,,,,-2.266
,,,,-3.289,,,,-2.19843,,,,-2.187,,,,-1.15815,,,,-0.933,,,,0.0532184,,,,-1.47,,,,-2.26561,,,,-4.37878,,,,-3.261,,,,-3.20491,,,,-2.019,,,,-1.69504,,,,-1.28,,,,-2.19843,,,,-2.232
,,,,-3.255,,,,-2.16494,,,,-2.187,,,,-1.19165,,,,-0.956,,,,0.0532184,,,,-1.504,,,,-2.33274,,,,-4.34532,,,,-3.238,,,,-3.20491,,,,-2.042,,,,-1.72868,,,,-1.303,,,,-2.23206,,,,-2.282
,,,,-3.222,,,,-2.06425,,,,-2.187,,,,-1.22529,,,,-0.844,,,,0.120951,,,,-1.414,,,,-2.29918,,,,-4.37878,,,,-3.238,,,,-3.27208,,,,-1.975,,,,-1.42664,,,,-1.123,,,,-2.06425,,,,-2.182
,,,,-3.238,,,,-2.13138,,,,-2.198,,,,-1.25886,,,,-0.967,,,,0.0532184,,,,-1.504,,,,-2.33274,,,,-4.34532,,,,-3.227,,,,-3.20491,,,,-2.053,,,,-1.69504,,,,-1.291,,,,-2.23206,,,,-2.282
,,,,-3.205,,,,-2.06425,,,,-2.154,,,,-1.15815,,,,-0.945,,,,0.0532184,,,,-1.493,,,,-2.29918,,,,-4.34532,,,,-3.216,,,,-3.23853,,,,-2.042,,,,-1.72868,,,,-1.303,,,,-2.23206,,,,-2.266
,,,,-3.188,,,,-2.06425,,,,-2.165,,,,-1.22529,,,,-0.978,,,,0.0193522,,,,-1.515,,,,-2.33274,,,,-4.31178,,,,-3.194,,,,-3.20491,,,,-2.053,,,,-1.72868,,,,-1.314,,,,-2.23206,,,,-2.282
,,,,-3.222,,,,-2.13138,,,,-2.198,,,,-1.25886,,,,-1.001,,,,-0.0166559,,,,-1.527,,,,-2.33274,,,,-4.31178,,,,-3.216,,,,-3.20491,,,,-2.064,,,,-1.72868,,,,-1.326,,,,-2.23206,,,,-2.282
,,,,-3.238,,,,-2.13138,,,,-2.187,,,,-1.22529,,,,-1.001,,,,-0.0166559,,,,-1.527,,,,-2.33274,,,,-4.34532,,,,-3.227,,,,-3.20491,,,,-2.064,,,,-1.76225,,,,-1.337,,,,-2.23206,,,,-2.282
,,,,-3.255,,,,-2.16494,,,,-2.21,,,,-1.22529,,,,-1.013,,,,-0.0503058,,,,-1.561,,,,-2.36616,,,,-4.34532,,,,-3.25,,,,-3.23853,,,,-2.075,,,,-1.76225,,,,-1.359,,,,-2.26561,,,,-2.316
,,,,-3.238,,,,-2.13138,,,,-2.187,,,,-1.19165,,,,-1.001,,,,-0.0166559,,,,-1.549,,,,-2.36616,,,,-4.34532,,,,-3.238,,,,-3.23853,,,,-2.075,,,,-1.79581,,,,-1.359,,,,-2.26561,,,,-2.316
,,,,-3.289,,,,-2.19843,,,,-2.198,,,,-1.15815,,,,-0.99,,,,-0.0503058,,,,-1.561,,,,-2.36616,,,,-4.37878,,,,-3.272,,,,-3.23853,,,,-2.053,,,,-1.76225,,,,-1.359,,,,-2.26561,,,,-2.316
,,,,-3.305,,,,-2.23206,,,,-2.254,,,,-1.25886,,,,-1.035,,,,-0.0503058,,,,-1.572,,,,-2.36616,,,,-4.37878,,,,-3.294,,,,-3.27208,,,,-2.109,,,,-1.79581,,,,-1.382,,,,-2.29918,,,,-2.333
,,,,-3.289,,,,-2.19843,,,,-2.254,,,,-1.29243,,,,-1.057,,,,-0.0503058,,,,-1.583,,,,-2.39979,,,,-4.37878,,,,-3.283,,,,-3.27208,,,,-2.131,,,,-1.82937,,,,-1.393,,,,-2.29918,,,,-2.349
,,,,-3.322,,,,-2.26561,,,,-2.288,,,,-1.326,,,,-1.08,,,,-0.0838943,,,,-1.594,,,,-2.39979,,,,-4.37878,,,,-3.305,,,,-3.27208,,,,-2.142,,,,-1.82937,,,,-1.404,,,,-2.29918,,,,-2.349
,,,,-3.289,,,,-2.19843,,,,-2.232,,,,-1.25886,,,,-1.057,,,,-0.0838943,,,,-1.594,,,,-2.39979,,,,-4.37878,,,,-3.272,,,,-3.23853,,,,-2.109,,,,-1.82937,,,,-1.404,,,,-2.29918,,,,-2.349
,,,,-3.322,,,,-2.26561,,,,-2.277,,,,-1.29243,,,,-1.08,,,,-0.117473,,,,-1.617,,,,-2.39979,,,,-4.37878,,,,-3.305,,,,-3.27208,,,,-2.131,,,,-1.82937,,,,-1.427,,,,-2.33274,,,,-2.366
,,,,-3.289,,,,-2.19843,,,,-2.243,,,,-1.29243,,,,-1.069,,,,-0.0838943,,,,-1.617,,,,-2.43336,,,,-4.37878,,,,-3.272,,,,-3.23853,,,,-2.12,,,,-1.82937,,,,-1.415,,,,-2.33274,,,,-2.383
,,,,-3.322,,,,-2.26561,,,,-2.277,,,,-1.25886,,,,-1.069,,,,-0.117473,,,,-1.617,,,,-2.43336,,,,-4.37878,,,,-3.317,,,,-3.30563,,,,-2.131,,,,-1.82937,,,,-1.415,,,,-2.29918,,,,-2.366
,,,,-3.356,,,,-2.29918,,,,-2.299,,,,-1.326,,,,-1.102,,,,-0.117473,,,,-1.628,,,,-2.43336,,,,-4.4124,,,,-3.328,,,,-3.27208,,,,-2.154,,,,-1.86287,,,,-1.438,,,,-2.33274,,,,-2.383
,,,,-3.356,,,,-2.29918,,,,-2.31,,,,-1.326,,,,-1.113,,,,-0.151053,,,,-1.639,,,,-2.43336,,,,-4.4124,,,,-3.339,,,,-3.30563,,,,-2.165,,,,-1.86287,,,,-1.449,,,,-2.33274,,,,-2.383
,,,,-3.339,,,,-2.26561,,,,-2.321,,,,-1.39308,,,,-1.158,,,,-0.184562,,,,-1.673,,,,-2.46691,,,,-4.4124,,,,-3.328,,,,-3.30563,,,,-2.198,,,,-1.89651,,,,-1.482,,,,-2.36616,,,,-2.417
,,,,-3.356,,,,-2.29918,,,,-2.333,,,,-1.39308,,,,-1.158,,,,-0.184562,,,,-1.684,,,,-2.50047,,,,-4.4124,,,,-3.339,,,,-3.30563,,,,-2.198,,,,-1.89651,,,,-1.482,,,,-2.36616,,,,-2.433
,,,,-3.356,,,,-2.29918,,,,-2.333,,,,-1.35944,,,,-1.147,,,,-0.184562,,,,-1.684,,,,-2.50047,,,,-4.4124,,,,-3.35,,,,-3.33918,,,,-2.198,,,,-1.89651,,,,-1.482,,,,-2.36616,,,,-2.433
,,,,-3.423,,,,-2.39979,,,,-2.377,,,,-1.39308,,,,-1.169,,,,-0.218214,,,,-1.706,,,,-2.50047,,,,-4.44587,,,,-3.395,,,,-3.33918,,,,-2.21,,,,-1.89651,,,,-1.505,,,,-2.39979,,,,-2.45
,,,,-3.423,,,,-2.39979,,,,-2.422,,,,-1.52728,,,,-1.225,,,,-0.218214,,,,-1.706,,,,-2.50047,,,,-4.44587,,,,-3.395,,,,-3.33918,,,,-2.266,,,,-1.93007,,,,-1.516,,,,-2.39979,,,,-2.45
,,,,-3.406,,,,-2.36616,,,,-2.377,,,,-1.42664,,,,-1.192,,,,-0.218214,,,,-1.706,,,,-2.50047,,,,-4.44587,,,,-3.384,,,,-3.33918,,,,-2.232,,,,-1.93007,,,,-1.516,,,,-2.39979,,,,-2.45
,,,,-3.373,,,,-2.29918,,,,-2.366,,,,-1.46021,,,,-1.214,,,,-0.251791,,,,-1.729,,,,-2.50047,,,,-4.44587,,,,-3.361,,,,-3.33918,,,,-2.243,,,,-1.93007,,,,-1.538,,,,-2.43336,,,,-2.467
,,,,-3.373,,,,-2.29918,,,,-2.377,,,,-1.46021,,,,-1.225,,,,-0.251791,,,,-1.729,,,,-2.53395,,,,-4.44587,,,,-3.373,,,,-3.37259,,,,-2.265,,,,-1.96363,,,,-1.538,,,,-2.39979,,,,-2.467
,,,,-3.44,,,,-2.39979,,,,-2.411,,,,-1.46021,,,,-1.236,,,,-0.251791,,,,-1.729,,,,-2.50047,,,,-4.47942,,,,-3.417,,,,-3.37259,,,,-2.277,,,,-1.99719,,,,-1.561,,,,-2.43336,,,,-2.467
,,,,-3.406,,,,-2.33274,,,,-2.377,,,,-1.42664,,,,-1.225,,,,-0.251791,,,,-1.74,,,,-2.53395,,,,-4.47942,,,,-3.395,,,,-3.37259,,,,-2.265,,,,-1.99719,,,,-1.561,,,,-2.43336,,,,-2.484
,,,,-3.44,,,,-2.43336,,,,-2.422,,,,-1.46021,,,,-1.236,,,,-0.285374,,,,-1.762,,,,-2.53395,,,,-4.44587,,,,-3.417,,,,-3.37259,,,,-2.265,,,,-1.96363,,,,-1.572,,,,-2.46691,,,,-2.5
,,,,-3.44,,,,-2.43336,,,,-2.4,,,,-1.39308,,,,-1.225,,,,-0.285374,,,,-1.751,,,,-2.53395,,,,-4.44587,,,,-3.417,,,,-3.37259,,,,-2.254,,,,-1.99719,,,,-1.572,,,,-2.43336,,,,-2.484
,,,,-3.389,,,,-2.33274,,,,-2.4,,,,-1.49378,,,,-1.259,,,,-0.285374,,,,-1.773,,,,-2.56758,,,,-4.44587,,,,-3.384,,,,-3.37259,,,,-2.288,,,,-1.99719,,,,-1.583,,,,-2.46691,,,,-2.517
,,,,-3.373,,,,-2.29918,,,,-2.389,,,,-1.49378,,,,-1.27,,,,-0.31895,,,,-1.784,,,,-2.56758,,,,-4.44587,,,,-3.373,,,,-3.37259,,,,-2.288,,,,-1.99719,,,,-1.594,,,,-2.46691,,,,-2.517
,,,,-3.373,,,,-2.29918,,,,-2.411,,,,-1.56092,,,,-1.292,,,,-0.31895,,,,-1.796,,,,-2.60114,,,,-4.44587,,,,-3.373,,,,-3.37259,,,,-2.31,,,,-1.99719,,,,-1.594,,,,-2.46691,,,,-2.534
,,,,-3.423,,,,-2.39979,,,,-2.433,,,,-1.52728,,,,-1.303,,,,-0.3524,,,,-1.807,,,,-2.60114,,,,-4.44587,,,,-3.406,,,,-3.37259,,,,-2.31,,,,-2.03062,,,,-1.617,,,,-2.46691,,,,-2.534
,,,,-3.456,,,,-2.46691,,,,-2.444,,,,-1.46021,,,,-1.281,,,,-0.3524,,,,-1.796,,,,-2.56758,,,,-4.44587,,,,-3.44,,,,-3.40621,,,,-2.299,,,,-2.03062,,,,-1.617,,,,-2.46691,,,,-2.517
,,,,-3.473,,,,-2.46691,,,,-2.456,,,,-1.49378,,,,-1.292,,,,-0.3524,,,,-1.818,,,,-2.60114,,,,-4.47942,,,,-3.451,,,,-3.40621,,,,-2.31,,,,-2.03062,,,,-1.628,,,,-2.50047,,,,-2.551
,,,,-3.473,,,,-2.46691,,,,-2.5,,,,-1.59448,,,,-1.326,,,,-0.3524,,,,-1.829,,,,-2.6347,,,,-4.47942,,,,-3.462,,,,-3.43976,,,,-2.355,,,,-2.03062,,,,-1.628,,,,-2.50047,,,,-2.568
,,,,-3.44,,,,-2.39979,,,,-2.433,,,,-1.49378,,,,-1.315,,,,-0.386048,,,,-1.84,,,,-2.6347,,,,-4.47942,,,,-3.428,,,,-3.40621,,,,-2.321,,,,-2.06425,,,,-1.65,,,,-2.50047,,,,-2.568
,,,,-3.44,,,,-2.39979,,,,-2.456,,,,-1.56092,,,,-1.326,,,,-0.3524,,,,-1.829,,,,-2.6347,,,,-4.47942,,,,-3.428,,,,-3.40621,,,,-2.344,,,,-2.06425,,,,-1.639,,,,-2.50047,,,,-2.568
,,,,-3.473,,,,-2.43336,,,,-2.467,,,,-1.52728,,,,-1.337,,,,-0.386048,,,,-1.852,,,,-2.6347,,,,-4.51295,,,,-3.462,,,,-3.43976,,,,-2.355,,,,-2.09782,,,,-1.673,,,,-2.53395,,,,-2.584
,,,,-3.473,,,,-2.43336,,,,-2.478,,,,-1.56092,,,,-1.359,,,,-0.419626,,,,-1.863,,,,-2.6347,,,,-4.51295,,,,-3.462,,,,-3.43976,,,,-2.366,,,,-2.09782,,,,-1.684,,,,-2.53395,,,,-2.584
,,,,-3.44,,,,-2.36616,,,,-2.456,,,,-1.56092,,,,-1.348,,,,-0.386048,,,,-1.852,,,,-2.6347,,,,-4.51295,,,,-3.44,,,,-3.43976,,,,-2.366,,,,-2.09782,,,,-1.673,,,,-2.53395,,,,-2.584
,,,,-3.524,,,,-2.56758,,,,-2.534,,,,-1.59448,,,,-1.371,,,,-0.419626,,,,-1.863,,,,-2.6347,,,,-4.47942,,,,-3.496,,,,-3.43976,,,,-2.377,,,,-2.09782,,,,-1.684,,,,-2.53395,,,,-2.584
,,,,-3.473,,,,-2.43336,,,,-2.467,,,,-1.52728,,,,-1.348,,,,-0.386048,,,,-1.863,,,,-2.66825,,,,-4.51295,,,,-3.462,,,,-3.43976,,,,-2.366,,,,-2.13138,,,,-1.684,,,,-2.53395,,,,-2.601
,,,,-3.507,,,,-2.50047,,,,-2.523,,,,-1.59448,,,,-1.371,,,,-0.419626,,,,-1.874,,,,-2.66825,,,,-4.51295,,,,-3.496,,,,-3.47332,,,,-2.389,,,,-2.09782,,,,-1.684,,,,-2.53395,,,,-2.601
,,,,-3.507,,,,-2.50047,,,,-2.5,,,,-1.56092,,,,-1.382,,,,-0.45321,,,,-1.885,,,,-2.66825,,,,-4.51295,,,,-3.484,,,,-3.43976,,,,-2.377,,,,-2.13138,,,,-1.706,,,,-2.53395,,,,-2.601
,,,,-3.49,,,,-2.50047,,,,-2.489,,,,-1.52728,,,,-1.371,,,,-0.45321,,,,-1.896,,,,-2.66825,,,,-4.47942,,,,-3.473,,,,-3.43976,,,,-2.366,,,,-2.13138,,,,-1.717,,,,-2.56758,,,,-2.618
,,,,-3.507,,,,-2.50047,,,,-2.512,,,,-1.56092,,,,-1.382,,,,-0.45321,,,,-1.919,,,,-2.70167,,,,-4.51295,,,,-3.496,,,,-3.47332,,,,-2.389,,,,-2.13138,,,,-1.729,,,,-2.60114,,,,-2.651
,,,,-3.557,,,,-2.60114,,,,-2.579,,,,-1.66161,,,,-1.415,,,,-0.45321,,,,-1.907,,,,-2.70167,,,,-4.51295,,,,-3.529,,,,-3.47332,,,,-2.422,,,,-2.13138,,,,-1.717,,,,-2.56758,,,,-2.635
,,,,-3.54,,,,-2.53395,,,,-2.534,,,,-1.59448,,,,-1.415,,,,-0.486782,,,,-1.93,,,,-2.70167,,,,-4.54642,,,,-3.518,,,,-3.47332,,,,-2.411,,,,-2.16494,,,,-1.751,,,,-2.60114,,,,-2.651
,,,,-3.523,,,,-2.53395,,,,-2.523,,,,-1.56092,,,,-1.415,,,,-0.520283,,,,-1.941,,,,-2.70167,,,,-4.51295,,,,-3.507,,,,-3.47332,,,,-2.4,,,,-2.16494,,,,-1.762,,,,-2.60114,,,,-2.651
,,,,-3.574,,,,-2.60114,,,,-2.568,,,,-1.62804,,,,-1.427,,,,-0.486782,,,,-1.941,,,,-2.7353,,,,-4.54642,,,,-3.54,,,,-3.47332,,,,-2.422,,,,-2.16494,,,,-1.751,,,,-2.60114,,,,-2.668
,,,,-3.54,,,,-2.56758,,,,-2.579,,,,-1.69504,,,,-1.46,,,,-0.520283,,,,-1.952,,,,-2.7353,,,,-4.51295,,,,-3.518,,,,-3.47332,,,,-2.444,,,,-2.16494,,,,-1.762,,,,-2.60114,,,,-2.668
,,,,-3.574,,,,-2.60114,,,,-2.556,,,,-1.59448,,,,-1.427,,,,-0.520283,,,,-1.952,,,,-2.7353,,,,-4.54642,,,,-3.54,,,,-3.47332,,,,-2.411,,,,-2.16494,,,,-1.762,,,,-2.60114,,,,-2.668
,,,,-3.523,,,,-2.53395,,,,-2.567,,,,-1.66161,,,,-1.46,,,,-0.520283,,,,-1.941,,,,-2.70167,,,,-4.51295,,,,-3.518,,,,-3.50686,,,,-2.456,,,,-2.19843,,,,-1.773,,,,-2.60114,,,,-2.651
,,,,-3.507,,,,-2.46691,,,,-2.523,,,,-1.59448,,,,-1.438,,,,-0.553934,,,,-1.963,,,,-2.7353,,,,-4.54642,,,,-3.507,,,,-3.50686,,,,-2.422,,,,-2.16494,,,,-1.773,,,,-2.60114,,,,-2.668
,,,,-3.557,,,,-2.60114,,,,-2.59,,,,-1.66161,,,,-1.471,,,,-0.553934,,,,-1.975,,,,-2.7353,,,,-4.51295,,,,-3.54,,,,-3.50686,,,,-2.456,,,,-2.19843,,,,-1.796,,,,-2.6347,,,,-2.685
,,,,-3.607,,,,-2.70167,,,,-2.612,,,,-1.62804,,,,-1.46,,,,-0.553934,,,,-1.986,,,,-2.76885,,,,-4.51295,,,,-3.574,,,,-3.50686,,,,-2.444,,,,-2.19843,,,,-1.796,,,,-2.6347,,,,-2.702
,,,,-3.54,,,,-2.53395,,,,-2.612,,,,-1.76225,,,,-1.505,,,,-0.553934,,,,-1.975,,,,-2.7353,,,,-4.54642,,,,-3.54,,,,-3.54034,,,,-2.5,,,,-2.19843,,,,-1.796,,,,-2.6347,,,,-2.685
,,,,-3.607,,,,-2.6347,,,,-2.635,,,,-1.72868,,,,-1.505,,,,-0.58752,,,,-1.997,,,,-2.76885,,,,-4.58002,,,,-3.585,,,,-3.54034,,,,-2.489,,,,-2.19843,,,,-1.807,,,,-2.6347,,,,-2.702
,,,,-3.607,,,,-2.66825,,,,-2.635,,,,-1.69504,,,,-1.516,,,,-0.621094,,,,-2.019,,,,-2.80241,,,,-4.54642,,,,-3.585,,,,-3.54034,,,,-2.489,,,,-2.23206,,,,-1.829,,,,-2.6347,,,,-2.719
,,,,-3.557,,,,-2.56758,,,,-2.601,,,,-1.69504,,,,-1.516,,,,-0.58752,,,,-2.008,,,,-2.76885,,,,-4.54642,,,,-3.551,,,,-3.54034,,,,-2.5,,,,-2.26561,,,,-1.84,,,,-2.66825,,,,-2.719
,,,,-3.607,,,,-2.6347,,,,-2.635,,,,-1.69504,,,,-1.516,,,,-0.621094,,,,-2.019,,,,-2.76885,,,,-4.58002,,,,-3.596,,,,-3.57395,,,,-2.5,,,,-2.23206,,,,-1.84,,,,-2.66825,,,,-2.719
,,,,-3.591,,,,-2.60114,,,,-2.612,,,,-1.69504,,,,-1.516,,,,-0.621094,,,,-2.042,,,,-2.80241,,,,-4.58002,,,,-3.574,,,,-3.54034,,,,-2.489,,,,-2.23206,,,,-1.852,,,,-2.70167,,,,-2.752
,,,,-3.624,,,,-2.70167,,,,-2.69,,,,-1.79581,,,,-1.561,,,,-0.621094,,,,-2.019,,,,-2.76885,,,,-4.54642,,,,-3.607,,,,-3.57395,,,,-2.545,,,,-2.26561,,,,-1.852,,,,-2.66825,,,,-2.719
,,,,-3.641,,,,-2.70167,,,,-2.702,,,,-1.82937,,,,-1.572,,,,-0.621094,,,,-2.031,,,,-2.80241,,,,-4.58002,,,,-3.619,,,,-3.57395,,,,-2.556,,,,-2.26561,,,,-1.852,,,,-2.66825,,,,-2.735
,,,,-3.624,,,,-2.66825,,,,-2.668,,,,-1.79581,,,,-1.572,,,,-0.654667,,,,-2.053,,,,-2.83597,,,,-4.58002,,,,-3.596,,,,-3.54034,,,,-2.534,,,,-2.26561,,,,-1.863,,,,-2.66825,,,,-2.752
,,,,-3.624,,,,-2.66825,,,,-2.668,,,,-1.79581,,,,-1.572,,,,-0.654667,,,,-2.053,,,,-2.80241,,,,-4.58002,,,,-3.596,,,,-3.54034,,,,-2.534,,,,-2.26561,,,,-1.874,,,,-2.70167,,,,-2.752
,,,,-3.624,,,,-2.66825,,,,-2.691,,,,-1.82937,,,,-1.583,,,,-0.654667,,,,-2.064,,,,-2.83597,,,,-4.58002,,,,-3.607,,,,-3.57395,,,,-2.556,,,,-2.26561,,,,-1.874,,,,-2.70167,,,,-2.769
,,,,-3.658,,,,-2.70167,,,,-2.69,,,,-1.76225,,,,-1.583,,,,-0.688109,,,,-2.075,,,,-2.83597,,,,-4.61356,,,,-3.641,,,,-3.6075,,,,-2.556,,,,-2.29918,,,,-1.896,,,,-2.70167,,,,-2.769
,,,,-3.658,,,,-2.70167,,,,-2.702,,,,-1.76225,,,,-1.572,,,,-0.654667,,,,-2.075,,,,-2.83597,,,,-4.61356,,,,-3.652,,,,-3.64105,,,,-2.567,,,,-2.29918,,,,-1.896,,,,-2.7353,,,,-2.786
,,,,-3.691,,,,-2.7353,,,,-2.746,,,,-1.82937,,,,-1.606,,,,-0.688109,,,,-2.098,,,,-2.83597,,,,-4.6471,,,,-3.686,,,,-3.6746,,,,-2.601,,,,-2.29918,,,,-1.919,,,,-2.76885,,,,-2.802
,,,,-3.708,,,,-2.7353,,,,-2.769,,,,-1.86287,,,,-1.617,,,,-0.688109,,,,-2.12,,,,-2.86945,,,,-4.68063,,,,-3.708,,,,-3.70801,,,,-2.623,,,,-2.29918,,,,-1.93,,,,-2.80241,,,,-2.836
,,,,-3.758,,,,-2.7353,,,,-2.769,,,,-1.79581,,,,-1.617,,,,-0.721756,,,,-2.142,,,,-2.86945,,,,-4.78117,,,,-3.764,,,,-3.77517,,,,-2.635,,,,-2.33274,,,,-1.963,,,,-2.83597,,,,-2.853
,,,,-3.741,,,,-2.66825,,,,-2.791,,,,-1.89651,,,,-1.673,,,,-0.75533,,,,-2.176,,,,-2.90308,,,,-4.81471,,,,-3.764,,,,-3.80872,,,,-2.69,,,,-2.36616,,,,-1.997,,,,-2.86945,,,,-2.886
,,,,-3.775,,,,-2.7353,,,,-2.825,,,,-1.89651,,,,-1.684,,,,-0.75533,,,,-2.187,,,,-2.90308,,,,-4.81471,,,,-3.797,,,,-3.84226,,,,-2.713,,,,-2.39979,,,,-2.019,,,,-2.90308,,,,-2.903
,,,,-3.825,,,,-2.76885,,,,-2.847,,,,-1.89651,,,,-1.706,,,,-0.788907,,,,-2.221,,,,-2.93663,,,,-4.8817,,,,-3.842,,,,-3.87573,,,,-2.735,,,,-2.43336,,,,-2.053,,,,-2.93663,,,,-2.937
,,,,-3.859,,,,-2.80241,,,,-2.869,,,,-1.89651,,,,-1.695,,,,-0.75533,,,,-2.221,,,,-2.93663,,,,-4.91531,,,,-3.876,,,,-3.90935,,,,-2.746,,,,-2.43336,,,,-2.053,,,,-2.97018,,,,-2.953
,,,,-3.842,,,,-2.7353,,,,-2.881,,,,-1.99719,,,,-1.751,,,,-0.822482,,,,-2.254,,,,-2.97018,,,,-4.94884,,,,-3.864,,,,-3.90935,,,,-2.78,,,,-2.43336,,,,-2.075,,,,-2.97018,,,,-2.97
,,,,-3.876,,,,-2.76885,,,,-2.925,,,,-2.03062,,,,-1.785,,,,-0.822482,,,,-2.277,,,,-3.00373,,,,-4.98237,,,,-3.909,,,,-3.97644,,,,-2.836,,,,-2.50047,,,,-2.109,,,,-3.00373,,,,-3.004
,,,,-3.926,,,,-2.86945,,,,-2.981,,,,-2.09782,,,,-1.807,,,,-0.822482,,,,-2.288,,,,-3.00373,,,,-4.98237,,,,-3.943,,,,-3.97644,,,,-2.858,,,,-2.50047,,,,-2.12,,,,-3.03716,,,,-3.02
,,,,-3.993,,,,-2.80241,,,,-2.992,,,,-2.09782,,,,-1.773,,,,-0.822482,,,,-2.288,,,,-2.97018,,,,-5.1835,,,,-4.021,,,,-4.07706,,,,-2.858,,,,-2.39979,,,,-2.098,,,,-3.07077,,,,-3.02
,,,,-4.043,,,,-2.90308,,,,-3.071,,,,-2.13138,,,,-1.852,,,,-0.855981,,,,-2.366,,,,-3.07077,,,,-5.1835,,,,-4.088,,,,-4.17762,,,,-2.959,,,,-2.56758,,,,-2.198,,,,-3.17143,,,,-3.121
,,,,-4.094,,,,-2.93663,,,,-3.071,,,,-2.09782,,,,-1.863,,,,-0.923207,,,,-2.411,,,,-3.07077,,,,-5.25057,,,,-4.122,,,,-4.17762,,,,-2.948,,,,-2.56758,,,,-2.243,,,,-3.23853,,,,-3.155
,,,,-4.144,,,,-2.97018,,,,-3.093,,,,-2.09782,,,,-1.874,,,,-0.923207,,,,-2.433,,,,-3.10433,,,,-5.31763,,,,-4.166,,,,-4.21109,,,,-2.97,,,,-2.60114,,,,-2.265,,,,-3.27208,,,,-3.188
,,,,-4.177,,,,-3.00373,,,,-3.138,,,,-2.16494,,,,-1.919,,,,-0.923207,,,,-2.467,,,,-3.13788,,,,-5.35116,,,,-4.2,,,,-4.24471,,,,-3.026,,,,-2.66825,,,,-2.31,,,,-3.33918,,,,-3.239
,,,,-4.194,,,,-3.00373,,,,-3.138,,,,-2.16494,,,,-1.93,,,,-0.956779,,,,-2.478,,,,-3.17143,,,,-5.38461,,,,-4.211,,,,-4.24471,,,,-3.026,,,,-2.66825,,,,-2.31,,,,-3.30563,,,,-3.239
,,,,-4.244,,,,-3.03716,,,,-3.171,,,,-2.16494,,,,-1.941,,,,-0.990355,,,,-2.511,,,,-3.17143,,,,-5.45168,,,,-4.267,,,,-4.31178,,,,-3.048,,,,-2.66825,,,,-2.344,,,,-3.37259,,,,-3.272
,,,,-4.278,,,,-3.07077,,,,-3.194,,,,-2.16494,,,,-1.975,,,,-1.02379,,,,-2.545,,,,-3.23853,,,,-5.48521,,,,-4.3,,,,-4.34532,,,,-3.082,,,,-2.7353,,,,-2.377,,,,-3.37259,,,,-3.306
,,,,-4.278,,,,-3.07077,,,,-3.205,,,,-2.19843,,,,-1.986,,,,-1.02379,,,,-2.556,,,,-3.23853,,,,-5.48521,,,,-4.3,,,,-4.34532,,,,-3.093,,,,-2.7353,,,,-2.388,,,,-3.40621,,,,-3.322
,,,,-4.362,,,,-3.17143,,,,-3.283,,,,-2.26561,,,,-2.031,,,,-1.05743,,,,-2.579,,,,-3.23853,,,,-5.55219,,,,-4.379,,,,-4.4124,,,,-3.149,,,,-2.76885,,,,-2.422,,,,-3.43976,,,,-3.339
,,,,-4.345,,,,-3.10433,,,,-3.294,,,,-2.36616,,,,-2.075,,,,-1.05743,,,,-2.59,,,,-3.27208,,,,-5.58579,,,,-4.368,,,,-4.4124,,,,-3.194,,,,-2.80241,,,,-2.433,,,,-3.43976,,,,-3.356
,,,,-4.379,,,,-3.10433,,,,-3.305,,,,-2.36616,,,,-2.087,,,,-1.05743,,,,-2.612,,,,-3.30563,,,,-5.65284,,,,-4.401,,,,-4.44587,,,,-3.216,,,,-2.83597,,,,-2.456,,,,-3.47332,,,,-3.389
,,,,-4.412,,,,-3.13788,,,,-3.328,,,,-2.36616,,,,-2.109,,,,-1.12458,,,,-2.668,,,,-3.33918,,,,-5.68636,,,,-4.435,,,,-4.47942,,,,-3.227,,,,-2.83597,,,,-2.5,,,,-3.54034,,,,-3.44
,,,,-4.446,,,,-3.17143,,,,-3.373,,,,-2.46691,,,,-2.154,,,,-1.12458,,,,-2.668,,,,-3.33918,,,,-5.71983,,,,-4.457,,,,-4.47942,,,,-3.272,,,,-2.86945,,,,-2.511,,,,-3.54034,,,,-3.44
,,,,-4.412,,,,-3.07077,,,,-3.328,,,,-2.39979,,,,-2.142,,,,-1.12458,,,,-2.69,,,,-3.37259,,,,-5.75342,,,,-4.446,,,,-4.51295,,,,-3.272,,,,-2.90308,,,,-2.534,,,,-3.57395,,,,-3.473
,,,,-4.479,,,,-3.17143,,,,-3.406,,,,-2.50047,,,,-2.187,,,,-1.12458,,,,-2.724,,,,-3.40621,,,,-5.78695,,,,-4.502,,,,-4.54642,,,,-3.328,,,,-2.93663,,,,-2.567,,,,-3.64105,,,,-3.524
,,,,-4.529,,,,-3.23853,,,,-3.428,,,,-2.50047,,,,-2.198,,,,-1.15815,,,,-2.735,,,,-3.40621,,,,-5.8204,,,,-4.535,,,,-4.54642,,,,-3.328,,,,-2.93663,,,,-2.579,,,,-3.64105,,,,-3.524
,,,,-4.597,,,,-3.33918,,,,-3.451,,,,-2.43336,,,,-2.198,,,,-1.19165,,,,-2.769,,,,-3.43976,,,,-5.85393,,,,-4.591,,,,-4.58002,,,,-3.328,,,,-2.97018,,,,-2.612,,,,-3.6746,,,,-3.557
,,,,-4.613,,,,-3.30563,,,,-3.473,,,,-2.50047,,,,-2.221,,,,-1.19165,,,,-2.78,,,,-3.47332,,,,-5.92098,,,,-4.613,,,,-4.61356,,,,-3.361,,,,-2.97018,,,,-2.612,,,,-3.6746,,,,-3.574
,,,,-4.63,,,,-3.30563,,,,-3.507,,,,-2.60114,,,,-2.277,,,,-1.22529,,,,-2.825,,,,-3.50686,,,,-5.9545,,,,-4.625,,,,-4.61356,,,,-3.406,,,,-3.00373,,,,-2.657,,,,-3.74163,,,,-3.624
,,,,-4.68,,,,-3.37259,,,,-3.54,,,,-2.56758,,,,-2.288,,,,-1.25886,,,,-2.836,,,,-3.50686,,,,-5.98803,,,,-4.68,,,,-4.68063,,,,-3.428,,,,-3.03716,,,,-2.679,,,,-3.74163,,,,-3.624
,,,,-4.68,,,,-3.37259,,,,-3.518,,,,-2.50047,,,,-2.277,,,,-1.25886,,,,-2.858,,,,-3.54034,,,,-5.98803,,,,-4.68,,,,-4.68063,,,,-3.417,,,,-3.07077,,,,-2.702,,,,-3.77517,,,,-3.658
,,,,-4.664,,,,-3.30563,,,,-3.551,,,,-2.6347,,,,-2.333,,,,-1.29243,,,,-2.892,,,,-3.57395,,,,-6.02154,,,,-4.68,,,,-4.7141,,,,-3.473,,,,-3.07077,,,,-2.724,,,,-3.80872,,,,-3.691
,,,,-4.747,,,,-3.43976,,,,-3.619,,,,-2.66825,,,,-2.366,,,,-1.326,,,,-2.925,,,,-3.6075,,,,-6.055,,,,-4.747,,,,-4.74771,,,,-3.507,,,,-3.10433,,,,-2.758,,,,-3.84226,,,,-3.725
,,,,-4.764,,,,-3.47332,,,,-3.619,,,,-2.60114,,,,-2.344,,,,-1.29243,,,,-2.936,,,,-3.64105,,,,-6.055,,,,-4.77,,,,-4.78117,,,,-3.507,,,,-3.13788,,,,-2.769,,,,-3.87573,,,,-3.758
,,,,-4.731,,,,-3.37259,,,,-3.607,,,,-2.6347,,,,-2.366,,,,-1.326,,,,-2.948,,,,-3.64105,,,,-6.08859,,,,-4.759,,,,-4.81471,,,,-3.529,,,,-3.13788,,,,-2.78,,,,-3.87573,,,,-3.758
,,,,-4.781,,,,-3.43976,,,,-3.652,,,,-2.66825,,,,-2.4,,,,-1.35944,,,,-2.981,,,,-3.6746,,,,-6.12211,,,,-4.803,,,,-4.84824,,,,-3.563,,,,-3.17143,,,,-2.813,,,,-3.90935,,,,-3.792
,,,,-4.781,,,,-3.40621,,,,-3.663,,,,-2.7353,,,,-2.444,,,,-1.39308,,,,-3.004,,,,-3.6746,,,,-6.15557,,,,-4.803,,,,-4.84824,,,,-3.596,,,,-3.20491,,,,-2.847,,,,-3.94289,,,,-3.809
,,,,-4.865,,,,-3.54034,,,,-3.708,,,,-2.70167,,,,-2.444,,,,-1.39308,,,,-3.015,,,,-3.70801,,,,-6.18908,,,,-4.87,,,,-4.8817,,,,-3.607,,,,-3.23853,,,,-2.858,,,,-3.94289,,,,-3.825
,,,,-4.848,,,,-3.50686,,,,-3.73,,,,-2.76885,,,,-2.478,,,,-1.42664,,,,-3.048,,,,-3.74163,,,,-6.18908,,,,-4.87,,,,-4.91531,,,,-3.641,,,,-3.23853,,,,-2.881,,,,-3.97644,,,,-3.859
,,,,-4.848,,,,-3.47332,,,,-3.708,,,,-2.7353,,,,-2.467,,,,-1.42664,,,,-3.071,,,,-3.77517,,,,-6.22253,,,,-4.87,,,,-4.91531,,,,-3.63,,,,-3.23853,,,,-2.892,,,,-4.00997,,,,-3.893
,,,,-4.932,,,,-3.6075,,,,-3.764,,,,-2.7353,,,,-2.489,,,,-1.46021,,,,-3.104,,,,-3.80872,,,,-6.25613,,,,-4.937,,,,-4.94884,,,,-3.652,,,,-3.27208,,,,-2.925,,,,-4.04345,,,,-3.926
,,,,-4.915,,,,-3.54034,,,,-3.786,,,,-2.83597,,,,-2.534,,,,-1.49378,,,,-3.104,,,,-3.77517,,,,-6.28965,,,,-4.937,,,,-4.98237,,,,-3.697,,,,-3.27208,,,,-2.936,,,,-4.04345,,,,-3.909
,,,,-4.965,,,,-3.6075,,,,-3.842,,,,-2.90308,,,,-2.579,,,,-1.49378,,,,-3.127,,,,-3.80872,,,,-6.32317,,,,-4.982,,,,-5.01591,,,,-3.753,,,,-3.33918,,,,-2.97,,,,-4.07706,,,,-3.943
,,,,-4.965,,,,-3.6075,,,,-3.842,,,,-2.86945,,,,-2.579,,,,-1.52728,,,,-3.149,,,,-3.80872,,,,-6.32317,,,,-4.993,,,,-5.04937,,,,-3.753,,,,-3.33918,,,,-2.992,,,,-4.11053,,,,-3.96
,,,,-4.999,,,,-3.64105,,,,-3.876,,,,-2.90308,,,,-2.612,,,,-1.56092,,,,-3.205,,,,-3.87573,,,,-6.35669,,,,-5.027,,,,-5.08298,,,,-3.786,,,,-3.37259,,,,-3.037,,,,-4.17762,,,,-4.027
,,,,-5.032,,,,-3.6746,,,,-3.876,,,,-2.86945,,,,-2.567,,,,-1.49378,,,,-3.138,,,,-3.90935,,,,-6.39014,,,,-5.049,,,,-5.08298,,,,-3.764,,,,-3.33918,,,,-2.948,,,,-4.00997,,,,-3.96
,,,,-5.032,,,,-3.6746,,,,-3.909,,,,-2.90308,,,,-2.601,,,,-1.52728,,,,-3.104,,,,-3.87573,,,,-6.39014,,,,-5.072,,,,-5.14997,,,,-3.809,,,,-3.37259,,,,-2.936,,,,-3.90935,,,,-3.893
,,,,-5.083,,,,-3.70801,,,,-3.965,,,,-2.97018,,,,-2.612,,,,-1.59448,,,,-3.294,,,,-4.04345,,,,-6.45724,,,,-5.127,,,,-5.21696,,,,-3.82,,,,-3.27208,,,,-3.037,,,,-4.24471,,,,-4.144
,,,,-5.099,,,,-3.70801,,,,-3.976,,,,-2.97018,,,,-2.691,,,,-1.62804,,,,-3.317,,,,-4.00997,,,,-6.4907,,,,-5.15,,,,-5.25057,,,,-3.898,,,,-3.47332,,,,-3.138,,,,-4.31178,,,,-4.161
,,,,-5.116,,,,-3.70801,,,,-3.976,,,,-2.97018,,,,-2.702,,,,-1.66161,,,,-3.328,,,,-4.00997,,,,-6.52422,,,,-5.161,,,,-5.25057,,,,-3.898,,,,-3.47332,,,,-3.149,,,,-4.31178,,,,-4.161
,,,,-5.183,,,,-3.84226,,,,-4.043,,,,-3.03716,,,,-2.746,,,,-1.66161,,,,-3.372,,,,-4.07706,,,,-6.52422,,,,-5.206,,,,-5.25057,,,,-3.943,,,,-3.54034,,,,-3.194,,,,-4.37878,,,,-4.228
,,,,-5.2,,,,-3.84226,,,,-4.066,,,,-3.07077,,,,-2.769,,,,-1.69504,,,,-3.384,,,,-4.07706,,,,-6.55766,,,,-5.228,,,,-5.2841,,,,-3.965,,,,-3.54034,,,,-3.205,,,,-4.37878,,,,-4.228
,,,,-5.217,,,,-3.87573,,,,-4.088,,,,-3.03716,,,,-2.769,,,,-1.72868,,,,-3.406,,,,-4.07706,,,,-6.55766,,,,-5.262,,,,-5.35116,,,,-3.976,,,,-3.54034,,,,-3.227,,,,-4.4124,,,,-4.245
,,,,-5.217,,,,-3.80872,,,,-4.088,,,,-3.13788,,,,-2.814,,,,-1.72868,,,,-3.428,,,,-4.11053,,,,-6.62477,,,,-5.25,,,,-5.31763,,,,-4.01,,,,-3.57395,,,,-3.25,,,,-4.44587,,,,-4.278
,,,,-5.25,,,,-3.87573,,,,-4.11,,,,-3.10433,,,,-2.825,,,,-1.76225,,,,-3.451,,,,-4.14408,,,,-6.62477,,,,-5.284,,,,-5.35116,,,,-4.021,,,,-3.6075,,,,-3.272,,,,-4.44587,,,,-4.295
,,,,-5.301,,,,-3.94289,,,,-4.155,,,,-3.13788,,,,-2.847,,,,-1.79581,,,,-3.473,,,,-4.14408,,,,-6.65828,,,,-5.329,,,,-5.38461,,,,-4.043,,,,-3.6075,,,,-3.294,,,,-4.47942,,,,-4.312
,,,,-5.317,,,,-3.90935,,,,-4.166,,,,-3.13788,,,,-2.869,,,,-1.79581,,,,-3.495,,,,-4.17762,,,,-6.72524,,,,-5.362,,,,-5.45168,,,,-4.088,,,,-3.6746,,,,-3.328,,,,-4.51295,,,,-4.345
,,,,-5.351,,,,-3.97644,,,,-4.211,,,,-3.20491,,,,-2.914,,,,-1.82937,,,,-3.518,,,,-4.21109,,,,-6.72524,,,,-5.384,,,,-5.45168,,,,-4.122,,,,-3.70801,,,,-3.35,,,,-4.51295,,,,-4.362
,,,,-5.368,,,,-3.97644,,,,-4.2,,,,-3.17143,,,,-2.914,,,,-1.86287,,,,-3.551,,,,-4.24471,,,,-6.75883,,,,-5.396,,,,-5.45168,,,,-4.11,,,,-3.70801,,,,-3.372,,,,-4.54642,,,,-4.396
,,,,-5.368,,,,-3.94289,,,,-4.2,,,,-3.17143,,,,-2.925,,,,-1.86287,,,,-3.563,,,,-4.24471,,,,-6.79234,,,,-5.407,,,,-5.48521,,,,-4.133,,,,-3.74163,,,,-3.395,,,,-4.58002,,,,-4.412
,,,,-5.435,,,,-4.07706,,,,-4.278,,,,-3.23853,,,,-2.959,,,,-1.89651,,,,-3.596,,,,-4.31178,,,,-6.79234,,,,-5.463,,,,-5.51873,,,,-4.166,,,,-3.74163,,,,-3.406,,,,-4.58002,,,,-4.446
,,,,-5.401,,,,-4.00997,,,,-4.245,,,,-3.20491,,,,-2.959,,,,-1.89651,,,,-3.607,,,,-4.31178,,,,-6.79234,,,,-5.44,,,,-5.51873,,,,-4.166,,,,-3.77517,,,,-3.428,,,,-4.61356,,,,-4.463
,,,,-5.418,,,,-4.00997,,,,-4.267,,,,-3.23853,,,,-2.97,,,,-1.89651,,,,-3.607,,,,-4.31178,,,,-6.8258,,,,-5.463,,,,-5.55219,,,,-4.189,,,,-3.77517,,,,-3.428,,,,-4.61356,,,,-4.463
,,,,-5.451,,,,-4.04345,,,,-4.312,,,,-3.30563,,,,-3.015,,,,-1.93007,,,,-3.641,,,,-4.34532,,,,-6.85931,,,,-5.496,,,,-5.58579,,,,-4.233,,,,-3.80872,,,,-3.462,,,,-4.6471,,,,-4.496
,,,,-5.485,,,,-4.11053,,,,-4.323,,,,-3.27208,,,,-3.015,,,,-1.93007,,,,-3.652,,,,-4.34532,,,,-6.85931,,,,-5.519,,,,-5.58579,,,,-4.233,,,,-3.84226,,,,-3.484,,,,-4.68063,,,,-4.513
,,,,-5.535,,,,-4.17762,,,,-4.334,,,,-3.20491,,,,-3.004,,,,-1.96363,,,,-3.674,,,,-4.37878,,,,-6.89275,,,,-5.563,,,,-5.61931,,,,-4.222,,,,-3.84226,,,,-3.496,,,,-4.68063,,,,-4.53
,,,,-5.518,,,,-4.11053,,,,-4.379,,,,-3.37259,,,,-3.082,,,,-1.99719,,,,-3.697,,,,-4.4124,,,,-6.92633,,,,-5.563,,,,-5.65284,,,,-4.3,,,,-3.87573,,,,-3.518,,,,-4.68063,,,,-4.547
,,,,-5.585,,,,-4.21109,,,,-4.39,,,,-3.33918,,,,-3.082,,,,-1.99719,,,,-3.719,,,,-4.4124,,,,-6.95985,,,,-5.597,,,,-5.61931,,,,-4.289,,,,-3.90935,,,,-3.551,,,,-4.74771,,,,-4.58
,,,,-5.552,,,,-4.14408,,,,-4.379,,,,-3.30563,,,,-3.071,,,,-1.99719,,,,-3.73,,,,-4.44587,,,,-6.95985,,,,-5.597,,,,-5.68636,,,,-4.3,,,,-3.90935,,,,-3.551,,,,-4.74771,,,,-4.597
,,,,-5.535,,,,-4.07706,,,,-4.412,,,,-3.43976,,,,-3.127,,,,-2.03062,,,,-3.741,,,,-4.44587,,,,-6.99336,,,,-5.597,,,,-5.71983,,,,-4.356,,,,-3.90935,,,,-3.563,,,,-4.74771,,,,-4.597
,,,,-5.585,,,,-4.21109,,,,-4.457,,,,-3.43976,,,,-3.138,,,,-2.06425,,,,-3.786,,,,-4.51295,,,,-6.95985,,,,-5.63,,,,-5.71983,,,,-4.356,,,,-3.90935,,,,-3.585,,,,-4.78117,,,,-4.647
,,,,-5.585,,,,-4.17762,,,,-4.435,,,,-3.40621,,,,-3.138,,,,-2.06425,,,,-3.786,,,,-4.51295,,,,-6.99336,,,,-5.63,,,,-5.71983,,,,-4.356,,,,-3.94289,,,,-3.596,,,,-4.78117,,,,-4.647
,,,,-5.686,,,,-4.34532,,,,-4.524,,,,-3.47332,,,,-3.183,,,,-2.09782,,,,-3.797,,,,-4.51295,,,,-7.02687,,,,-5.709,,,,-5.75342,,,,-4.401,,,,-3.97644,,,,-3.618,,,,-4.78117,,,,-4.647
,,,,-5.653,,,,-4.27824,,,,-4.502,,,,-3.43976,,,,-3.171,,,,-2.09782,,,,-3.808,,,,-4.51295,,,,-7.02687,,,,-5.697,,,,-5.78695,,,,-4.401,,,,-3.97644,,,,-3.63,,,,-4.81471,,,,-4.664
,,,,-5.686,,,,-4.31178,,,,-4.513,,,,-3.43976,,,,-3.194,,,,-2.13138,,,,-3.842,,,,-4.58002,,,,-7.06032,,,,-5.72,,,,-5.78695,,,,-4.412,,,,-4.00997,,,,-3.652,,,,-4.81471,,,,-4.697
,,,,-5.72,,,,-4.34532,,,,-4.546,,,,-3.50686,,,,-3.227,,,,-2.13138,,,,-3.831,,,,-4.54642,,,,-7.0939,,,,-5.742,,,,-5.78695,,,,-4.446,,,,-4.04345,,,,-3.663,,,,-4.81471,,,,-4.681
,,,,-5.736,,,,-4.37878,,,,-4.569,,,,-3.50686,,,,-3.238,,,,-2.13138,,,,-3.853,,,,-4.58002,,,,-7.0939,,,,-5.764,,,,-5.8204,,,,-4.468,,,,-4.07706,,,,-3.686,,,,-4.84824,,,,-4.714
,,,,-5.736,,,,-4.34532,,,,-4.591,,,,-3.57395,,,,-3.272,,,,-2.16494,,,,-3.876,,,,-4.61356,,,,-7.12741,,,,-5.776,,,,-5.85393,,,,-4.502,,,,-4.07706,,,,-3.697,,,,-4.84824,,,,-4.731
,,,,-5.72,,,,-4.27824,,,,-4.558,,,,-3.54034,,,,-3.272,,,,-2.19843,,,,-3.92,,,,-4.6471,,,,-7.16086,,,,-5.764,,,,-5.85393,,,,-4.49,,,,-4.07706,,,,-3.73,,,,-4.91531,,,,-4.781
,,,,-5.753,,,,-4.34532,,,,-4.58,,,,-3.50686,,,,-3.261,,,,-2.19843,,,,-3.909,,,,-4.6471,,,,-7.16086,,,,-5.798,,,,-5.88738,,,,-4.49,,,,-4.07706,,,,-3.719,,,,-4.8817,,,,-4.764
,,,,-5.803,,,,-4.44587,,,,-4.625,,,,-3.54034,,,,-3.294,,,,-2.23206,,,,-3.943,,,,-4.68063,,,,-7.16086,,,,-5.831,,,,-5.88738,,,,-4.513,,,,-4.11053,,,,-3.753,,,,-4.91531,,,,-4.798
,,,,-5.787,,,,-4.37878,,,,-4.625,,,,-3.57395,,,,-3.317,,,,-2.26561,,,,-3.965,,,,-4.68063,,,,-7.19437,,,,-5.831,,,,-5.92098,,,,-4.535,,,,-4.11053,,,,-3.775,,,,-4.94884,,,,-4.815
,,,,-5.787,,,,-4.37878,,,,-4.625,,,,-3.57395,,,,-3.317,,,,-2.23206,,,,-3.965,,,,-4.7141,,,,-7.19437,,,,-5.831,,,,-5.92098,,,,-4.546,,,,-4.14408,,,,-3.775,,,,-4.94884,,,,-4.831
,,,,-5.854,,,,-4.47942,,,,-4.68,,,,-3.6075,,,,-3.35,,,,-2.26561,,,,-3.976,,,,-4.7141,,,,-7.22781,,,,-5.887,,,,-5.9545,,,,-4.58,,,,-4.17762,,,,-3.797,,,,-4.94884,,,,-4.831
,,,,-5.82,,,,-4.4124,,,,-4.68,,,,-3.6746,,,,-3.384,,,,-2.29918,,,,-4.01,,,,-4.74771,,,,-7.22781,,,,-5.865,,,,-5.9545,,,,-4.602,,,,-4.17762,,,,-3.82,,,,-4.98237,,,,-4.865
,,,,-5.904,,,,-4.58002,,,,-4.736,,,,-3.64105,,,,-3.395,,,,-2.33274,,,,-4.032,,,,-4.74771,,,,-7.22781,,,,-5.932,,,,-5.98803,,,,-4.613,,,,-4.21109,,,,-3.853,,,,-5.01591,,,,-4.882
,,,,-5.937,,,,-4.58002,,,,-4.748,,,,-3.6746,,,,-3.406,,,,-2.33274,,,,-4.043,,,,-4.78117,,,,-7.2949,,,,-5.954,,,,-5.98803,,,,-4.625,,,,-4.21109,,,,-3.853,,,,-5.01591,,,,-4.899
,,,,-5.904,,,,-4.51295,,,,-4.736,,,,-3.6746,,,,-3.417,,,,-2.33274,,,,-4.054,,,,-4.81471,,,,-7.2949,,,,-5.943,,,,-6.02154,,,,-4.647,,,,-4.24471,,,,-3.864,,,,-5.01591,,,,-4.915
,,,,-5.904,,,,-4.51295,,,,-4.748,,,,-3.70801,,,,-3.451,,,,-2.39979,,,,-4.088,,,,-4.81471,,,,-7.2949,,,,-5.943,,,,-6.02154,,,,-4.658,,,,-4.24471,,,,-3.898,,,,-5.04937,,,,-4.932
,,,,-5.904,,,,-4.44587,,,,-4.736,,,,-3.74163,,,,-3.462,,,,-2.39979,,,,-4.088,,,,-4.81471,,,,-7.36192,,,,-5.943,,,,-6.02154,,,,-4.669,,,,-4.24471,,,,-3.898,,,,-5.04937,,,,-4.932
,,,,-5.988,,,,-4.61356,,,,-4.815,,,,-3.74163,,,,-3.462,,,,-2.36616,,,,-4.099,,,,-4.84824,,,,-7.36192,,,,-6.021,,,,-6.08859,,,,-4.703,,,,-4.27824,,,,-3.909,,,,-5.08298,,,,-4.966
,,,,-5.937,,,,-4.51295,,,,-4.77,,,,-3.74163,,,,-3.484,,,,-2.39979,,,,-4.121,,,,-4.8817,,,,-7.36192,,,,-5.977,,,,-6.055,,,,-4.703,,,,-4.31178,,,,-3.932,,,,-5.08298,,,,-4.982
,,,,-5.988,,,,-4.58002,,,,-4.826,,,,-3.77517,,,,-3.496,,,,-2.39979,,,,-4.121,,,,-4.84824,,,,-7.39536,,,,-6.032,,,,-6.12211,,,,-4.736,,,,-4.31178,,,,-3.943,,,,-5.11645,,,,-4.982
,,,,-6.021,,,,-4.6471,,,,-4.859,,,,-3.80872,,,,-3.529,,,,-2.43336,,,,-4.155,,,,-4.8817,,,,-7.39536,,,,-6.055,,,,-6.12211,,,,-4.759,,,,-4.34532,,,,-3.976,,,,-5.14997,,,,-5.016
,,,,-6.038,,,,-4.6471,,,,-4.87,,,,-3.84226,,,,-3.54,,,,-2.43336,,,,-4.166,,,,-4.91531,,,,-7.42894,,,,-6.066,,,,-6.12211,,,,-4.77,,,,-4.34532,,,,-3.976,,,,-5.14997,,,,-5.033
,,,,-6.038,,,,-4.68063,,,,-4.904,,,,-3.87573,,,,-3.574,,,,-2.46691,,,,-4.189,,,,-4.91531,,,,-7.39536,,,,-6.077,,,,-6.15557,,,,-4.803,,,,-4.37878,,,,-4.01,,,,-5.1835,,,,-5.049
,,,,-6.088,,,,-4.74771,,,,-4.915,,,,-3.84226,,,,-3.563,,,,-2.46691,,,,-4.2,,,,-4.94884,,,,-7.42894,,,,-6.111,,,,-6.15557,,,,-4.792,,,,-4.37878,,,,-4.01,,,,-5.1835,,,,-5.066
,,,,-6.072,,,,-4.68063,,,,-4.915,,,,-3.87573,,,,-3.596,,,,-2.50047,,,,-4.211,,,,-4.94884,,,,-7.46244,,,,-6.111,,,,-6.18908,,,,-4.826,,,,-4.4124,,,,-4.032,,,,-5.1835,,,,-5.066
,,,,-6.088,,,,-4.7141,,,,-4.915,,,,-3.84226,,,,-3.574,,,,-2.50047,,,,-4.211,,,,-4.94884,,,,-7.46244,,,,-6.122,,,,-6.18908,,,,-4.803,,,,-4.37878,,,,-4.021,,,,-5.1835,,,,-5.066
,,,,-6.105,,,,-4.7141,,,,-4.96,,,,-3.94289,,,,-3.619,,,,-2.50047,,,,-4.233,,,,-4.98237,,,,-7.49595,,,,-6.144,,,,-6.22253,,,,-4.859,,,,-4.4124,,,,-4.043,,,,-5.21696,,,,-5.1
,,,,-6.105,,,,-4.7141,,,,-4.949,,,,-3.90935,,,,-3.63,,,,-2.53395,,,,-4.267,,,,-5.01591,,,,-7.49595,,,,-6.144,,,,-6.22253,,,,-4.859,,,,-4.44587,,,,-4.077,,,,-5.25057,,,,-5.133
,,,,-6.105,,,,-4.7141,,,,-4.971,,,,-3.94289,,,,-3.652,,,,-2.56758,,,,-4.278,,,,-5.01591,,,,-7.49595,,,,-6.155,,,,-6.25613,,,,-4.882,,,,-4.44587,,,,-4.088,,,,-5.25057,,,,-5.133
,,,,-6.105,,,,-4.68063,,,,-4.971,,,,-3.97644,,,,-3.641,,,,-2.6347,,,,-4.222,,,,-5.01591,,,,-7.52939,,,,-6.155,,,,-6.25613,,,,-4.848,,,,-4.31178,,,,-3.987,,,,-5.01591,,,,-5.016
,,,,-6.138,,,,-4.7141,,,,-4.971,,,,-3.90935,,,,-3.73,,,,-2.60114,,,,-4.256,,,,-4.94884,,,,-7.56284,,,,-6.189,,,,-6.28965,,,,-4.96,,,,-4.68063,,,,-4.166,,,,-5.21696,,,,-5.083
,,,,-6.189,,,,-4.78117,,,,-5.005,,,,-3.94289,,,,-3.708,,,,-2.6347,,,,-4.345,,,,-5.08298,,,,-7.59641,,,,-6.222,,,,-6.28965,,,,-4.926,,,,-4.54642,,,,-4.166,,,,-5.31763,,,,-5.2
,,,,-6.189,,,,-4.78117,,,,-5.016,,,,-3.94289,,,,-3.708,,,,-2.6347,,,,-4.345,,,,-5.08298,,,,-7.59641,,,,-6.234,,,,-6.32317,,,,-4.937,,,,-4.54642,,,,-4.166,,,,-5.31763,,,,-5.2
,,,,-6.189,,,,-4.74771,,,,-5.038,,,,-4.00997,,,,-3.73,,,,-2.6347,,,,-4.356,,,,-5.08298,,,,-7.62991,,,,-6.245,,,,-6.35669,,,,-4.971,,,,-4.54642,,,,-4.177,,,,-5.35116,,,,-5.217
,,,,-6.189,,,,-4.74771,,,,-5.049,,,,-4.04345,,,,-3.742,,,,-2.6347,,,,-4.367,,,,-5.11645,,,,-7.62991,,,,-6.245,,,,-6.35669,,,,-4.982,,,,-4.54642,,,,-4.177,,,,-5.35116,,,,-5.234
,,,,-6.222,,,,-4.81471,,,,-5.083,,,,-4.07706,,,,-3.775,,,,-2.66825,,,,-4.39,,,,-5.11645,,,,-7.62991,,,,-6.267,,,,-6.35669,,,,-5.005,,,,-4.58002,,,,-4.211,,,,-5.38461,,,,-5.251
,,,,-6.289,,,,-4.91531,,,,-5.116,,,,-4.04345,,,,-3.764,,,,-2.66825,,,,-4.412,,,,-5.14997,,,,-7.66343,,,,-6.323,,,,-6.39014,,,,-5.005,,,,-4.58002,,,,-4.222,,,,-5.41822,,,,-5.284
,,,,-6.273,,,,-4.84824,,,,-5.105,,,,-4.07706,,,,-3.797,,,,-2.70167,,,,-4.423,,,,-5.14997,,,,-7.69693,,,,-6.312,,,,-6.39014,,,,-5.027,,,,-4.61356,,,,-4.244,,,,-5.41822,,,,-5.284
,,,,-6.256,,,,-4.81471,,,,-5.116,,,,-4.11053,,,,-3.809,,,,-2.70167,,,,-4.434,,,,-5.1835,,,,-7.69693,,,,-6.312,,,,-6.42372,,,,-5.049,,,,-4.61356,,,,-4.244,,,,-5.41822,,,,-5.301
,,,,-6.306,,,,-4.8817,,,,-5.127,,,,-4.07706,,,,-3.809,,,,-2.70167,,,,-4.434,,,,-5.1835,,,,-7.73036,,,,-6.345,,,,-6.42372,,,,-5.049,,,,-4.6471,,,,-4.256,,,,-5.41822,,,,-5.301
,,,,-6.323,,,,-4.91531,,,,-5.139,,,,-4.07706,,,,-3.82,,,,-2.7353,,,,-4.479,,,,-5.21696,,,,-7.73036,,,,-6.356,,,,-6.42372,,,,-5.049,,,,-4.6471,,,,-4.289,,,,-5.48521,,,,-5.351
,,,,-6.306,,,,-4.8817,,,,-5.15,,,,-4.11053,,,,-3.842,,,,-2.76885,,,,-4.468,,,,-5.1835,,,,-7.73036,,,,-6.356,,,,-6.45724,,,,-5.072,,,,-4.6471,,,,-4.289,,,,-5.45168,,,,-5.318
,,,,-6.306,,,,-4.84824,,,,-5.15,,,,-4.14408,,,,-3.876,,,,-2.76885,,,,-4.502,,,,-5.25057,,,,-7.76394,,,,-6.356,,,,-6.45724,,,,-5.105,,,,-4.7141,,,,-4.323,,,,-5.48521,,,,-5.368
,,,,-6.39,,,,-4.98237,,,,-5.195,,,,-4.14408,,,,-3.876,,,,-2.80241,,,,-4.535,,,,-5.2841,,,,-7.79744,,,,-6.412,,,,-6.45724,,,,-5.094,,,,-4.68063,,,,-4.334,,,,-5.51873,,,,-5.401
,,,,-6.373,,,,-4.94884,,,,-5.183,,,,-4.11053,,,,-3.887,,,,-2.83597,,,,-4.546,,,,-5.2841,,,,-7.79744,,,,-6.412,,,,-6.4907,,,,-5.105,,,,-4.7141,,,,-4.356,,,,-5.51873,,,,-5.401
,,,,-6.44,,,,-5.04937,,,,-5.217,,,,-4.11053,,,,-3.898,,,,-2.83597,,,,-4.557,,,,-5.31763,,,,-7.83094,,,,-6.457,,,,-6.4907,,,,-5.116,,,,-4.74771,,,,-4.367,,,,-5.51873,,,,-5.418
,,,,-6.407,,,,-4.98237,,,,-5.228,,,,-4.17762,,,,-3.932,,,,-2.83597,,,,-4.569,,,,-5.31763,,,,-7.83094,,,,-6.446,,,,-6.52422,,,,-5.161,,,,-4.78117,,,,-4.39,,,,-5.55219,,,,-5.435
,,,,-6.373,,,,-4.91531,,,,-5.239,,,,-4.24471,,,,-3.965,,,,-2.86945,,,,-4.591,,,,-5.31763,,,,-7.83094,,,,-6.435,,,,-6.55766,,,,-5.195,,,,-4.78117,,,,-4.412,,,,-5.58579,,,,-5.452
,,,,-6.457,,,,-5.04937,,,,-5.284,,,,-4.24471,,,,-3.976,,,,-2.90308,,,,-4.613,,,,-5.35116,,,,-7.86439,,,,-6.49,,,,-6.55766,,,,-5.195,,,,-4.78117,,,,-4.423,,,,-5.58579,,,,-5.468
,,,,-6.507,,,,-5.14997,,,,-5.34,,,,-4.27824,,,,-3.987,,,,-2.86945,,,,-4.613,,,,-5.38461,,,,-7.86439,,,,-6.535,,,,-6.59125,,,,-5.228,,,,-4.81471,,,,-4.423,,,,-5.58579,,,,-5.485
,,,,-6.507,,,,-5.11645,,,,-5.306,,,,-4.21109,,,,-3.976,,,,-2.90308,,,,-4.624,,,,-5.38461,,,,-7.89782,,,,-6.535,,,,-6.59125,,,,-5.206,,,,-4.81471,,,,-4.435,,,,-5.58579,,,,-5.485
,,,,-6.49,,,,-5.08298,,,,-5.329,,,,-4.31178,,,,-4.032,,,,-2.93663,,,,-4.647,,,,-5.38461,,,,-7.89782,,,,-6.524,,,,-6.59125,,,,-5.25,,,,-4.84824,,,,-4.468,,,,-5.61931,,,,-5.502
,,,,-6.524,,,,-5.11645,,,,-5.351,,,,-4.34532,,,,-3.976,,,,-2.80241,,,,-4.502,,,,-5.35116,,,,-7.9314,,,,-6.546,,,,-6.59125,,,,-5.239,,,,-4.78117,,,,-4.312,,,,-5.35116,,,,-5.351
,,,,-6.474,,,,-5.04937,,,,-5.373,,,,-4.37878,,,,-4.055,,,,-2.90308,,,,-4.68,,,,-5.45168,,,,-7.89782,,,,-6.546,,,,-6.69181,,,,-5.317,,,,-4.8817,,,,-4.49,,,,-5.68636,,,,-5.569
,,,,-6.557,,,,-5.14997,,,,-5.385,,,,-4.37878,,,,-4.099,,,,-3.00373,,,,-4.725,,,,-5.48521,,,,-7.9649,,,,-6.58,,,,-6.62477,,,,-5.306,,,,-4.91531,,,,-4.535,,,,-5.68636,,,,-5.586
,,,,-6.557,,,,-5.14997,,,,-5.396,,,,-4.34532,,,,-4.099,,,,-3.00373,,,,-4.736,,,,-5.51873,,,,-7.9649,,,,-6.602,,,,-6.69181,,,,-5.329,,,,-4.94884,,,,-4.546,,,,-5.68636,,,,-5.603
,,,,-6.591,,,,-5.1835,,,,-5.452,,,,-4.47942,,,,-4.155,,,,-3.03716,,,,-4.759,,,,-5.51873,,,,-7.9984,,,,-6.625,,,,-6.69181,,,,-5.373,,,,-4.94884,,,,-4.569,,,,-5.71983,,,,-5.619
,,,,-6.658,,,,-5.31763,,,,-5.496,,,,-4.44587,,,,-4.144,,,,-3.03716,,,,-4.759,,,,-5.55219,,,,-7.9984,,,,-6.68,,,,-6.72524,,,,-5.373,,,,-4.94884,,,,-4.557,,,,-5.68636,,,,-5.619
,,,,-6.624,,,,-5.21696,,,,-5.418,,,,-4.31178,,,,-4.11,,,,-3.03716,,,,-4.77,,,,-5.55219,,,,-8.03191,,,,-6.658,,,,-6.72524,,,,-5.34,,,,-4.98237,,,,-4.58,,,,-5.71983,,,,-5.636
,,,,-6.641,,,,-5.25057,,,,-5.463,,,,-4.4124,,,,-4.178,,,,-3.10433,,,,-4.803,,,,-5.55219,,,,-8.03191,,,,-6.669,,,,-6.72524,,,,-5.385,,,,-5.01591,,,,-4.625,,,,-5.75342,,,,-5.653
,,,,-6.641,,,,-5.2841,,,,-5.507,,,,-4.47942,,,,-4.2,,,,-3.10433,,,,-4.803,,,,-5.58579,,,,-7.9984,,,,-6.68,,,,-6.75883,,,,-5.418,,,,-5.01591,,,,-4.613,,,,-5.71983,,,,-5.653
,,,,-6.608,,,,-5.21696,,,,-5.474,,,,-4.44587,,,,-4.189,,,,-3.10433,,,,-4.815,,,,-5.58579,,,,-7.9984,,,,-6.658,,,,-6.75883,,,,-5.407,,,,-5.01591,,,,-4.625,,,,-5.75342,,,,-5.67
,,,,-6.675,,,,-5.31763,,,,-5.485,,,,-4.4124,,,,-4.189,,,,-3.10433,,,,-4.826,,,,-5.58579,,,,-8.03191,,,,-6.692,,,,-6.72524,,,,-5.396,,,,-5.04937,,,,-4.647,,,,-5.78695,,,,-5.686
,,,,-6.675,,,,-5.2841,,,,-5.474,,,,-4.37878,,,,-4.2,,,,-3.13788,,,,-4.848,,,,-5.61931,,,,-8.06533,,,,-6.703,,,,-6.75883,,,,-5.407,,,,-5.08298,,,,-4.669,,,,-5.78695,,,,-5.703
,,,,-6.759,,,,-5.45168,,,,-5.608,,,,-4.58002,,,,-4.289,,,,-3.17143,,,,-4.87,,,,-5.61931,,,,-8.06533,,,,-6.77,,,,-6.79234,,,,-5.496,,,,-5.11645,,,,-4.703,,,,-5.8204,,,,-5.72
,,,,-6.675,,,,-5.2841,,,,-5.519,,,,-4.51295,,,,-4.267,,,,-3.17143,,,,-4.882,,,,-5.65284,,,,-8.06533,,,,-6.703,,,,-6.75883,,,,-5.463,,,,-5.11645,,,,-4.703,,,,-5.8204,,,,-5.737
,,,,-6.692,,,,-5.2841,,,,-5.519,,,,-4.47942,,,,-4.256,,,,-3.20491,,,,-4.893,,,,-5.65284,,,,-8.0989,,,,-6.725,,,,-6.79234,,,,-5.452,,,,-5.08298,,,,-4.703,,,,-5.8204,,,,-5.737
,,,,-6.708,,,,-5.31763,,,,-5.541,,,,-4.47942,,,,-4.267,,,,-3.20491,,,,-4.915,,,,-5.68636,,,,-8.0989,,,,-6.747,,,,-6.8258,,,,-5.474,,,,-5.11645,,,,-4.725,,,,-5.85393,,,,-5.77
,,,,-6.708,,,,-5.31763,,,,-5.574,,,,-4.58002,,,,-4.3,,,,-3.20491,,,,-4.926,,,,-5.71983,,,,-8.0989,,,,-6.747,,,,-6.8258,,,,-5.507,,,,-5.11645,,,,-4.725,,,,-5.85393,,,,-5.787
,,,,-6.725,,,,-5.31763,,,,-5.574,,,,-4.54642,,,,-4.289,,,,-3.20491,,,,-4.926,,,,-5.71983,,,,-8.1324,,,,-6.77,,,,-6.85931,,,,-5.507,,,,-5.11645,,,,-4.725,,,,-5.85393,,,,-5.787
,,,,-6.792,,,,-5.45168,,,,-5.619,,,,-4.54642,,,,-4.3,,,,-3.20491,,,,-4.926,,,,-5.71983,,,,-8.1324,,,,-6.814,,,,-6.85931,,,,-5.519,,,,-5.14997,,,,-4.736,,,,-5.85393,,,,-5.787
,,,,-6.775,,,,-5.41822,,,,-5.608,,,,-4.54642,,,,-4.323,,,,-3.27208,,,,-4.971,,,,-5.75342,,,,-8.1324,,,,-6.803,,,,-6.85931,,,,-5.519,,,,-5.14997,,,,-4.77,,,,-5.88738,,,,-5.82
,,,,-6.826,,,,-5.51873,,,,-5.664,,,,-4.58002,,,,-4.334,,,,-3.23853,,,,-4.971,,,,-5.75342,,,,-8.1324,,,,-6.848,,,,-6.89275,,,,-5.552,,,,-5.1835,,,,-4.781,,,,-5.92098,,,,-5.837
,,,,-6.792,,,,-5.45168,,,,-5.641,,,,-4.58002,,,,-4.345,,,,-3.27208,,,,-4.982,,,,-5.78695,,,,-8.1324,,,,-6.826,,,,-6.89275,,,,-5.552,,,,-5.1835,,,,-4.781,,,,-5.88738,,,,-5.837
,,,,-6.792,,,,-5.41822,,,,-5.63,,,,-4.61356,,,,-4.379,,,,-3.30563,,,,-5.005,,,,-5.78695,,,,-8.16591,,,,-6.814,,,,-6.85931,,,,-5.563,,,,-5.21696,,,,-4.815,,,,-5.92098,,,,-5.854
,,,,-6.826,,,,-5.48521,,,,-5.675,,,,-4.61356,,,,-4.39,,,,-3.33918,,,,-5.027,,,,-5.8204,,,,-8.16591,,,,-6.859,,,,-6.92633,,,,-5.586,,,,-5.21696,,,,-4.826,,,,-5.92098,,,,-5.871
,,,,-6.809,,,,-5.41822,,,,-5.653,,,,-4.61356,,,,-4.39,,,,-3.30563,,,,-5.027,,,,-5.85393,,,,-8.19934,,,,-6.848,,,,-6.92633,,,,-5.597,,,,-5.25057,,,,-4.826,,,,-5.92098,,,,-5.887
,,,,-6.842,,,,-5.48521,,,,-5.697,,,,-4.68063,,,,-4.423,,,,-3.37259,,,,-5.049,,,,-5.8204,,,,-8.19934,,,,-6.87,,,,-6.92633,,,,-5.608,,,,-5.21696,,,,-4.848,,,,-5.9545,,,,-5.887
,,,,-6.826,,,,-5.48521,,,,-5.686,,,,-4.6471,,,,-4.423,,,,-3.33918,,,,-5.038,,,,-5.8204,,,,-8.16591,,,,-6.859,,,,-6.92633,,,,-5.619,,,,-5.2841,,,,-4.859,,,,-5.9545,,,,-5.887
,,,,-6.892,,,,-5.55219,,,,-5.753,,,,-4.74771,,,,-4.468,,,,-3.37259,,,,-5.06,,,,-5.85393,,,,-8.23278,,,,-6.915,,,,-6.95985,,,,-5.664,,,,-5.2841,,,,-4.87,,,,-5.9545,,,,-5.904
,,,,-6.876,,,,-5.51873,,,,-5.742,,,,-4.74771,,,,-4.468,,,,-3.37259,,,,-5.072,,,,-5.85393,,,,-8.23278,,,,-6.904,,,,-6.95985,,,,-5.664,,,,-5.2841,,,,-4.882,,,,-5.98803,,,,-5.921
,,,,-6.909,,,,-5.58579,,,,-5.753,,,,-4.68063,,,,-4.446,,,,-3.37259,,,,-5.083,,,,-5.88738,,,,-8.23278,,,,-6.937,,,,-6.99336,,,,-5.653,,,,-5.2841,,,,-4.882,,,,-5.98803,,,,-5.938
,,,,-6.859,,,,-5.51873,,,,-5.753,,,,-4.74771,,,,-4.491,,,,-3.40621,,,,-5.094,,,,-5.88738,,,,-8.19934,,,,-6.904,,,,-6.99336,,,,-5.686,,,,-5.31763,,,,-4.904,,,,-5.98803,,,,-5.938
,,,,-6.926,,,,-5.61931,,,,-5.776,,,,-4.7141,,,,-4.502,,,,-3.43976,,,,-5.116,,,,-5.88738,,,,-8.23278,,,,-6.948,,,,-6.99336,,,,-5.686,,,,-5.35116,,,,-4.937,,,,-6.02154,,,,-5.954
,,,,-6.943,,,,-5.61931,,,,-5.776,,,,-4.74771,,,,-4.502,,,,-3.43976,,,,-5.127,,,,-5.92098,,,,-8.26635,,,,-6.949,,,,-6.95985,,,,-5.675,,,,-5.31763,,,,-4.926,,,,-6.02154,,,,-5.971
,,,,-6.926,,,,-5.58579,,,,-5.798,,,,-4.78117,,,,-4.524,,,,-3.43976,,,,-5.127,,,,-5.92098,,,,-8.26635,,,,-6.96,,,,-7.02687,,,,-5.72,,,,-5.35116,,,,-4.937,,,,-6.02154,,,,-5.971
,,,,-6.96,,,,-5.65284,,,,-5.82,,,,-4.78117,,,,-4.535,,,,-3.47332,,,,-5.161,,,,-5.9545,,,,-8.26635,,,,-6.982,,,,-7.02687,,,,-5.72,,,,-5.35116,,,,-4.96,,,,-6.055,,,,-6.005
,,,,-6.993,,,,-5.68636,,,,-5.843,,,,-4.81471,,,,-4.546,,,,-3.47332,,,,-5.172,,,,-5.9545,,,,-8.29984,,,,-7.004,,,,-7.02687,,,,-5.731,,,,-5.35116,,,,-4.971,,,,-6.08859,,,,-6.022
,,,,-7.01,,,,-5.71983,,,,-5.865,,,,-4.81471,,,,-4.558,,,,-3.47332,,,,-5.161,,,,-5.9545,,,,-8.29984,,,,-7.027,,,,-7.06032,,,,-5.753,,,,-5.38461,,,,-4.971,,,,-6.055,,,,-6.005
,,,,-6.976,,,,-5.65284,,,,-5.854,,,,-4.81471,,,,-4.569,,,,-3.50686,,,,-5.194,,,,-5.98803,,,,-8.29984,,,,-7.016,,,,-7.0939,,,,-5.764,,,,-5.38461,,,,-4.993,,,,-6.08859,,,,-6.038
,,,,-6.993,,,,-5.68636,,,,-5.876,,,,-4.84824,,,,-4.591,,,,-3.50686,,,,-5.194,,,,-5.98803,,,,-8.29984,,,,-7.027,,,,-7.0939,,,,-5.787,,,,-5.41822,,,,-5.005,,,,-6.08859,,,,-6.038
,,,,-6.993,,,,-5.68636,,,,-5.887,,,,-4.8817,,,,-4.591,,,,-3.50686,,,,-5.194,,,,-5.98803,,,,-8.29984,,,,-7.027,,,,-7.0939,,,,-5.787,,,,-5.38461,,,,-4.993,,,,-6.08859,,,,-6.038
,,,,-7.01,,,,-5.68636,,,,-5.865,,,,-4.81471,,,,-4.602,,,,-3.54034,,,,-5.228,,,,-6.02154,,,,-8.33334,,,,-7.038,,,,-7.0939,,,,-5.787,,,,-5.45168,,,,-5.038,,,,-6.12211,,,,-6.072
,,,,-7.06,,,,-5.78695,,,,-5.943,,,,-4.94884,,,,-4.647,,,,-3.57395,,,,-5.239,,,,-6.02154,,,,-8.33334,,,,-7.071,,,,-7.0939,,,,-5.82,,,,-5.41822,,,,-5.038,,,,-6.12211,,,,-6.072
,,,,-7.027,,,,-5.71983,,,,-5.887,,,,-4.84824,,,,-4.625,,,,-3.57395,,,,-5.239,,,,-6.02154,,,,-8.33334,,,,-7.049,,,,-7.0939,,,,-5.798,,,,-5.45168,,,,-5.049,,,,-6.12211,,,,-6.072
,,,,-7.01,,,,-5.65284,,,,-5.899,,,,-4.94884,,,,-4.658,,,,-3.57395,,,,-5.25,,,,-6.055,,,,-8.36685,,,,-7.038,,,,-7.0939,,,,-5.831,,,,-5.45168,,,,-5.049,,,,-6.12211,,,,-6.089
,,,,-7.043,,,,-5.71983,,,,-5.932,,,,-4.91531,,,,-4.669,,,,-3.6075,,,,-5.273,,,,-6.055,,,,-8.36685,,,,-7.083,,,,-7.16086,,,,-5.854,,,,-5.48521,,,,-5.083,,,,-6.15557,,,,-6.105
,,,,-7.06,,,,-5.75342,,,,-5.966,,,,-4.94884,,,,-4.681,,,,-3.64105,,,,-5.284,,,,-6.02154,,,,-8.36685,,,,-7.105,,,,-7.19437,,,,-5.865,,,,-5.45168,,,,-5.094,,,,-6.18908,,,,-6.105
,,,,-7.06,,,,-5.75342,,,,-5.966,,,,-4.94884,,,,-4.692,,,,-3.64105,,,,-5.329,,,,-6.12211,,,,-8.36685,,,,-7.105,,,,-7.19437,,,,-5.876,,,,-5.48521,,,,-5.116,,,,-6.22253,,,,-6.172
,,,,-7.127,,,,-5.88738,,,,-6.033,,,,-4.98237,,,,-4.736,,,,-3.6746,,,,-5.34,,,,-6.12211,,,,-8.36685,,,,-7.161,,,,-7.22781,,,,-5.921,,,,-5.55219,,,,-5.15,,,,-6.22253,,,,-6.172
,,,,-7.094,,,,-5.75342,,,,-5.943,,,,-4.8817,,,,-4.703,,,,-3.6746,,,,-5.351,,,,-6.15557,,,,-8.43383,,,,-7.127,,,,-7.19437,,,,-5.876,,,,-5.55219,,,,-5.15,,,,-6.22253,,,,-6.189
,,,,-7.11,,,,-5.8204,,,,-5.999,,,,-4.94884,,,,-4.736,,,,-3.70801,,,,-5.373,,,,-6.15557,,,,-8.40027,,,,-7.149,,,,-7.22781,,,,-5.91,,,,-5.55219,,,,-5.172,,,,-6.25613,,,,-6.206
,,,,-7.127,,,,-5.8204,,,,-6.01,,,,-4.98237,,,,-4.759,,,,-3.70801,,,,-5.384,,,,-6.18908,,,,-8.43383,,,,-7.161,,,,-7.22781,,,,-5.932,,,,-5.58579,,,,-5.183,,,,-6.25613,,,,-6.223
,,,,-7.11,,,,-5.78695,,,,-6.021,,,,-5.01591,,,,-4.77,,,,-3.70801,,,,-5.384,,,,-6.18908,,,,-8.43383,,,,-7.161,,,,-7.26139,,,,-5.954,,,,-5.58579,,,,-5.183,,,,-6.25613,,,,-6.223
,,,,-7.161,,,,-5.85393,,,,-6.033,,,,-4.98237,,,,-4.781,,,,-3.74163,,,,-5.407,,,,-6.18908,,,,-8.46734,,,,-7.194,,,,-7.26139,,,,-5.954,,,,-5.61931,,,,-5.217,,,,-6.28965,,,,-6.239
,,,,-7.161,,,,-5.88738,,,,-6.044,,,,-4.98237,,,,-4.781,,,,-3.74163,,,,-5.407,,,,-6.18908,,,,-8.43383,,,,-7.194,,,,-7.26139,,,,-5.954,,,,-5.61931,,,,-5.217,,,,-6.28965,,,,-6.239
,,,,-7.194,,,,-5.88738,,,,-6.066,,,,-5.04937,,,,-4.803,,,,-3.74163,,,,-5.407,,,,-6.18908,,,,-8.50084,,,,-7.217,,,,-7.26139,,,,-5.977,,,,-5.61931,,,,-5.217,,,,-6.28965,,,,-6.239
,,,,-7.194,,,,-5.92098,,,,-6.077,,,,-5.04937,,,,-4.826,,,,-3.77517,,,,-5.44,,,,-6.22253,,,,-8.46734,,,,-7.217,,,,-7.26139,,,,-5.988,,,,-5.65284,,,,-5.25,,,,-6.32317,,,,-6.273
,,,,-7.194,,,,-5.88738,,,,-6.066,,,,-5.04937,,,,-4.837,,,,-3.77517,,,,-5.44,,,,-6.22253,,,,-8.50084,,,,-7.217,,,,-7.26139,,,,-5.999,,,,-5.68636,,,,-5.262,,,,-6.32317,,,,-6.273
,,,,-7.228,,,,-5.98803,,,,-6.122,,,,-5.08298,,,,-4.848,,,,-3.77517,,,,-5.451,,,,-6.25613,,,,-8.46734,,,,-7.25,,,,-7.2949,,,,-6.021,,,,-5.68636,,,,-5.262,,,,-6.32317,,,,-6.29
,,,,-7.211,,,,-5.92098,,,,-6.122,,,,-5.11645,,,,-4.871,,,,-3.80872,,,,-5.474,,,,-6.25613,,,,-8.50084,,,,-7.25,,,,-7.32841,,,,-6.044,,,,-5.68636,,,,-5.284,,,,-6.35669,,,,-6.306
,,,,-7.228,,,,-5.9545,,,,-6.133,,,,-5.14997,,,,-4.893,,,,-3.80872,,,,-5.474,,,,-6.25613,,,,-8.50084,,,,-7.25,,,,-7.2949,,,,-6.055,,,,-5.71983,,,,-5.295,,,,-6.35669,,,,-6.306
,,,,-7.244,,,,-5.9545,,,,-6.144,,,,-5.14997,,,,-4.893,,,,-3.80872,,,,-5.485,,,,-6.28965,,,,-8.53427,,,,-7.272,,,,-7.32841,,,,-6.066,,,,-5.71983,,,,-5.295,,,,-6.35669,,,,-6.323
,,,,-7.278,,,,-6.02154,,,,-6.178,,,,-5.14997,,,,-4.904,,,,-3.84226,,,,-5.507,,,,-6.28965,,,,-8.53427,,,,-7.306,,,,-7.36192,,,,-6.077,,,,-5.71983,,,,-5.317,,,,-6.39014,,,,-6.34
,,,,-7.278,,,,-5.98803,,,,-6.167,,,,-5.1835,,,,-4.938,,,,-3.87573,,,,-5.519,,,,-6.28965,,,,-8.5677,,,,-7.295,,,,-7.32841,,,,-6.088,,,,-5.75342,,,,-5.34,,,,-6.39014,,,,-6.34
,,,,-7.261,,,,-5.98803,,,,-6.178,,,,-5.1835,,,,-4.926,,,,-3.84226,,,,-5.53,,,,-6.32317,,,,-8.53427,,,,-7.295,,,,-7.36192,,,,-6.1,,,,-5.75342,,,,-5.34,,,,-6.42372,,,,-6.373
,,,,-7.261,,,,-5.9545,,,,-6.167,,,,-5.1835,,,,-4.938,,,,-3.87573,,,,-5.53,,,,-6.32317,,,,-8.5677,,,,-7.295,,,,-7.36192,,,,-6.1,,,,-5.75342,,,,-5.34,,,,-6.39014,,,,-6.357
,,,,-7.278,,,,-5.98803,,,,-6.167,,,,-5.14997,,,,-4.949,,,,-3.90935,,,,-5.563,,,,-6.35669,,,,-8.5677,,,,-7.306,,,,-7.36192,,,,-6.1,,,,-5.78695,,,,-5.373,,,,-6.42372,,,,-6.39
,,,,-7.295,,,,-6.02154,,,,-6.2,,,,-5.1835,,,,-4.949,,,,-3.90935,,,,-5.574,,,,-6.35669,,,,-8.5677,,,,-7.328,,,,-7.39536,,,,-6.111,,,,-5.75342,,,,-5.373,,,,-6.45724,,,,-6.407
,,,,-7.295,,,,-5.98803,,,,-6.2,,,,-5.21696,,,,-4.971,,,,-3.90935,,,,-5.586,,,,-6.39014,,,,-8.60126,,,,-7.328,,,,-7.39536,,,,-6.133,,,,-5.78695,,,,-5.385,,,,-6.45724,,,,-6.424
,,,,-7.378,,,,-6.12211,,,,-6.267,,,,-5.2841,,,,-5.016,,,,-3.94289,,,,-5.597,,,,-6.39014,,,,-8.63476,,,,-7.384,,,,-7.39536,,,,-6.167,,,,-5.8204,,,,-5.407,,,,-6.45724,,,,-6.424
,,,,-7.328,,,,-6.055,,,,-6.222,,,,-5.1835,,,,-4.993,,,,-3.97644,,,,-5.619,,,,-6.39014,,,,-8.60126,,,,-7.362,,,,-7.42894,,,,-6.144,,,,-5.8204,,,,-5.429,,,,-6.4907,,,,-6.44
,,,,-7.395,,,,-6.15557,,,,-6.29,,,,-5.31763,,,,-5.049,,,,-3.97644,,,,-5.619,,,,-6.42372,,,,-8.63476,,,,-7.395,,,,-7.39536,,,,-6.189,,,,-5.85393,,,,-5.429,,,,-6.45724,,,,-6.44
,,,,-7.362,,,,-6.08859,,,,-6.234,,,,-5.1835,,,,-5.005,,,,-3.97644,,,,-5.641,,,,-6.45724,,,,-8.63476,,,,-7.384,,,,-7.42894,,,,-6.155,,,,-5.85393,,,,-5.44,,,,-6.4907,,,,-6.474
,,,,-7.378,,,,-6.12211,,,,-6.256,,,,-5.21696,,,,-5.027,,,,-4.00997,,,,-5.653,,,,-6.45724,,,,-8.63476,,,,-7.395,,,,-7.42894,,,,-6.167,,,,-5.85393,,,,-5.452,,,,-6.4907,,,,-6.474
,,,,-7.429,,,,-6.18908,,,,-6.312,,,,-5.25057,,,,-5.049,,,,-4.00997,,,,-5.664,,,,-6.45724,,,,-8.66825,,,,-7.451,,,,-7.49595,,,,-6.211,,,,-5.88738,,,,-5.474,,,,-6.52422,,,,-6.491
,,,,-7.462,,,,-6.25613,,,,-6.357,,,,-5.31763,,,,-5.083,,,,-4.04345,,,,-5.686,,,,-6.45724,,,,-8.66825,,,,-7.473,,,,-7.49595,,,,-6.234,,,,-5.88738,,,,-5.496,,,,-6.55766,,,,-6.507
,,,,-7.529,,,,-6.22253,,,,-6.39,,,,-5.2841,,,,-5.105,,,,-4.07706,,,,-5.731,,,,-6.4907,,,,-8.83572,,,,-7.574,,,,-7.66343,,,,-6.301,,,,-5.9545,,,,-5.552,,,,-6.62477,,,,-6.558
,,,,-7.563,,,,-6.22253,,,,-6.424,,,,-5.31763,,,,-5.128,,,,-4.07706,,,,-5.753,,,,-6.52422,,,,-8.90258,,,,-7.618,,,,-7.73036,,,,-6.345,,,,-5.98803,,,,-5.574,,,,-6.65828,,,,-6.591
,,,,-7.613,,,,-6.22253,,,,-6.468,,,,-5.35116,,,,-5.15,,,,-4.11053,,,,-5.787,,,,-6.55766,,,,-9.00314,,,,-7.686,,,,-7.83094,,,,-6.39,,,,-5.98803,,,,-5.597,,,,-6.69181,,,,-6.625
,,,,-7.663,,,,-6.25613,,,,-6.502,,,,-5.38461,,,,-5.183,,,,-4.11053,,,,-5.809,,,,-6.55766,,,,-9.07004,,,,-7.73,,,,-7.86439,,,,-6.435,,,,-6.055,,,,-5.641,,,,-6.75883,,,,-6.658
,,,,-7.646,,,,-6.18908,,,,-6.513,,,,-5.41822,,,,-5.206,,,,-4.14408,,,,-5.843,,,,-6.59125,,,,-9.10361,,,,-7.741,,,,-7.9314,,,,-6.468,,,,-6.055,,,,-5.664,,,,-6.79234,,,,-6.692
,,,,-7.713,,,,-6.25613,,,,-6.569,,,,-5.48521,,,,-5.239,,,,-4.14408,,,,-5.865,,,,-6.62477,,,,-9.17059,,,,-7.797,,,,-7.9649,,,,-6.513,,,,-6.08859,,,,-5.686,,,,-6.8258,,,,-6.725
,,,,-7.797,,,,-6.32317,,,,-6.613,,,,-5.51873,,,,-5.273,,,,-4.17762,,,,-5.898,,,,-6.65828,,,,-9.27099,,,,-7.864,,,,-7.9984,,,,-6.546,,,,-6.12211,,,,-5.72,,,,-6.85931,,,,-6.759
,,,,-7.814,,,,-6.35669,,,,-6.636,,,,-5.51873,,,,-5.306,,,,-4.24471,,,,-5.943,,,,-6.69181,,,,-9.27099,,,,-7.887,,,,-8.03191,,,,-6.569,,,,-6.15557,,,,-5.764,,,,-6.89275,,,,-6.792
,,,,-7.864,,,,-6.39014,,,,-6.669,,,,-5.55219,,,,-5.329,,,,-4.24471,,,,-5.965,,,,-6.72524,,,,-9.33797,,,,-7.931,,,,-8.06533,,,,-6.602,,,,-6.18908,,,,-5.787,,,,-6.92633,,,,-6.826
,,,,-7.864,,,,-6.32317,,,,-6.647,,,,-5.51873,,,,-5.329,,,,-4.27824,,,,-5.999,,,,-6.75883,,,,-9.40487,,,,-7.942,,,,-8.0989,,,,-6.602,,,,-6.18908,,,,-5.809,,,,-6.95985,,,,-6.859
,,,,-7.931,,,,-6.42372,,,,-6.747,,,,-5.65284,,,,-5.396,,,,-4.27824,,,,-6.021,,,,-6.79234,,,,-9.43843,,,,-8.009,,,,-8.16591,,,,-6.692,,,,-6.25613,,,,-5.843,,,,-6.99336,,,,-6.893
,,,,-7.965,,,,-6.42372,,,,-6.77,,,,-5.68636,,,,-5.418,,,,-4.31178,,,,-6.055,,,,-6.79234,,,,-9.50541,,,,-8.043,,,,-8.19934,,,,-6.714,,,,-6.25613,,,,-5.876,,,,-7.06032,,,,-6.926
,,,,-8.031,,,,-6.4907,,,,-6.814,,,,-5.68636,,,,-5.44,,,,-4.34532,,,,-6.088,,,,-6.8258,,,,-9.57225,,,,-8.11,,,,-8.26635,,,,-6.747,,,,-6.28965,,,,-5.91,,,,-7.0939,,,,-6.96
,,,,-8.098,,,,-6.55766,,,,-6.881,,,,-5.75342,,,,-5.474,,,,-4.34532,,,,-6.088,,,,-6.8258,,,,-9.6393,,,,-8.177,,,,-8.33334,,,,-6.803,,,,-6.32317,,,,-5.921,,,,-7.0939,,,,-6.96
,,,,-8.149,,,,-6.59125,,,,-6.904,,,,-5.75342,,,,-5.485,,,,-4.34532,,,,-6.122,,,,-6.85931,,,,-9.70626,,,,-8.221,,,,-8.36685,,,,-6.826,,,,-6.35669,,,,-5.954,,,,-7.16086,,,,-7.01
,,,,-8.165,,,,-6.55766,,,,-6.893,,,,-5.71983,,,,-5.496,,,,-4.37878,,,,-6.166,,,,-6.92633,,,,-9.77323,,,,-8.244,,,,-8.40027,,,,-6.837,,,,-6.39014,,,,-5.988,,,,-7.19437,,,,-7.06
,,,,-8.182,,,,-6.55766,,,,-6.948,,,,-5.85393,,,,-5.575,,,,-4.44587,,,,-6.2,,,,-6.92633,,,,-9.80672,,,,-8.266,,,,-8.43383,,,,-6.904,,,,-6.42372,,,,-6.032,,,,-7.22781,,,,-7.077
,,,,-8.182,,,,-6.52422,,,,-6.948,,,,-5.8204,,,,-5.575,,,,-4.44587,,,,-6.234,,,,-6.99336,,,,-9.84021,,,,-8.288,,,,-8.50084,,,,-6.926,,,,-6.45724,,,,-6.055,,,,-7.26139,,,,-7.127
,,,,-8.299,,,,-6.69181,,,,-7.038,,,,-5.92098,,,,-5.642,,,,-4.51295,,,,-6.267,,,,-6.99336,,,,-9.90704,,,,-8.367,,,,-8.50084,,,,-6.971,,,,-6.4907,,,,-6.1,,,,-7.2949,,,,-7.144
,,,,-8.316,,,,-6.69181,,,,-7.06,,,,-5.9545,,,,-5.664,,,,-4.51295,,,,-6.289,,,,-7.02687,,,,-9.94059,,,,-8.389,,,,-8.53427,,,,-7.004,,,,-6.52422,,,,-6.122,,,,-7.32841,,,,-7.178
,,,,-8.35,,,,-6.69181,,,,-7.071,,,,-5.92098,,,,-5.664,,,,-4.51295,,,,-6.312,,,,-7.06032,,,,-10.0076,,,,-8.434,,,,-8.60126,,,,-7.027,,,,-6.55766,,,,-6.144,,,,-7.36192,,,,-7.211
,,,,-8.4,,,,-6.72524,,,,-7.094,,,,-5.92098,,,,-5.697,,,,-4.54642,,,,-6.356,,,,-7.0939,,,,-10.0745,,,,-8.478,,,,-8.63476,,,,-7.06,,,,-6.62477,,,,-6.2,,,,-7.42894,,,,-7.261
,,,,-8.4,,,,-6.69181,,,,-7.127,,,,-6.02154,,,,-5.742,,,,-4.58002,,,,-6.39,,,,-7.12741,,,,-10.108,,,,-8.489,,,,-8.66825,,,,-7.105,,,,-6.62477,,,,-6.222,,,,-7.46244,,,,-7.295
,,,,-8.484,,,,-6.79234,,,,-7.172,,,,-6.02154,,,,-5.764,,,,-4.61356,,,,-6.423,,,,-7.16086,,,,-10.175,,,,-8.556,,,,-8.70175,,,,-7.127,,,,-6.65828,,,,-6.256,,,,-7.49595,,,,-7.328
,,,,-8.551,,,,-6.89275,,,,-7.239,,,,-6.08859,,,,-5.787,,,,-4.61356,,,,-6.446,,,,-7.19437,,,,-10.2085,,,,-8.612,,,,-8.73517,,,,-7.161,,,,-6.65828,,,,-6.267,,,,-7.52939,,,,-7.362
,,,,-8.551,,,,-6.85931,,,,-7.272,,,,-6.15557,,,,-5.854,,,,-4.68063,,,,-6.49,,,,-7.19437,,,,-10.2418,,,,-8.634,,,,-8.80223,,,,-7.228,,,,-6.72524,,,,-6.334,,,,-7.59641,,,,-7.395
,,,,-8.601,,,,-6.89275,,,,-7.284,,,,-6.15557,,,,-5.854,,,,-4.68063,,,,-6.502,,,,-7.22781,,,,-10.3088,,,,-8.668,,,,-8.80223,,,,-7.228,,,,-6.72524,,,,-6.334,,,,-7.59641,,,,-7.412
,,,,-8.618,,,,-6.89275,,,,-7.284,,,,-6.12211,,,,-5.865,,,,-4.7141,,,,-6.546,,,,-7.26139,,,,-10.3423,,,,-8.69,,,,-8.83572,,,,-7.239,,,,-6.75883,,,,-6.379,,,,-7.66343,,,,-7.462
,,,,-8.685,,,,-6.99336,,,,-7.395,,,,-6.28965,,,,-5.932,,,,-4.7141,,,,-6.569,,,,-7.32841,,,,-10.3758,,,,-8.757,,,,-8.90258,,,,-7.328,,,,-6.79234,,,,-6.39,,,,-7.66343,,,,-7.496
,,,,-8.701,,,,-6.99336,,,,-7.384,,,,-6.25613,,,,-5.943,,,,-4.74771,,,,-6.591,,,,-7.32841,,,,-10.4092,,,,-8.768,,,,-8.90258,,,,-7.328,,,,-6.8258,,,,-6.423,,,,-7.69693,,,,-7.513
,,,,-8.768,,,,-6.99336,,,,-7.429,,,,-6.32317,,,,-5.966,,,,-4.74771,,,,-6.546,,,,-7.2949,,,,-10.5432,,,,-8.835,,,,-8.96964,,,,-7.373,,,,-6.8258,,,,-6.39,,,,-7.59641,,,,-7.446
,,,,-8.852,,,,-7.06032,,,,-7.451,,,,-6.32317,,,,-6.033,,,,-4.8817,,,,-6.658,,,,-7.26139,,,,-10.6435,,,,-8.891,,,,-8.96964,,,,-7.395,,,,-6.89275,,,,-6.535,,,,-7.83094,,,,-7.546
,,,,-8.852,,,,-7.06032,,,,-7.485,,,,-6.35669,,,,-6.055,,,,-4.84824,,,,-6.714,,,,-7.46244,,,,-10.6435,,,,-8.913,,,,-9.03663,,,,-7.451,,,,-6.95985,,,,-6.546,,,,-7.83094,,,,-7.647
,,,,-8.919,,,,-7.16086,,,,-7.563,,,,-6.42372,,,,-6.1,,,,-4.8817,,,,-6.77,,,,-7.49595,,,,-10.677,,,,-8.98,,,,-9.10361,,,,-7.507,,,,-6.99336,,,,-6.602,,,,-7.9314,,,,-7.714
,,,,-8.986,,,,-7.19437,,,,-7.596,,,,-6.42372,,,,-6.144,,,,-4.94884,,,,-6.837,,,,-7.56284,,,,-10.7774,,,,-9.047,,,,-9.17059,,,,-7.552,,,,-7.06032,,,,-6.669,,,,-7.9984,,,,-7.781
,,,,-9.019,,,,-7.22781,,,,-7.641,,,,-6.52422,,,,-6.189,,,,-4.98237,,,,-6.859,,,,-7.56284,,,,-10.8109,,,,-9.07,,,,-9.17059,,,,-7.585,,,,-7.06032,,,,-6.692,,,,-8.03191,,,,-7.797
,,,,-9.019,,,,-7.19437,,,,-7.663,,,,-6.55766,,,,-6.211,,,,-4.98237,,,,-6.881,,,,-7.62991,,,,-10.8444,,,,-9.092,,,,-9.23743,,,,-7.63,,,,-7.0939,,,,-6.703,,,,-8.03191,,,,-7.831
,,,,-9.086,,,,-7.26139,,,,-7.719,,,,-6.55766,,,,-6.301,,,,-5.04937,,,,-6.814,,,,-7.59641,,,,-10.9112,,,,-9.17,,,,-9.33797,,,,-7.73,,,,-7.2949,,,,-6.714,,,,-7.79744,,,,-7.697
,,,,-9.137,,,,-7.26139,,,,-7.786,,,,-6.69181,,,,-6.256,,,,-5.08298,,,,-6.96,,,,-7.73036,,,,-11.0117,,,,-9.226,,,,-9.40487,,,,-7.697,,,,-6.99336,,,,-6.714,,,,-8.06533,,,,-7.898
,,,,-9.17,,,,-7.32841,,,,-7.786,,,,-6.65828,,,,-6.334,,,,-5.11645,,,,-7.027,,,,-7.76394,,,,-11.0117,,,,-9.237,,,,-9.37146,,,,-7.753,,,,-7.22781,,,,-6.848,,,,-8.19934,,,,-7.982
,,,,-9.22,,,,-7.36192,,,,-7.82,,,,-6.69181,,,,-6.357,,,,-5.11645,,,,-7.049,,,,-7.79744,,,,-11.0785,,,,-9.282,,,,-9.40487,,,,-7.786,,,,-7.26139,,,,-6.87,,,,-8.23278,,,,-8.015
,,,,-9.27,,,,-7.46244,,,,-7.864,,,,-6.69181,,,,-6.379,,,,-5.14997,,,,-7.06,,,,-7.79744,,,,-11.0785,,,,-9.326,,,,-9.43843,,,,-7.808,,,,-7.2949,,,,-6.893,,,,-8.23278,,,,-8.015
,,,,-9.304,,,,-7.49595,,,,-7.887,,,,-6.69181,,,,-6.401,,,,-5.1835,,,,-7.116,,,,-7.86439,,,,-11.1121,,,,-9.36,,,,-9.47193,,,,-7.831,,,,-7.32841,,,,-6.937,,,,-8.29984,,,,-8.082
,,,,-9.354,,,,-7.56284,,,,-7.931,,,,-6.75883,,,,-6.435,,,,-5.1835,,,,-7.127,,,,-7.89782,,,,-11.1456,,,,-9.393,,,,-9.47193,,,,-7.864,,,,-7.36192,,,,-6.948,,,,-8.29984,,,,-8.099
,,,,-9.337,,,,-7.49595,,,,-7.92,,,,-6.75883,,,,-6.446,,,,-5.21696,,,,-7.149,,,,-7.89782,,,,-11.179,,,,-9.393,,,,-9.50541,,,,-7.875,,,,-7.36192,,,,-6.971,,,,-8.33334,,,,-8.116
,,,,-9.337,,,,-7.46244,,,,-7.942,,,,-6.85931,,,,-6.513,,,,-5.25057,,,,-7.183,,,,-7.9314,,,,-11.2125,,,,-9.393,,,,-9.50541,,,,-7.931,,,,-7.42894,,,,-7.015,,,,-8.36685,,,,-8.149
,,,,-9.404,,,,-7.56284,,,,-7.965,,,,-6.79234,,,,-6.491,,,,-5.2841,,,,-7.205,,,,-7.9649,,,,-11.2458,,,,-9.449,,,,-9.5389,,,,-7.909,,,,-7.39536,,,,-7.015,,,,-8.36685,,,,-8.166
,,,,-9.421,,,,-7.56284,,,,-7.987,,,,-6.8258,,,,-6.524,,,,-5.2841,,,,-7.205,,,,-7.9649,,,,-11.2794,,,,-9.471,,,,-9.57225,,,,-7.953,,,,-7.46244,,,,-7.038,,,,-8.36685,,,,-8.166
,,,,-9.455,,,,-7.59641,,,,-7.987,,,,-6.79234,,,,-6.524,,,,-5.31763,,,,-7.25,,,,-7.9984,,,,-11.3129,,,,-9.494,,,,-9.57225,,,,-7.942,,,,-7.46244,,,,-7.071,,,,-8.43383,,,,-8.216
,,,,-9.455,,,,-7.56284,,,,-8.02,,,,-6.89275,,,,-6.58,,,,-5.35116,,,,-7.283,,,,-8.03191,,,,-11.3463,,,,-9.505,,,,-9.60581,,,,-7.998,,,,-7.49595,,,,-7.105,,,,-8.46734,,,,-8.25
,,,,-9.488,,,,-7.59641,,,,-8.065,,,,-6.95985,,,,-6.613,,,,-5.35116,,,,-7.283,,,,-8.06533,,,,-11.3798,,,,-9.539,,,,-9.6393,,,,-8.043,,,,-7.52939,,,,-7.105,,,,-8.43383,,,,-8.25
,,,,-9.488,,,,-7.59641,,,,-8.054,,,,-6.89275,,,,-6.602,,,,-5.38461,,,,-7.328,,,,-8.0989,,,,-11.3798,,,,-9.55,,,,-9.67278,,,,-8.032,,,,-7.52939,,,,-7.138,,,,-8.50084,,,,-8.3
,,,,-9.555,,,,-7.69693,,,,-8.087,,,,-6.89275,,,,-6.613,,,,-5.38461,,,,-7.328,,,,-8.0989,,,,-11.4132,,,,-9.594,,,,-9.67278,,,,-8.043,,,,-7.56284,,,,-7.149,,,,-8.50084,,,,-8.3
,,,,-9.605,,,,-7.76394,,,,-8.132,,,,-6.92633,,,,-6.647,,,,-5.45168,,,,-7.373,,,,-8.1324,,,,-11.4467,,,,-9.639,,,,-9.70626,,,,-8.065,,,,-7.56284,,,,-7.183,,,,-8.53427,,,,-8.333
,,,,-9.605,,,,-7.73036,,,,-8.121,,,,-6.92633,,,,-6.669,,,,-5.45168,,,,-7.395,,,,-8.16591,,,,-11.4802,,,,-9.639,,,,-9.70626,,,,-8.088,,,,-7.62991,,,,-7.216,,,,-8.5677,,,,-8.367
,,,,-9.605,,,,-7.73036,,,,-8.143,,,,-6.92633,,,,-6.68,,,,-5.48521,,,,-7.417,,,,-8.19934,,,,-11.4802,,,,-9.661,,,,-9.77323,,,,-8.11,,,,-7.62991,,,,-7.228,,,,-8.5677,,,,-8.384
,,,,-9.656,,,,-7.79744,,,,-8.199,,,,-7.02687,,,,-6.725,,,,-5.48521,,,,-7.44,,,,-8.23278,,,,-11.5137,,,,-9.695,,,,-9.77323,,,,-8.155,,,,-7.66343,,,,-7.25,,,,-8.60126,,,,-8.417
,,,,-9.689,,,,-7.86439,,,,-8.233,,,,-7.02687,,,,-6.736,,,,-5.51873,,,,-7.473,,,,-8.26635,,,,-11.5137,,,,-9.728,,,,-9.80672,,,,-8.166,,,,-7.66343,,,,-7.272,,,,-8.63476,,,,-8.451
,,,,-9.722,,,,-7.89782,,,,-8.277,,,,-7.0939,,,,-6.792,,,,-5.55219,,,,-7.507,,,,-8.29984,,,,-11.5471,,,,-9.762,,,,-9.84021,,,,-8.221,,,,-7.73036,,,,-7.317,,,,-8.66825,,,,-8.484
,,,,-9.773,,,,-7.9314,,,,-8.3,,,,-7.0939,,,,-6.826,,,,-5.61931,,,,-7.563,,,,-8.36685,,,,-11.614,,,,-9.806,,,,-9.87369,,,,-8.244,,,,-7.76394,,,,-7.362,,,,-8.70175,,,,-8.534
,,,,-9.739,,,,-7.83094,,,,-8.333,,,,-7.26139,,,,-6.904,,,,-5.65284,,,,-7.585,,,,-8.36685,,,,-11.6475,,,,-9.795,,,,-9.90704,,,,-8.322,,,,-7.79744,,,,-7.395,,,,-8.73517,,,,-8.551
,,,,-9.84,,,,-8.03191,,,,-8.389,,,,-7.19437,,,,-6.882,,,,-5.65284,,,,-7.607,,,,-8.40027,,,,-11.6475,,,,-9.873,,,,-9.94059,,,,-8.311,,,,-7.79744,,,,-7.406,,,,-8.76874,,,,-8.585
,,,,-9.806,,,,-7.9649,,,,-8.355,,,,-7.16086,,,,-6.893,,,,-5.68636,,,,-7.641,,,,-8.43383,,,,-11.6475,,,,-9.851,,,,-9.94059,,,,-8.311,,,,-7.83094,,,,-7.44,,,,-8.80223,,,,-8.618
,,,,-9.89,,,,-7.9984,,,,-8.4,,,,-7.26139,,,,-6.982,,,,-5.78695,,,,-7.674,,,,-8.43383,,,,-11.7813,,,,-9.907,,,,-9.94059,,,,-8.367,,,,-7.89782,,,,-7.496,,,,-8.80223,,,,-8.618
,,,,-9.873,,,,-7.9984,,,,-8.456,,,,-7.32841,,,,-7.016,,,,-5.78695,,,,-7.741,,,,-8.5677,,,,-11.7478,,,,-9.929,,,,-10.041,,,,-8.434,,,,-7.9314,,,,-7.529,,,,-8.86915,,,,-8.718
,,,,-9.907,,,,-8.06533,,,,-8.489,,,,-7.32841,,,,-7.038,,,,-5.8204,,,,-7.775,,,,-8.60126,,,,-11.7478,,,,-9.963,,,,-10.0745,,,,-8.456,,,,-7.9649,,,,-7.563,,,,-8.90258,,,,-8.752
,,,,-9.923,,,,-8.06533,,,,-8.489,,,,-7.32841,,,,-7.038,,,,-5.8204,,,,-7.775,,,,-8.5677,,,,-11.7813,,,,-9.974,,,,-10.0745,,,,-8.456,,,,-7.9649,,,,-7.574,,,,-8.93615,,,,-8.752
,,,,-9.974,,,,-8.1324,,,,-8.545,,,,-7.39536,,,,-7.071,,,,-5.8204,,,,-7.775,,,,-8.60126,,,,-11.8148,,,,-10.018,,,,-10.108,,,,-8.501,,,,-7.9984,,,,-7.574,,,,-8.90258,,,,-8.752
,,,,-10.007,,,,-8.19934,,,,-8.568,,,,-7.39536,,,,-7.094,,,,-5.85393,,,,-7.819,,,,-8.63476,,,,-11.8148,,,,-10.041,,,,-10.108,,,,-8.512,,,,-8.03191,,,,-7.618,,,,-8.96964,,,,-8.802
,,,,-9.974,,,,-8.0989,,,,-8.545,,,,-7.39536,,,,-7.105,,,,-5.88738,,,,-7.842,,,,-8.66825,,,,-11.8482,,,,-10.03,,,,-10.1415,,,,-8.523,,,,-8.03191,,,,-7.63,,,,-8.96964,,,,-8.819
,,,,-10.007,,,,-8.16591,,,,-8.579,,,,-7.39536,,,,-7.105,,,,-5.88738,,,,-7.853,,,,-8.66825,,,,-11.8482,,,,-10.063,,,,-10.175,,,,-8.534,,,,-8.03191,,,,-7.641,,,,-9.00314,,,,-8.836
,,,,-10.007,,,,-8.1324,,,,-8.601,,,,-7.49595,,,,-7.161,,,,-5.92098,,,,-7.875,,,,-8.70175,,,,-11.8817,,,,-10.063,,,,-10.175,,,,-8.579,,,,-8.06533,,,,-7.663,,,,-9.00314,,,,-8.852
,,,,-10.024,,,,-8.16591,,,,-8.612,,,,-7.49595,,,,-7.183,,,,-5.9545,,,,-7.898,,,,-8.73517,,,,-11.8817,,,,-10.074,,,,-10.175,,,,-8.59,,,,-8.0989,,,,-7.686,,,,-9.00314,,,,-8.869
,,,,-10.074,,,,-8.23278,,,,-8.623,,,,-7.42894,,,,-7.161,,,,-5.9545,,,,-7.92,,,,-8.76874,,,,-11.915,,,,-10.119,,,,-10.2085,,,,-8.579,,,,-8.0989,,,,-7.697,,,,-9.03663,,,,-8.903
,,,,-10.057,,,,-8.19934,,,,-8.623,,,,-7.46244,,,,-7.183,,,,-5.9545,,,,-7.931,,,,-8.76874,,,,-11.915,,,,-10.108,,,,-10.2085,,,,-8.601,,,,-8.1324,,,,-7.719,,,,-9.07004,,,,-8.919
,,,,-10.107,,,,-8.26635,,,,-8.679,,,,-7.52939,,,,-7.228,,,,-6.02154,,,,-7.976,,,,-8.80223,,,,-11.9486,,,,-10.152,,,,-10.2418,,,,-8.635,,,,-8.1324,,,,-7.753,,,,-9.10361,,,,-8.953
,,,,-10.124,,,,-8.29984,,,,-8.679,,,,-7.46244,,,,-7.217,,,,-6.02154,,,,-7.976,,,,-8.80223,,,,-11.9486,,,,-10.175,,,,-10.2753,,,,-8.635,,,,-8.16591,,,,-7.764,,,,-9.10361,,,,-8.953
,,,,-10.158,,,,-8.29984,,,,-8.702,,,,-7.52939,,,,-7.272,,,,-6.055,,,,-7.998,,,,-8.80223,,,,-12.0155,,,,-10.197,,,,-10.2753,,,,-8.679,,,,-8.23278,,,,-7.808,,,,-9.1371,,,,-8.97
,,,,-10.158,,,,-8.29984,,,,-8.746,,,,-7.59641,,,,-7.295,,,,-6.08859,,,,-8.032,,,,-8.86915,,,,-12.0155,,,,-10.219,,,,-10.3423,,,,-8.713,,,,-8.19934,,,,-7.808,,,,-9.1371,,,,-9.003
,,,,-10.208,,,,-8.36685,,,,-8.769,,,,-7.59641,,,,-7.317,,,,-6.12211,,,,-8.065,,,,-8.90258,,,,-12.049,,,,-10.253,,,,-10.3423,,,,-8.724,,,,-8.23278,,,,-7.842,,,,-9.17059,,,,-9.037
,,,,-10.208,,,,-8.36685,,,,-8.769,,,,-7.59641,,,,-7.328,,,,-6.12211,,,,-8.076,,,,-8.90258,,,,-12.049,,,,-10.253,,,,-10.3423,,,,-8.735,,,,-8.26635,,,,-7.864,,,,-9.20401,,,,-9.053
,,,,-10.275,,,,-8.50084,,,,-8.847,,,,-7.66343,,,,-7.373,,,,-6.15557,,,,-8.099,,,,-8.93615,,,,-12.049,,,,-10.309,,,,-10.3758,,,,-8.78,,,,-8.29984,,,,-7.886,,,,-9.20401,,,,-9.07
,,,,-10.241,,,,-8.36685,,,,-8.802,,,,-7.66343,,,,-7.373,,,,-6.15557,,,,-8.143,,,,-9.00314,,,,-12.1159,,,,-10.286,,,,-10.3758,,,,-8.78,,,,-8.29984,,,,-7.909,,,,-9.27099,,,,-9.137
,,,,-10.325,,,,-8.50084,,,,-8.88,,,,-7.69693,,,,-7.418,,,,-6.22253,,,,-8.177,,,,-9.00314,,,,-12.1493,,,,-10.364,,,,-10.4427,,,,-8.824,,,,-8.33334,,,,-7.953,,,,-9.30449,,,,-9.154
,,,,-10.308,,,,-8.43383,,,,-8.891,,,,-7.76394,,,,-7.451,,,,-6.22253,,,,-8.188,,,,-9.03663,,,,-12.1828,,,,-10.364,,,,-10.4762,,,,-8.869,,,,-8.36685,,,,-7.965,,,,-9.30449,,,,-9.171
,,,,-10.375,,,,-8.5677,,,,-8.914,,,,-7.69693,,,,-7.451,,,,-6.25613,,,,-8.21,,,,-9.07004,,,,-12.1828,,,,-10.409,,,,-10.4762,,,,-8.858,,,,-8.40027,,,,-7.987,,,,-9.30449,,,,-9.187
,,,,-10.359,,,,-8.53427,,,,-8.936,,,,-7.79744,,,,-7.496,,,,-6.28965,,,,-8.233,,,,-9.07004,,,,-12.1828,,,,-10.398,,,,-10.4762,,,,-8.891,,,,-8.40027,,,,-8.009,,,,-9.33797,,,,-9.204
,,,,-10.375,,,,-8.53427,,,,-8.925,,,,-7.73036,,,,-7.485,,,,-6.28965,,,,-8.233,,,,-9.07004,,,,-12.2163,,,,-10.42,,,,-10.5097,,,,-8.891,,,,-8.43383,,,,-8.02,,,,-9.33797,,,,-9.204
,,,,-10.409,,,,-8.60126,,,,-8.969,,,,-7.76394,,,,-7.507,,,,-6.32317,,,,-8.266,,,,-9.10361,,,,-12.2163,,,,-10.454,,,,-10.5432,,,,-8.914,,,,-8.43383,,,,-8.043,,,,-9.37146,,,,-9.238
,,,,-10.442,,,,-8.63476,,,,-9.014,,,,-7.86439,,,,-7.552,,,,-6.32317,,,,-8.277,,,,-9.1371,,,,-12.2496,,,,-10.476,,,,-10.5432,,,,-8.958,,,,-8.46734,,,,-8.054,,,,-9.37146,,,,-9.254
,,,,-10.425,,,,-8.60126,,,,-8.981,,,,-7.76394,,,,-7.54,,,,-6.35669,,,,-8.3,,,,-9.1371,,,,-12.2496,,,,-10.476,,,,-10.5765,,,,-8.947,,,,-8.50084,,,,-8.087,,,,-9.40487,,,,-9.271
,,,,-10.442,,,,-8.60126,,,,-9.036,,,,-7.89782,,,,-7.585,,,,-6.35669,,,,-8.311,,,,-9.17059,,,,-12.2831,,,,-10.498,,,,-10.6101,,,,-9.003,,,,-8.50084,,,,-8.087,,,,-9.40487,,,,-9.288
,,,,-10.459,,,,-8.63476,,,,-9.025,,,,-7.83094,,,,-7.585,,,,-6.39014,,,,-8.333,,,,-9.20401,,,,-12.2831,,,,-10.509,,,,-10.6101,,,,-8.992,,,,-8.53427,,,,-8.11,,,,-9.40487,,,,-9.304
,,,,-10.476,,,,-8.63476,,,,-9.059,,,,-7.9314,,,,-7.641,,,,-6.42372,,,,-8.367,,,,-9.23743,,,,-12.3166,,,,-10.52,,,,-10.6101,,,,-9.036,,,,-8.5677,,,,-8.143,,,,-9.43843,,,,-9.338
,,,,-10.492,,,,-8.63476,,,,-9.059,,,,-7.89782,,,,-7.619,,,,-6.42372,,,,-8.378,,,,-9.23743,,,,-12.35,,,,-10.543,,,,-10.6435,,,,-9.025,,,,-8.53427,,,,-8.143,,,,-9.47193,,,,-9.355
,,,,-10.526,,,,-8.70175,,,,-9.103,,,,-7.9314,,,,-7.663,,,,-6.45724,,,,-8.389,,,,-9.23743,,,,-12.35,,,,-10.576,,,,-10.677,,,,-9.07,,,,-8.60126,,,,-8.177,,,,-9.47193,,,,-9.355
,,,,-10.509,,,,-8.66825,,,,-9.081,,,,-7.89782,,,,-7.652,,,,-6.45724,,,,-8.411,,,,-9.27099,,,,-12.35,,,,-10.565,,,,-10.677,,,,-9.059,,,,-8.60126,,,,-8.188,,,,-9.50541,,,,-9.388
,,,,-10.543,,,,-8.70175,,,,-9.126,,,,-7.9649,,,,-7.708,,,,-6.52422,,,,-8.445,,,,-9.30449,,,,-12.3835,,,,-10.599,,,,-10.7105,,,,-9.103,,,,-8.63476,,,,-8.221,,,,-9.50541,,,,-9.405
,,,,-10.593,,,,-8.76874,,,,-9.159,,,,-7.9984,,,,-7.73,,,,-6.52422,,,,-8.478,,,,-9.33797,,,,-12.4169,,,,-10.632,,,,-10.7105,,,,-9.126,,,,-8.66825,,,,-8.255,,,,-9.57225,,,,-9.455
,,,,-10.61,,,,-8.80223,,,,-9.182,,,,-8.03191,,,,-7.73,,,,-6.52422,,,,-8.478,,,,-9.33797,,,,-12.4169,,,,-10.643,,,,-10.7105,,,,-9.126,,,,-8.63476,,,,-8.244,,,,-9.57225,,,,-9.455
,,,,-10.626,,,,-8.80223,,,,-9.17,,,,-7.9649,,,,-7.73,,,,-6.55766,,,,-8.5,,,,-9.37146,,,,-12.4504,,,,-10.666,,,,-10.7439,,,,-9.126,,,,-8.66825,,,,-8.266,,,,-9.57225,,,,-9.472
,,,,-10.61,,,,-8.76874,,,,-9.182,,,,-8.03191,,,,-7.764,,,,-6.55766,,,,-8.512,,,,-9.40487,,,,-12.4504,,,,-10.654,,,,-10.7439,,,,-9.159,,,,-8.70175,,,,-8.277,,,,-9.57225,,,,-9.489
,,,,-10.626,,,,-8.76874,,,,-9.182,,,,-7.9984,,,,-7.775,,,,-6.59125,,,,-8.523,,,,-9.37146,,,,-12.4839,,,,-10.677,,,,-10.7774,,,,-9.17,,,,-8.73517,,,,-8.311,,,,-9.60581,,,,-9.489
,,,,-10.643,,,,-8.80223,,,,-9.204,,,,-8.03191,,,,-7.775,,,,-6.59125,,,,-8.556,,,,-9.43843,,,,-12.4839,,,,-10.688,,,,-10.7774,,,,-9.17,,,,-8.70175,,,,-8.311,,,,-9.6393,,,,-9.539
,,,,-10.66,,,,-8.83572,,,,-9.237,,,,-8.06533,,,,-7.82,,,,-6.62477,,,,-8.59,,,,-9.47193,,,,-12.4839,,,,-10.71,,,,-10.8109,,,,-9.215,,,,-8.76874,,,,-8.355,,,,-9.67278,,,,-9.572
,,,,-10.71,,,,-8.90258,,,,-9.293,,,,-8.0989,,,,-7.842,,,,-6.65828,,,,-8.601,,,,-9.47193,,,,-12.5173,,,,-10.766,,,,-10.8778,,,,-9.248,,,,-8.76874,,,,-8.367,,,,-9.67278,,,,-9.572
,,,,-10.743,,,,-8.93615,,,,-9.293,,,,-8.0989,,,,-7.853,,,,-6.69181,,,,-8.623,,,,-9.47193,,,,-12.5508,,,,-10.777,,,,-10.8444,,,,-9.237,,,,-8.76874,,,,-8.389,,,,-9.70626,,,,-9.589
,,,,-10.71,,,,-8.86915,,,,-9.282,,,,-8.0989,,,,-7.853,,,,-6.65828,,,,-8.623,,,,-9.50541,,,,-12.5508,,,,-10.766,,,,-10.8778,,,,-9.26,,,,-8.80223,,,,-8.389,,,,-9.70626,,,,-9.606
,,,,-10.743,,,,-8.90258,,,,-9.304,,,,-8.1324,,,,-7.875,,,,-6.69181,,,,-8.657,,,,-9.5389,,,,-12.5841,,,,-10.788,,,,-10.8778,,,,-9.271,,,,-8.80223,,,,-8.411,,,,-9.73967,,,,-9.639
,,,,-10.794,,,,-9.00314,,,,-9.349,,,,-8.1324,,,,-7.898,,,,-6.72524,,,,-8.668,,,,-9.5389,,,,-12.5841,,,,-10.833,,,,-10.9112,,,,-9.293,,,,-8.83572,,,,-8.434,,,,-9.73967,,,,-9.639
,,,,-10.794,,,,-8.96964,,,,-9.394,,,,-8.26635,,,,-7.965,,,,-6.75883,,,,-8.701,,,,-9.57225,,,,-12.6176,,,,-10.844,,,,-10.9447,,,,-9.36,,,,-8.86915,,,,-8.467,,,,-9.77323,,,,-9.673
,,,,-10.827,,,,-9.03663,,,,-9.394,,,,-8.19934,,,,-7.942,,,,-6.75883,,,,-8.724,,,,-9.60581,,,,-12.6176,,,,-10.866,,,,-10.9447,,,,-9.338,,,,-8.86915,,,,-8.478,,,,-9.80672,,,,-9.706
,,,,-10.827,,,,-9.03663,,,,-9.416,,,,-8.26635,,,,-7.987,,,,-6.79234,,,,-8.713,,,,-9.57225,,,,-12.6176,,,,-10.866,,,,-10.9447,,,,-9.371,,,,-8.90258,,,,-8.489,,,,-9.77323,,,,-9.673
,,,,-10.81,,,,-8.96964,,,,-9.382,,,,-8.19934,,,,-7.976,,,,-6.8258,,,,-8.746,,,,-9.60581,,,,-12.6511,,,,-10.866,,,,-10.9782,,,,-9.36,,,,-8.90258,,,,-8.512,,,,-9.80672,,,,-9.706
,,,,-10.844,,,,-9.03663,,,,-9.427,,,,-8.26635,,,,-7.998,,,,-6.79234,,,,-8.757,,,,-9.67278,,,,-12.6511,,,,-10.889,,,,-10.9782,,,,-9.394,,,,-8.93615,,,,-8.512,,,,-9.80672,,,,-9.74
,,,,-10.877,,,,-9.10361,,,,-9.461,,,,-8.26635,,,,-8.009,,,,-6.8258,,,,-8.791,,,,-9.67278,,,,-12.6511,,,,-10.922,,,,-11.0117,,,,-9.405,,,,-8.93615,,,,-8.545,,,,-9.87369,,,,-9.773
,,,,-10.827,,,,-9.00314,,,,-9.416,,,,-8.23278,,,,-8.009,,,,-6.8258,,,,-8.802,,,,-9.70626,,,,-12.6511,,,,-10.889,,,,-11.0117,,,,-9.405,,,,-8.96964,,,,-8.556,,,,-9.87369,,,,-9.79
,,,,-10.911,,,,-9.1371,,,,-9.516,,,,-8.36685,,,,-8.076,,,,-6.85931,,,,-8.824,,,,-9.73967,,,,-12.6845,,,,-10.956,,,,-11.0452,,,,-9.472,,,,-9.00314,,,,-8.579,,,,-9.87369,,,,-9.807
,,,,-10.894,,,,-9.07004,,,,-9.472,,,,-8.29984,,,,-8.065,,,,-6.89275,,,,-8.846,,,,-9.73967,,,,-12.718,,,,-10.944,,,,-11.0452,,,,-9.449,,,,-9.00314,,,,-8.601,,,,-9.90704,,,,-9.823
,,,,-10.928,,,,-9.1371,,,,-9.516,,,,-8.36685,,,,-8.099,,,,-6.89275,,,,-8.846,,,,-9.73967,,,,-12.718,,,,-10.967,,,,-11.0452,,,,-9.483,,,,-9.03663,,,,-8.612,,,,-9.90704,,,,-9.823
,,,,-10.928,,,,-9.10361,,,,-9.55,,,,-8.46734,,,,-8.143,,,,-6.92633,,,,-8.869,,,,-9.77323,,,,-12.7514,,,,-10.978,,,,-11.0785,,,,-9.527,,,,-9.03663,,,,-8.623,,,,-9.90704,,,,-9.84
,,,,-10.978,,,,-9.20401,,,,-9.539,,,,-8.33334,,,,-8.11,,,,-6.95985,,,,-8.88,,,,-9.77323,,,,-12.7514,,,,-11.011,,,,-11.0785,,,,-9.483,,,,-9.03663,,,,-8.635,,,,-9.90704,,,,-9.84
,,,,-10.944,,,,-9.1371,,,,-9.528,,,,-8.33334,,,,-8.121,,,,-6.95985,,,,-8.902,,,,-9.80672,,,,-12.7514,,,,-11.0,,,,-11.1121,,,,-9.505,,,,-9.07004,,,,-8.657,,,,-9.94059,,,,-9.874
,,,,-11.011,,,,-9.23743,,,,-9.639,,,,-8.50084,,,,-8.244,,,,-7.06032,,,,-8.914,,,,-9.87369,,,,-12.7849,,,,-11.067,,,,-11.179,,,,-9.617,,,,-9.17059,,,,-8.679,,,,-9.80672,,,,-9.84
,,,,-11.045,,,,-9.30449,,,,-9.673,,,,-8.46734,,,,-8.266,,,,-7.0939,,,,-9.036,,,,-9.94059,,,,-12.7849,,,,-11.112,,,,-11.2458,,,,-9.65,,,,-9.23743,,,,-8.802,,,,-10.0745,,,,-10.008
,,,,-11.095,,,,-9.33797,,,,-9.717,,,,-8.53427,,,,-8.289,,,,-7.0939,,,,-9.036,,,,-9.94059,,,,-12.8518,,,,-11.156,,,,-11.2794,,,,-9.684,,,,-9.23743,,,,-8.802,,,,-10.0745,,,,-10.008
,,,,-11.145,,,,-9.43843,,,,-9.74,,,,-8.50084,,,,-8.289,,,,-7.12741,,,,-9.059,,,,-9.97408,,,,-12.8518,,,,-11.19,,,,-11.2794,,,,-9.673,,,,-9.23743,,,,-8.813,,,,-10.0745,,,,-10.024
,,,,-11.128,,,,-9.40487,,,,-9.751,,,,-8.53427,,,,-8.3,,,,-7.12741,,,,-9.059,,,,-9.97408,,,,-12.8518,,,,-11.19,,,,-11.3129,,,,-9.695,,,,-9.23743,,,,-8.813,,,,-10.0745,,,,-10.024
,,,,-11.145,,,,-9.43843,,,,-9.773,,,,-8.5677,,,,-8.344,,,,-7.16086,,,,-9.092,,,,-10.0076,,,,-12.8518,,,,-11.201,,,,-11.3129,,,,-9.728,,,,-9.30449,,,,-8.858,,,,-10.108,,,,-10.058
,,,,-11.179,,,,-9.47193,,,,-9.773,,,,-8.53427,,,,-8.333,,,,-7.19437,,,,-9.126,,,,-10.0076,,,,-12.8853,,,,-11.223,,,,-11.3129,,,,-9.706,,,,-9.27099,,,,-8.88,,,,-10.175,,,,-10.091
,,,,-11.162,,,,-9.43843,,,,-9.773,,,,-8.53427,,,,-8.344,,,,-7.19437,,,,-9.137,,,,-10.041,,,,-12.8853,,,,-11.223,,,,-11.3463,,,,-9.728,,,,-9.30449,,,,-8.891,,,,-10.175,,,,-10.108
,,,,-11.179,,,,-9.43843,,,,-9.818,,,,-8.63476,,,,-8.389,,,,-7.19437,,,,-9.137,,,,-10.041,,,,-12.9186,,,,-11.246,,,,-11.3798,,,,-9.784,,,,-9.33797,,,,-8.902,,,,-10.175,,,,-10.108
,,,,-11.212,,,,-9.47193,,,,-9.806,,,,-8.5677,,,,-8.389,,,,-7.22781,,,,-9.148,,,,-10.041,,,,-12.9522,,,,-11.268,,,,-11.3798,,,,-9.773,,,,-9.37146,,,,-8.925,,,,-10.175,,,,-10.108
,,,,-11.229,,,,-9.50541,,,,-9.84,,,,-8.63476,,,,-8.434,,,,-7.26139,,,,-9.193,,,,-10.108,,,,-12.9522,,,,-11.279,,,,-11.3798,,,,-9.806,,,,-9.40487,,,,-8.958,,,,-10.2085,,,,-10.158
,,,,-11.262,,,,-9.57225,,,,-9.862,,,,-8.60126,,,,-8.445,,,,-7.2949,,,,-9.226,,,,-10.1415,,,,-12.9522,,,,-11.313,,,,-11.4132,,,,-9.818,,,,-9.43843,,,,-8.992,,,,-10.2418,,,,-10.192
,,,,-11.262,,,,-9.5389,,,,-9.873,,,,-8.66825,,,,-8.478,,,,-7.32841,,,,-9.248,,,,-10.1415,,,,-12.9855,,,,-11.313,,,,-11.4132,,,,-9.84,,,,-9.43843,,,,-9.014,,,,-10.2753,,,,-10.208
,,,,-11.346,,,,-9.67278,,,,-9.94,,,,-8.70175,,,,-8.512,,,,-7.36192,,,,-9.282,,,,-10.175,,,,-13.019,,,,-11.379,,,,-11.4467,,,,-9.873,,,,-9.47193,,,,-9.048,,,,-10.3088,,,,-10.242
,,,,-11.363,,,,-9.70626,,,,-9.963,,,,-8.73517,,,,-8.523,,,,-7.36192,,,,-9.282,,,,-10.175,,,,-13.019,,,,-11.391,,,,-11.4467,,,,-9.885,,,,-9.47193,,,,-9.048,,,,-10.3088,,,,-10.242
,,,,-11.346,,,,-9.67278,,,,-9.963,,,,-8.76874,,,,-8.545,,,,-7.39536,,,,-9.315,,,,-10.2085,,,,-13.019,,,,-11.379,,,,-11.4467,,,,-9.896,,,,-9.47193,,,,-9.07,,,,-10.3423,,,,-10.275
,,,,-11.312,,,,-9.60581,,,,-9.974,,,,-8.80223,,,,-8.523,,,,-7.2949,,,,-9.237,,,,-10.2753,,,,-13.019,,,,-11.38,,,,-11.5137,,,,-9.929,,,,-9.47193,,,,-8.969,,,,-10.1415,,,,-10.208
,,,,-11.396,,,,-9.70626,,,,-10.03,,,,-8.83572,,,,-8.612,,,,-7.46244,,,,-9.382,,,,-10.2753,,,,-13.0858,,,,-11.446,,,,-11.5471,,,,-9.974,,,,-9.5389,,,,-9.137,,,,-10.4092,,,,-10.342
,,,,-11.463,,,,-9.80672,,,,-10.074,,,,-8.86915,,,,-8.635,,,,-7.46244,,,,-9.405,,,,-10.3423,,,,-13.1194,,,,-11.491,,,,-11.5471,,,,-9.996,,,,-9.57225,,,,-9.148,,,,-10.4092,,,,-10.376
,,,,-11.43,,,,-9.73967,,,,-10.041,,,,-8.83572,,,,-8.657,,,,-7.49595,,,,-9.416,,,,-10.3423,,,,-13.1194,,,,-11.469,,,,-11.5471,,,,-10.007,,,,-9.6393,,,,-9.181,,,,-10.4092,,,,-10.376
,,,,-11.43,,,,-9.77323,,,,-10.041,,,,-8.80223,,,,-8.635,,,,-7.49595,,,,-9.427,,,,-10.3423,,,,-13.0858,,,,-11.469,,,,-11.5471,,,,-9.985,,,,-9.60581,,,,-9.181,,,,-10.4427,,,,-10.392
,,,,-11.463,,,,-9.80672,,,,-10.097,,,,-8.90258,,,,-8.69,,,,-7.52939,,,,-9.449,,,,-10.3423,,,,-13.1194,,,,-11.502,,,,-11.5805,,,,-10.041,,,,-9.6393,,,,-9.215,,,,-10.4762,,,,-10.409
,,,,-11.513,,,,-9.87369,,,,-10.13,,,,-8.90258,,,,-8.69,,,,-7.52939,,,,-9.46,,,,-10.3758,,,,-13.1528,,,,-11.547,,,,-11.614,,,,-10.052,,,,-9.6393,,,,-9.215,,,,-10.4762,,,,-10.426
,,,,-11.446,,,,-9.77323,,,,-10.097,,,,-8.93615,,,,-8.724,,,,-7.56284,,,,-9.472,,,,-10.3758,,,,-13.1194,,,,-11.491,,,,-11.5805,,,,-10.063,,,,-9.67278,,,,-9.237,,,,-10.4762,,,,-10.426
,,,,-11.497,,,,-9.84021,,,,-10.141,,,,-8.96964,,,,-8.746,,,,-7.59641,,,,-9.505,,,,-10.4092,,,,-13.1528,,,,-11.536,,,,-11.614,,,,-10.085,,,,-9.67278,,,,-9.26,,,,-10.5097,,,,-10.459
,,,,-11.48,,,,-9.80672,,,,-10.119,,,,-8.93615,,,,-8.746,,,,-7.59641,,,,-9.494,,,,-10.4092,,,,-13.1528,,,,-11.525,,,,-11.614,,,,-10.085,,,,-9.70626,,,,-9.26,,,,-10.4762,,,,-10.443
,,,,-11.53,,,,-9.90704,,,,-10.186,,,,-9.00314,,,,-8.769,,,,-7.59641,,,,-9.516,,,,-10.4427,,,,-13.1528,,,,-11.569,,,,-11.6475,,,,-10.119,,,,-9.70626,,,,-9.271,,,,-10.5097,,,,-10.476
,,,,-11.513,,,,-9.84021,,,,-10.152,,,,-8.96964,,,,-8.769,,,,-7.62991,,,,-9.539,,,,-10.4427,,,,-13.1863,,,,-11.558,,,,-11.6475,,,,-10.108,,,,-9.70626,,,,-9.293,,,,-10.5432,,,,-10.493
,,,,-11.53,,,,-9.87369,,,,-10.186,,,,-9.00314,,,,-8.791,,,,-7.62991,,,,-9.539,,,,-10.4427,,,,-13.1863,,,,-11.58,,,,-11.6809,,,,-10.141,,,,-9.73967,,,,-9.304,,,,-10.5432,,,,-10.493
,,,,-11.597,,,,-9.97408,,,,-10.242,,,,-9.07004,,,,-8.836,,,,-7.66343,,,,-9.572,,,,-10.4762,,,,-13.2197,,,,-11.625,,,,-11.6809,,,,-10.175,,,,-9.77323,,,,-9.338,,,,-10.5765,,,,-10.526
,,,,-11.597,,,,-9.97408,,,,-10.208,,,,-8.96964,,,,-8.813,,,,-7.69693,,,,-9.594,,,,-10.5097,,,,-13.2197,,,,-11.625,,,,-11.6809,,,,-10.141,,,,-9.77323,,,,-9.349,,,,-10.5765,,,,-10.543
,,,,-11.58,,,,-9.94059,,,,-10.242,,,,-9.07004,,,,-8.847,,,,-7.69693,,,,-9.594,,,,-10.5097,,,,-13.2197,,,,-11.625,,,,-11.7144,,,,-10.186,,,,-9.77323,,,,-9.349,,,,-10.5765,,,,-10.543
,,,,-11.614,,,,-9.97408,,,,-10.231,,,,-9.00314,,,,-8.836,,,,-7.69693,,,,-9.617,,,,-10.5432,,,,-13.2531,,,,-11.647,,,,-11.7144,,,,-10.175,,,,-9.80672,,,,-9.371,,,,-10.6101,,,,-10.577
,,,,-11.63,,,,-10.0076,,,,-10.275,,,,-9.10361,,,,-8.891,,,,-7.73036,,,,-9.617,,,,-10.5097,,,,-13.2531,,,,-11.658,,,,-11.7144,,,,-10.219,,,,-9.84021,,,,-9.394,,,,-10.6101,,,,-10.56
,,,,-11.63,,,,-10.0076,,,,-10.286,,,,-9.10361,,,,-8.903,,,,-7.76394,,,,-9.65,,,,-10.5765,,,,-13.2531,,,,-11.67,,,,-11.7478,,,,-10.231,,,,-9.84021,,,,-9.405,,,,-10.6101,,,,-10.593
,,,,-11.597,,,,-9.90704,,,,-10.253,,,,-9.1371,,,,-8.925,,,,-7.76394,,,,-9.661,,,,-10.5765,,,,-13.2866,,,,-11.636,,,,-11.7144,,,,-10.242,,,,-9.87369,,,,-9.427,,,,-10.6435,,,,-10.61
,,,,-11.63,,,,-9.97408,,,,-10.32,,,,-9.23743,,,,-8.947,,,,-7.76394,,,,-9.661,,,,-10.5765,,,,-13.2866,,,,-11.669,,,,-11.7478,,,,-10.275,,,,-9.84021,,,,-9.416,,,,-10.6435,,,,-10.61
,,,,-11.647,,,,-10.0076,,,,-10.298,,,,-9.1371,,,,-8.925,,,,-7.76394,,,,-9.684,,,,-10.6101,,,,-13.2866,,,,-11.681,,,,-11.7478,,,,-10.253,,,,-9.87369,,,,-9.438,,,,-10.677,,,,-10.644
,,,,-11.681,,,,-10.0745,,,,-10.364,,,,-9.23743,,,,-8.97,,,,-7.79744,,,,-9.695,,,,-10.6101,,,,-13.2866,,,,-11.714,,,,-11.7813,,,,-10.297,,,,-9.87369,,,,-9.449,,,,-10.677,,,,-10.644
,,,,-11.714,,,,-10.108,,,,-10.364,,,,-9.17059,,,,-8.947,,,,-7.79744,,,,-9.717,,,,-10.6435,,,,-13.32,,,,-11.748,,,,-11.8148,,,,-10.286,,,,-9.87369,,,,-9.461,,,,-10.7105,,,,-10.677
,,,,-11.697,,,,-10.0745,,,,-10.364,,,,-9.23743,,,,-9.014,,,,-7.83094,,,,-9.583,,,,-10.5432,,,,-13.32,,,,-11.725,,,,-11.7813,,,,-10.331,,,,-9.97408,,,,-9.394,,,,-10.3758,,,,-10.46
,,,,-11.697,,,,-10.0745,,,,-10.398,,,,-9.27099,,,,-9.025,,,,-7.86439,,,,-9.762,,,,-10.677,,,,-13.32,,,,-11.748,,,,-11.8482,,,,-10.353,,,,-9.94059,,,,-9.516,,,,-10.7439,,,,-10.71
,,,,-11.697,,,,-10.0745,,,,-10.387,,,,-9.23743,,,,-9.036,,,,-7.89782,,,,-9.784,,,,-10.7105,,,,-13.32,,,,-11.748,,,,-11.8482,,,,-10.353,,,,-9.97408,,,,-9.539,,,,-10.7439,,,,-10.727
,,,,-11.697,,,,-10.0745,,,,-10.398,,,,-9.27099,,,,-9.059,,,,-7.89782,,,,-9.795,,,,-10.7105,,,,-13.32,,,,-11.748,,,,-11.8482,,,,-10.376,,,,-10.0076,,,,-9.561,,,,-10.7774,,,,-10.744
,,,,-11.764,,,,-10.2085,,,,-10.443,,,,-9.27099,,,,-9.07,,,,-7.9314,,,,-9.806,,,,-10.7105,,,,-13.32,,,,-11.792,,,,-11.8482,,,,-10.376,,,,-10.0076,,,,-9.572,,,,-10.7774,,,,-10.744
,,,,-11.697,,,,-10.0745,,,,-10.398,,,,-9.27099,,,,-9.07,,,,-7.9314,,,,-9.818,,,,-10.7439,,,,-13.32,,,,-11.748,,,,-11.8482,,,,-10.376,,,,-10.0076,,,,-9.572,,,,-10.7774,,,,-10.761
,,,,-11.714,,,,-10.0745,,,,-10.42,,,,-9.27099,,,,-9.092,,,,-7.9649,,,,-9.84,,,,-10.7439,,,,-13.3534,,,,-11.781,,,,-11.915,,,,-10.409,,,,-10.041,,,,-9.606,,,,-10.8109,,,,-10.777
,,,,-11.781,,,,-10.175,,,,-10.454,,,,-9.30449,,,,-9.103,,,,-7.9649,,,,-9.851,,,,-10.7439,,,,-13.3869,,,,-11.815,,,,-11.8817,,,,-10.409,,,,-10.041,,,,-9.617,,,,-10.8444,,,,-10.794
,,,,-11.798,,,,-10.2085,,,,-10.465,,,,-9.27099,,,,-9.092,,,,-7.9649,,,,-9.851,,,,-10.7774,,,,-13.3869,,,,-11.837,,,,-11.915,,,,-10.409,,,,-10.041,,,,-9.606,,,,-10.8109,,,,-10.794
,,,,-11.831,,,,-10.2418,,,,-10.565,,,,-9.40487,,,,-9.059,,,,-7.9649,,,,-9.773,,,,-10.7439,,,,-13.4203,,,,-11.904,,,,-12.049,,,,-10.42,,,,-9.80672,,,,-9.461,,,,-10.6101,,,,-10.677
,,,,-11.848,,,,-10.2753,,,,-10.554,,,,-9.40487,,,,-9.182,,,,-8.03191,,,,-9.918,,,,-10.8109,,,,-13.4203,,,,-11.893,,,,-11.982,,,,-10.498,,,,-10.108,,,,-9.684,,,,-10.9112,,,,-10.861
,,,,-11.848,,,,-10.2418,,,,-10.543,,,,-9.40487,,,,-9.193,,,,-8.03191,,,,-9.94,,,,-10.8444,,,,-13.4538,,,,-11.893,,,,-11.982,,,,-10.509,,,,-10.1415,,,,-9.706,,,,-10.9447,,,,-10.895
,,,,-11.898,,,,-10.3423,,,,-10.576,,,,-9.40487,,,,-9.204,,,,-8.06533,,,,-9.951,,,,-10.8444,,,,-13.4538,,,,-11.926,,,,-11.982,,,,-10.509,,,,-10.1415,,,,-9.717,,,,-10.9447,,,,-10.895
,,,,-11.848,,,,-10.2418,,,,-10.565,,,,-9.43843,,,,-9.237,,,,-8.0989,,,,-9.963,,,,-10.8444,,,,-13.4538,,,,-11.904,,,,-12.0155,,,,-10.543,,,,-10.175,,,,-9.74,,,,-10.9447,,,,-10.895
,,,,-11.881,,,,-10.3088,,,,-10.599,,,,-9.47193,,,,-9.249,,,,-8.0989,,,,-9.985,,,,-10.8778,,,,-13.4538,,,,-11.926,,,,-12.0155,,,,-10.554,,,,-10.175,,,,-9.751,,,,-10.9782,,,,-10.928
,,,,-11.915,,,,-10.3423,,,,-10.61,,,,-9.47193,,,,-9.26,,,,-8.0989,,,,-9.996,,,,-10.9112,,,,-13.4872,,,,-11.948,,,,-12.0155,,,,-10.565,,,,-10.2085,,,,-9.762,,,,-10.9782,,,,-10.945
,,,,-11.915,,,,-10.3758,,,,-10.632,,,,-9.50541,,,,-9.271,,,,-8.0989,,,,-9.996,,,,-10.8778,,,,-13.4538,,,,-11.948,,,,-12.0155,,,,-10.576,,,,-10.2085,,,,-9.773,,,,-11.0117,,,,-10.945
,,,,-11.948,,,,-10.4092,,,,-10.688,,,,-9.60581,,,,-9.338,,,,-8.16591,,,,-10.052,,,,-10.9447,,,,-13.4872,,,,-11.982,,,,-12.049,,,,-10.632,,,,-10.2418,,,,-9.818,,,,-11.0452,,,,-10.995
,,,,-11.915,,,,-10.3088,,,,-10.632,,,,-9.5389,,,,-9.338,,,,-8.19934,,,,-10.074,,,,-10.9782,,,,-13.5207,,,,-11.959,,,,-12.049,,,,-10.621,,,,-10.2753,,,,-9.84,,,,-11.0452,,,,-11.012
,,,,-11.982,,,,-10.4427,,,,-10.688,,,,-9.5389,,,,-9.349,,,,-8.19934,,,,-10.085,,,,-10.9782,,,,-13.5207,,,,-12.015,,,,-12.0823,,,,-10.643,,,,-10.3088,,,,-9.862,,,,-11.0785,,,,-11.028
,,,,-11.982,,,,-10.4092,,,,-10.699,,,,-9.57225,,,,-9.371,,,,-8.23278,,,,-10.119,,,,-11.0117,,,,-13.5541,,,,-12.026,,,,-12.1159,,,,-10.666,,,,-10.3088,,,,-9.885,,,,-11.1121,,,,-11.062
,,,,-12.015,,,,-10.4762,,,,-10.721,,,,-9.57225,,,,-9.394,,,,-8.26635,,,,-10.152,,,,-11.0452,,,,-13.5541,,,,-12.049,,,,-12.1159,,,,-10.677,,,,-10.3423,,,,-9.918,,,,-11.1456,,,,-11.095
,,,,-12.049,,,,-10.5432,,,,-10.755,,,,-9.60581,,,,-9.405,,,,-8.26635,,,,-10.141,,,,-11.0452,,,,-13.5541,,,,-12.071,,,,-12.1159,,,,-10.688,,,,-10.3423,,,,-9.907,,,,-11.1121,,,,-11.079
,,,,-11.998,,,,-10.4427,,,,-10.744,,,,-9.6393,,,,-9.416,,,,-8.26635,,,,-10.141,,,,-11.0452,,,,-13.5541,,,,-12.049,,,,-12.1493,,,,-10.71,,,,-10.3423,,,,-9.907,,,,-11.1121,,,,-11.079
,,,,-12.015,,,,-10.4762,,,,-10.755,,,,-9.6393,,,,-9.427,,,,-8.26635,,,,-10.152,,,,-11.0785,,,,-13.5541,,,,-12.06,,,,-12.1493,,,,-10.721,,,,-10.3758,,,,-9.918,,,,-11.1121,,,,-11.095
,,,,-12.049,,,,-10.5432,,,,-10.766,,,,-9.60581,,,,-9.438,,,,-8.33334,,,,-10.186,,,,-11.0785,,,,-13.5541,,,,-12.082,,,,-12.1493,,,,-10.71,,,,-10.3758,,,,-9.952,,,,-11.1456,,,,-11.112
,,,,-12.032,,,,-10.5097,,,,-10.755,,,,-9.60581,,,,-9.438,,,,-8.33334,,,,-10.197,,,,-11.1121,,,,-13.5541,,,,-12.071,,,,-12.1493,,,,-10.71,,,,-10.3758,,,,-9.952,,,,-11.1456,,,,-11.129
,,,,-12.032,,,,-10.4762,,,,-10.766,,,,-9.6393,,,,-9.472,,,,-8.36685,,,,-10.219,,,,-11.1121,,,,-13.5875,,,,-12.082,,,,-12.1828,,,,-10.744,,,,-10.4092,,,,-9.985,,,,-11.179,,,,-11.146
,,,,-12.099,,,,-10.6101,,,,-10.833,,,,-9.67278,,,,-9.483,,,,-8.36685,,,,-10.219,,,,-11.1121,,,,-13.5875,,,,-12.138,,,,-12.2163,,,,-10.766,,,,-10.4092,,,,-9.985,,,,-11.179,,,,-11.146
,,,,-12.099,,,,-10.5765,,,,-10.811,,,,-9.67278,,,,-9.494,,,,-8.36685,,,,-10.219,,,,-11.1121,,,,-13.621,,,,-12.127,,,,-12.1828,,,,-10.766,,,,-10.4427,,,,-9.996,,,,-11.179,,,,-11.146
,,,,-12.082,,,,-10.5432,,,,-10.822,,,,-9.70626,,,,-9.528,,,,-8.40027,,,,-10.264,,,,-11.179,,,,-13.621,,,,-12.127,,,,-12.2163,,,,-10.8,,,,-10.4762,,,,-10.03,,,,-11.2125,,,,-11.196
,,,,-12.082,,,,-10.5432,,,,-10.811,,,,-9.70626,,,,-9.539,,,,-8.43383,,,,-10.275,,,,-11.179,,,,-13.621,,,,-12.116,,,,-12.1828,,,,-10.788,,,,-10.4762,,,,-10.041,,,,-11.2125,,,,-11.196
,,,,-12.116,,,,-10.6101,,,,-10.855,,,,-9.73967,,,,-9.55,,,,-8.43383,,,,-10.275,,,,-11.179,,,,-13.621,,,,-12.149,,,,-12.2163,,,,-10.811,,,,-10.4762,,,,-10.041,,,,-11.2125,,,,-11.196
,,,,-12.116,,,,-10.6101,,,,-10.855,,,,-9.73967,,,,-9.561,,,,-8.43383,,,,-10.286,,,,-11.179,,,,-13.621,,,,-12.149,,,,-12.2163,,,,-10.822,,,,-10.5097,,,,-10.063,,,,-11.2458,,,,-11.212
,,,,-12.132,,,,-10.6101,,,,-10.878,,,,-9.77323,,,,-9.583,,,,-8.46734,,,,-10.309,,,,-11.2125,,,,-13.6544,,,,-12.171,,,,-12.2496,,,,-10.844,,,,-10.5097,,,,-10.074,,,,-11.2458,,,,-11.229
,,,,-12.149,,,,-10.677,,,,-10.911,,,,-9.80672,,,,-9.583,,,,-8.46734,,,,-10.309,,,,-11.2125,,,,-13.621,,,,-12.183,,,,-12.2496,,,,-10.844,,,,-10.4762,,,,-10.063,,,,-11.2458,,,,-11.229
,,,,-12.132,,,,-10.6101,,,,-10.878,,,,-9.77323,,,,-9.583,,,,-8.46734,,,,-10.309,,,,-11.2125,,,,-13.6544,,,,-12.171,,,,-12.2496,,,,-10.844,,,,-10.5097,,,,-10.074,,,,-11.2458,,,,-11.229
,,,,-12.115,,,,-10.5765,,,,-10.889,,,,-9.80672,,,,-9.606,,,,-8.46734,,,,-10.32,,,,-11.2458,,,,-13.6544,,,,-12.171,,,,-12.2831,,,,-10.878,,,,-10.5432,,,,-10.085,,,,-11.2458,,,,-11.246
,,,,-12.166,,,,-10.7105,,,,-10.922,,,,-9.80672,,,,-9.606,,,,-8.46734,,,,-10.32,,,,-11.2458,,,,-13.621,,,,-12.194,,,,-12.2496,,,,-10.867,,,,-10.5432,,,,-10.085,,,,-11.2458,,,,-11.246
,,,,-12.149,,,,-10.6435,,,,-10.9,,,,-9.77323,,,,-9.606,,,,-8.50084,,,,-10.342,,,,-11.2458,,,,-13.6544,,,,-12.194,,,,-12.2831,,,,-10.867,,,,-10.5432,,,,-10.108,,,,-11.2794,,,,-11.263
,,,,-12.199,,,,-10.7105,,,,-10.945,,,,-9.84021,,,,-9.639,,,,-8.53427,,,,-10.364,,,,-11.2794,,,,-13.6878,,,,-12.227,,,,-12.2831,,,,-10.889,,,,-10.5432,,,,-10.119,,,,-11.2794,,,,-11.279
,,,,-12.199,,,,-10.7105,,,,-10.956,,,,-9.87369,,,,-9.661,,,,-8.53427,,,,-10.364,,,,-11.2794,,,,-13.6878,,,,-12.227,,,,-12.2831,,,,-10.911,,,,-10.5765,,,,-10.13,,,,-11.2794,,,,-11.279
,,,,-12.149,,,,-10.6435,,,,-10.933,,,,-9.84021,,,,-9.673,,,,-8.5677,,,,-10.409,,,,-11.3129,,,,-13.6544,,,,-12.205,,,,-12.3166,,,,-10.922,,,,-10.6101,,,,-10.175,,,,-11.3463,,,,-11.33
,,,,-12.249,,,,-10.7774,,,,-10.989,,,,-9.84021,,,,-9.673,,,,-8.5677,,,,-10.398,,,,-11.3129,,,,-13.7213,,,,-12.283,,,,-12.35,,,,-10.933,,,,-10.6101,,,,-10.164,,,,-11.3129,,,,-11.313
,,,,-12.216,,,,-10.7105,,,,-10.989,,,,-9.90704,,,,-9.706,,,,-8.60126,,,,-10.442,,,,-11.3463,,,,-13.7213,,,,-12.261,,,,-12.35,,,,-10.956,,,,-10.6101,,,,-10.197,,,,-11.3798,,,,-11.363
,,,,-12.233,,,,-10.7774,,,,-11.0,,,,-9.87369,,,,-9.717,,,,-8.63476,,,,-10.442,,,,-11.3463,,,,-13.6878,,,,-12.272,,,,-12.35,,,,-10.956,,,,-10.6435,,,,-10.208,,,,-11.3463,,,,-11.346
,,,,-12.249,,,,-10.7439,,,,-11.0,,,,-9.90704,,,,-9.728,,,,-8.63476,,,,-10.454,,,,-11.3798,,,,-13.7547,,,,-12.283,,,,-12.35,,,,-10.967,,,,-10.6435,,,,-10.208,,,,-11.3463,,,,-11.363
,,,,-12.283,,,,-10.8444,,,,-11.023,,,,-9.87369,,,,-9.717,,,,-8.63476,,,,-10.454,,,,-11.3463,,,,-13.7213,,,,-12.305,,,,-12.35,,,,-10.956,,,,-10.6435,,,,-10.219,,,,-11.3798,,,,-11.363
,,,,-12.249,,,,-10.7774,,,,-11.023,,,,-9.90704,,,,-9.74,,,,-8.63476,,,,-10.454,,,,-11.3463,,,,-13.7213,,,,-12.294,,,,-12.3835,,,,-10.989,,,,-10.677,,,,-10.231,,,,-11.3798,,,,-11.363
,,,,-12.249,,,,-10.7439,,,,-11.0,,,,-9.90704,,,,-9.751,,,,-8.66825,,,,-10.476,,,,-11.3798,,,,-13.7547,,,,-12.283,,,,-12.35,,,,-10.978,,,,-10.677,,,,-10.242,,,,-11.3798,,,,-11.38
,,,,-12.266,,,,-10.7774,,,,-11.012,,,,-9.87369,,,,-9.751,,,,-8.66825,,,,-10.487,,,,-11.4132,,,,-13.7547,,,,-12.305,,,,-12.3835,,,,-10.989,,,,-10.7105,,,,-10.253,,,,-11.3798,,,,-11.396
,,,,-12.283,,,,-10.8109,,,,-11.056,,,,-9.94059,,,,-9.773,,,,-8.66825,,,,-10.498,,,,-11.4132,,,,-13.7547,,,,-12.328,,,,-12.4169,,,,-11.023,,,,-10.7105,,,,-10.264,,,,-11.4132,,,,-11.413
,,,,-12.266,,,,-10.7774,,,,-11.067,,,,-10.0076,,,,-9.807,,,,-8.70175,,,,-10.509,,,,-11.4132,,,,-13.7547,,,,-12.316,,,,-12.4169,,,,-11.045,,,,-10.7105,,,,-10.275,,,,-11.4132,,,,-11.413
,,,,-12.283,,,,-10.8109,,,,-11.067,,,,-9.97408,,,,-9.795,,,,-8.70175,,,,-10.521,,,,-11.4132,,,,-13.7547,,,,-12.328,,,,-12.4169,,,,-11.034,,,,-10.7105,,,,-10.286,,,,-11.4467,,,,-11.43
,,,,-12.333,,,,-10.9112,,,,-11.134,,,,-10.041,,,,-9.818,,,,-8.70175,,,,-10.454,,,,-11.3129,,,,-13.7547,,,,-12.372,,,,-12.4504,,,,-11.067,,,,-10.7105,,,,-10.253,,,,-11.3463,,,,-11.33
,,,,-12.333,,,,-10.9112,,,,-11.112,,,,-9.97408,,,,-9.818,,,,-8.73517,,,,-10.543,,,,-11.4467,,,,-13.7547,,,,-12.372,,,,-12.4504,,,,-11.056,,,,-10.7439,,,,-10.309,,,,-11.4467,,,,-11.447
,,,,-12.283,,,,-10.8109,,,,-11.134,,,,-10.108,,,,-9.885,,,,-8.76874,,,,-10.576,,,,-11.4802,,,,-13.7547,,,,-12.35,,,,-12.4839,,,,-11.123,,,,-10.7774,,,,-10.342,,,,-11.4802,,,,-11.48
,,,,-12.3,,,,-10.8444,,,,-11.123,,,,-10.0745,,,,-9.874,,,,-8.76874,,,,-10.554,,,,-11.4467,,,,-13.7547,,,,-12.35,,,,-12.4504,,,,-11.101,,,,-10.7774,,,,-10.331,,,,-11.4467,,,,-11.447
,,,,-12.35,,,,-10.9112,,,,-11.134,,,,-10.041,,,,-9.874,,,,-8.76874,,,,-10.576,,,,-11.4802,,,,-13.7882,,,,-12.383,,,,-12.4504,,,,-11.101,,,,-10.8109,,,,-10.353,,,,-11.4802,,,,-11.48
,,,,-12.383,,,,-10.9782,,,,-11.145,,,,-9.97408,,,,-9.862,,,,-8.80223,,,,-10.61,,,,-11.5137,,,,-13.7882,,,,-12.417,,,,-12.4839,,,,-11.09,,,,-10.8109,,,,-10.376,,,,-11.5137,,,,-11.514
,,,,-12.383,,,,-10.9782,,,,-11.19,,,,-10.108,,,,-9.907,,,,-8.80223,,,,-10.599,,,,-11.4802,,,,-13.7882,,,,-12.417,,,,-12.4839,,,,-11.134,,,,-10.8109,,,,-10.376,,,,-11.5137,,,,-11.497
,,,,-12.35,,,,-10.9112,,,,-11.168,,,,-10.108,,,,-9.929,,,,-8.83572,,,,-10.621,,,,-11.5137,,,,-13.7882,,,,-12.394,,,,-12.4839,,,,-11.145,,,,-10.8444,,,,-10.398,,,,-11.5137,,,,-11.514
,,,,-12.4,,,,-10.9782,,,,-11.201,,,,-10.108,,,,-9.929,,,,-8.83572,,,,-10.621,,,,-11.5137,,,,-13.8216,,,,-12.439,,,,-12.5173,,,,-11.157,,,,-10.8444,,,,-10.398,,,,-11.5137,,,,-11.514
,,,,-12.417,,,,-11.0117,,,,-11.224,,,,-10.1415,,,,-9.952,,,,-8.86915,,,,-10.643,,,,-11.5137,,,,-13.8216,,,,-12.45,,,,-12.5173,,,,-11.168,,,,-10.8444,,,,-10.42,,,,-11.5471,,,,-11.53
,,,,-12.35,,,,-10.8778,,,,-11.134,,,,-10.0076,,,,-9.907,,,,-8.86915,,,,-10.654,,,,-11.5471,,,,-13.8216,,,,-12.406,,,,-12.5173,,,,-11.123,,,,-10.8444,,,,-10.42,,,,-11.5471,,,,-11.547
,,,,-12.45,,,,-11.0452,,,,-11.224,,,,-10.0745,,,,-9.94,,,,-8.86915,,,,-10.677,,,,-11.5805,,,,-13.855,,,,-12.484,,,,-12.5508,,,,-11.168,,,,-10.8778,,,,-10.442,,,,-11.5805,,,,-11.58
,,,,-12.417,,,,-11.0117,,,,-11.235,,,,-10.1415,,,,-9.974,,,,-8.90258,,,,-10.677,,,,-11.5471,,,,-13.8216,,,,-12.461,,,,-12.5508,,,,-11.19,,,,-10.8778,,,,-10.454,,,,-11.5805,,,,-11.564
,,,,-12.433,,,,-11.0452,,,,-11.246,,,,-10.1415,,,,-9.974,,,,-8.90258,,,,-10.699,,,,-11.5805,,,,-13.8216,,,,-12.473,,,,-12.5508,,,,-11.19,,,,-10.8778,,,,-10.465,,,,-11.614,,,,-11.597
,,,,-12.467,,,,-11.0452,,,,-11.279,,,,-10.175,,,,-10.007,,,,-8.93615,,,,-10.721,,,,-11.614,,,,-13.8885,,,,-12.517,,,,-12.6176,,,,-11.235,,,,-10.9112,,,,-10.487,,,,-11.614,,,,-11.614
,,,,-12.5,,,,-11.0117,,,,-11.268,,,,-10.1415,,,,-10.007,,,,-8.93615,,,,-10.744,,,,-11.614,,,,-13.9888,,,,-12.551,,,,-12.6511,,,,-11.246,,,,-10.9447,,,,-10.521,,,,-11.6809,,,,-11.647
,,,,-12.601,,,,-11.1121,,,,-11.346,,,,-10.175,,,,-10.03,,,,-8.96964,,,,-10.777,,,,-11.6475,,,,-14.089,,,,-12.651,,,,-12.7514,,,,-11.29,,,,-10.9447,,,,-10.543,,,,-11.7144,,,,-11.681
,,,,-12.6,,,,-11.0785,,,,-11.38,,,,-10.2085,,,,-10.052,,,,-8.96964,,,,-10.811,,,,-11.6809,,,,-14.1225,,,,-12.684,,,,-12.8518,,,,-11.346,,,,-10.9782,,,,-10.576,,,,-11.7813,,,,-11.731
,,,,-12.701,,,,-11.1456,,,,-11.435,,,,-10.2085,,,,-10.086,,,,-9.00314,,,,-10.844,,,,-11.6809,,,,-14.2562,,,,-12.785,,,,-12.9522,,,,-11.402,,,,-11.0452,,,,-10.632,,,,-11.8482,,,,-11.765
,,,,-12.734,,,,-11.1456,,,,-11.48,,,,-10.2753,,,,-10.13,,,,-9.03663,,,,-10.889,,,,-11.7478,,,,-14.3231,,,,-12.829,,,,-13.019,,,,-11.458,,,,-11.0785,,,,-10.666,,,,-11.8817,,,,-11.815
,,,,-12.801,,,,-11.2125,,,,-11.536,,,,-10.3423,,,,-10.164,,,,-9.03663,,,,-10.922,,,,-11.7813,,,,-14.39,,,,-12.885,,,,-13.0525,,,,-11.502,,,,-11.1121,,,,-10.699,,,,-11.9486,,,,-11.865
,,,,-12.801,,,,-11.1456,,,,-11.525,,,,-10.3423,,,,-10.175,,,,-9.07004,,,,-10.944,,,,-11.7813,,,,-14.4568,,,,-12.896,,,,-13.0858,,,,-11.513,,,,-11.1121,,,,-10.721,,,,-11.982,,,,-11.882
,,,,-12.885,,,,-11.2125,,,,-11.614,,,,-10.4427,,,,-10.264,,,,-9.1371,,,,-11.011,,,,-11.8482,,,,-14.5572,,,,-12.985,,,,-13.1863,,,,-11.614,,,,-11.2125,,,,-10.8,,,,-12.049,,,,-11.949
,,,,-12.968,,,,-11.2458,,,,-11.67,,,,-10.4762,,,,-10.298,,,,-9.17059,,,,-11.056,,,,-11.8817,,,,-14.6908,,,,-13.074,,,,-13.2866,,,,-11.67,,,,-11.2458,,,,-10.844,,,,-12.1159,,,,-11.999
,,,,-13.052,,,,-11.3463,,,,-11.748,,,,-10.5432,,,,-10.353,,,,-9.23743,,,,-11.112,,,,-11.9486,,,,-14.7576,,,,-13.152,,,,-13.3534,,,,-11.725,,,,-11.2794,,,,-10.889,,,,-12.1493,,,,-12.049
,,,,-13.069,,,,-11.3129,,,,-11.77,,,,-10.5765,,,,-10.364,,,,-9.20401,,,,-11.123,,,,-11.9486,,,,-14.8246,,,,-13.186,,,,-13.4203,,,,-11.77,,,,-11.3129,,,,-10.911,,,,-12.2163,,,,-12.082
,,,,-13.169,,,,-11.3798,,,,-11.826,,,,-10.6101,,,,-10.409,,,,-9.23743,,,,-11.168,,,,-11.982,,,,-14.9583,,,,-13.275,,,,-13.4872,,,,-11.826,,,,-11.3798,,,,-10.967,,,,-12.2831,,,,-12.133
,,,,-13.186,,,,-11.3798,,,,-11.859,,,,-10.6435,,,,-10.443,,,,-9.27099,,,,-11.201,,,,-12.0155,,,,-14.9917,,,,-13.309,,,,-13.5541,,,,-11.87,,,,-11.4132,,,,-11.0,,,,-12.3166,,,,-12.166
,,,,-13.253,,,,-11.4467,,,,-11.915,,,,-10.677,,,,-10.476,,,,-9.30449,,,,-11.234,,,,-12.049,,,,-15.0585,,,,-13.375,,,,-13.621,,,,-11.915,,,,-11.4467,,,,-11.034,,,,-12.35,,,,-12.2
,,,,-13.437,,,,-11.5471,,,,-12.049,,,,-10.8109,,,,-10.521,,,,-9.30449,,,,-11.29,,,,-12.0155,,,,-15.326,,,,-13.554,,,,-13.7882,,,,-12.015,,,,-11.4467,,,,-11.101,,,,-12.5508,,,,-12.283
,,,,-13.453,,,,-11.5471,,,,-12.082,,,,-10.8778,,,,-10.588,,,,-9.40487,,,,-11.29,,,,-12.1493,,,,-15.3593,,,,-13.576,,,,-13.8216,,,,-12.06,,,,-11.4802,,,,-11.067,,,,-12.3166,,,,-12.233
,,,,-13.47,,,,-11.5137,,,,-12.093,,,,-10.9112,,,,-10.655,,,,-9.43843,,,,-11.413,,,,-12.1828,,,,-15.4261,,,,-13.598,,,,-13.855,,,,-12.127,,,,-11.614,,,,-11.223,,,,-12.6176,,,,-12.4
,,,,-13.587,,,,-11.6475,,,,-12.194,,,,-10.9782,,,,-10.688,,,,-9.43843,,,,-11.446,,,,-12.2496,,,,-15.5265,,,,-13.71,,,,-13.9554,,,,-12.194,,,,-11.6475,,,,-11.246,,,,-12.6511,,,,-12.45
,,,,-13.604,,,,-11.614,,,,-12.171,,,,-10.9447,,,,-10.71,,,,-9.47193,,,,-11.48,,,,-12.2831,,,,-15.5932,,,,-13.721,,,,-13.9554,,,,-12.205,,,,-11.7144,,,,-11.29,,,,-12.6845,,,,-12.484
,,,,-13.637,,,,-11.6475,,,,-12.227,,,,-11.0117,,,,-10.755,,,,-9.50541,,,,-11.524,,,,-12.3166,,,,-15.6267,,,,-13.765,,,,-14.0222,,,,-12.261,,,,-11.7478,,,,-11.335,,,,-12.7514,,,,-12.534
,,,,-13.704,,,,-11.7144,,,,-12.261,,,,-11.0117,,,,-10.766,,,,-9.5389,,,,-11.547,,,,-12.3166,,,,-15.6935,,,,-13.821,,,,-14.0556,,,,-12.272,,,,-11.7478,,,,-11.357,,,,-12.7849,,,,-12.551
,,,,-13.788,,,,-11.8482,,,,-12.339,,,,-11.0785,,,,-10.811,,,,-9.57225,,,,-11.58,,,,-12.35,,,,-15.7269,,,,-13.888,,,,-14.089,,,,-12.316,,,,-11.7813,,,,-11.391,,,,-12.8184,,,,-12.584
,,,,-13.804,,,,-11.7813,,,,-12.316,,,,-11.0452,,,,-10.833,,,,-9.60581,,,,-11.625,,,,-12.4169,,,,-15.8272,,,,-13.91,,,,-14.1225,,,,-12.339,,,,-11.8482,,,,-11.435,,,,-12.8518,,,,-12.634
,,,,-13.888,,,,-11.8817,,,,-12.383,,,,-11.1121,,,,-10.878,,,,-9.6393,,,,-11.658,,,,-12.4169,,,,-15.8941,,,,-13.977,,,,-14.156,,,,-12.383,,,,-11.8817,,,,-11.48,,,,-12.9186,,,,-12.668
,,,,-13.905,,,,-11.8817,,,,-12.417,,,,-11.179,,,,-10.922,,,,-9.67278,,,,-11.703,,,,-12.4839,,,,-15.9274,,,,-14.0,,,,-14.1894,,,,-12.428,,,,-11.915,,,,-11.513,,,,-12.9522,,,,-12.718
,,,,-13.955,,,,-11.915,,,,-12.461,,,,-11.2125,,,,-10.956,,,,-9.70626,,,,-11.748,,,,-12.5173,,,,-15.9943,,,,-14.055,,,,-14.2562,,,,-12.472,,,,-11.9486,,,,-11.558,,,,-13.019,,,,-12.768
,,,,-14.022,,,,-11.9486,,,,-12.484,,,,-11.2125,,,,-10.978,,,,-9.73967,,,,-11.781,,,,-12.5508,,,,-16.0945,,,,-14.111,,,,-14.2897,,,,-12.495,,,,-11.982,,,,-11.591,,,,-13.0525,,,,-12.802
,,,,-14.105,,,,-12.049,,,,-12.573,,,,-11.3129,,,,-11.045,,,,-9.77323,,,,-11.848,,,,-12.6511,,,,-16.1614,,,,-14.189,,,,-14.3565,,,,-12.573,,,,-12.049,,,,-11.647,,,,-13.1194,,,,-12.885
,,,,-14.122,,,,-12.0823,,,,-12.584,,,,-11.2794,,,,-11.067,,,,-9.84021,,,,-11.881,,,,-12.6511,,,,-16.1614,,,,-14.211,,,,-14.39,,,,-12.584,,,,-12.0823,,,,-11.692,,,,-13.1528,,,,-12.902
,,,,-14.122,,,,-12.0155,,,,-12.606,,,,-11.3798,,,,-11.123,,,,-9.87369,,,,-11.915,,,,-12.6845,,,,-16.2282,,,,-14.222,,,,-14.4233,,,,-12.64,,,,-12.1159,,,,-11.725,,,,-13.1863,,,,-12.935
,,,,-14.172,,,,-12.049,,,,-12.617,,,,-11.3798,,,,-11.145,,,,-9.90704,,,,-11.948,,,,-12.718,,,,-16.295,,,,-14.256,,,,-14.4233,,,,-12.651,,,,-12.1493,,,,-11.759,,,,-13.2197,,,,-12.969
,,,,-14.222,,,,-12.1159,,,,-12.673,,,,-11.4132,,,,-11.168,,,,-9.90704,,,,-11.959,,,,-12.7514,,,,-16.3285,,,,-14.312,,,,-14.4903,,,,-12.695,,,,-12.1828,,,,-11.77,,,,-13.2197,,,,-12.986
,,,,-14.289,,,,-12.2163,,,,-12.707,,,,-11.4132,,,,-11.19,,,,-9.94059,,,,-12.004,,,,-12.7849,,,,-16.3618,,,,-14.356,,,,-14.4903,,,,-12.707,,,,-12.2163,,,,-11.814,,,,-13.2866,,,,-13.036
,,,,-14.272,,,,-12.1493,,,,-12.695,,,,-11.4132,,,,-11.201,,,,-9.94059,,,,-12.015,,,,-12.8184,,,,-16.3952,,,,-14.356,,,,-14.5237,,,,-12.729,,,,-12.2496,,,,-11.826,,,,-13.2866,,,,-13.052
,,,,-14.322,,,,-12.2163,,,,-12.751,,,,-11.4802,,,,-11.235,,,,-9.97408,,,,-12.049,,,,-12.8518,,,,-16.4286,,,,-14.401,,,,-14.5572,,,,-12.762,,,,-12.2496,,,,-11.848,,,,-13.32,,,,-13.086
,,,,-14.439,,,,-12.3835,,,,-12.863,,,,-11.5471,,,,-11.246,,,,-10.041,,,,-12.127,,,,-12.8853,,,,-16.4955,,,,-14.512,,,,-14.6574,,,,-12.785,,,,-12.1493,,,,-11.881,,,,-13.4538,,,,-13.17
,,,,-14.423,,,,-12.2831,,,,-12.84,,,,-11.5805,,,,-11.346,,,,-10.0745,,,,-12.138,,,,-12.9186,,,,-16.5623,,,,-14.501,,,,-14.6574,,,,-12.874,,,,-12.3835,,,,-11.959,,,,-13.4203,,,,-13.169
,,,,-14.49,,,,-12.35,,,,-12.907,,,,-11.6475,,,,-11.402,,,,-10.1415,,,,-12.216,,,,-13.019,,,,-16.6291,,,,-14.568,,,,-14.7243,,,,-12.93,,,,-12.4169,,,,-12.015,,,,-13.4872,,,,-13.253
,,,,-14.54,,,,-12.4169,,,,-12.918,,,,-11.614,,,,-11.402,,,,-10.1415,,,,-12.227,,,,-13.019,,,,-16.6625,,,,-14.601,,,,-14.7243,,,,-12.93,,,,-12.4504,,,,-12.038,,,,-13.5207,,,,-13.27
,,,,-14.573,,,,-12.4839,,,,-12.963,,,,-11.6475,,,,-11.435,,,,-10.175,,,,-12.272,,,,-13.0858,,,,-16.6625,,,,-14.635,,,,-14.7576,,,,-12.963,,,,-12.4839,,,,-12.071,,,,-13.5541,,,,-13.32
,,,,-14.623,,,,-12.5508,,,,-12.985,,,,-11.6475,,,,-11.447,,,,-10.2085,,,,-12.283,,,,-13.0858,,,,-16.696,,,,-14.668,,,,-14.7576,,,,-12.963,,,,-12.4839,,,,-12.082,,,,-13.5541,,,,-13.32
,,,,-14.607,,,,-12.4839,,,,-12.996,,,,-11.7144,,,,-11.491,,,,-10.2085,,,,-12.305,,,,-13.1194,,,,-16.7293,,,,-14.668,,,,-14.7911,,,,-13.019,,,,-12.5508,,,,-12.116,,,,-13.5875,,,,-13.353
,,,,-14.64,,,,-12.5173,,,,-13.03,,,,-11.7813,,,,-11.525,,,,-10.2418,,,,-12.339,,,,-13.1528,,,,-16.7627,,,,-14.69,,,,-14.7911,,,,-13.041,,,,-12.5508,,,,-12.138,,,,-13.621,,,,-13.387
,,,,-14.69,,,,-12.5841,,,,-13.063,,,,-11.7478,,,,-11.536,,,,-10.2753,,,,-12.361,,,,-13.1528,,,,-16.7961,,,,-14.746,,,,-14.858,,,,-13.063,,,,-12.5841,,,,-12.171,,,,-13.6544,,,,-13.404
,,,,-14.673,,,,-12.5173,,,,-13.063,,,,-11.8148,,,,-11.569,,,,-10.2753,,,,-12.383,,,,-13.1863,,,,-16.8296,,,,-14.735,,,,-14.858,,,,-13.097,,,,-12.6176,,,,-12.194,,,,-13.6878,,,,-13.437
,,,,-14.707,,,,-12.5841,,,,-13.108,,,,-11.8148,,,,-11.592,,,,-10.3088,,,,-12.405,,,,-13.2197,,,,-16.8296,,,,-14.779,,,,-14.9248,,,,-13.13,,,,-12.6511,,,,-12.216,,,,-13.6878,,,,-13.454
,,,,-14.724,,,,-12.6176,,,,-13.13,,,,-11.8817,,,,-11.614,,,,-10.3088,,,,-12.428,,,,-13.2531,,,,-16.8296,,,,-14.78,,,,-14.8914,,,,-13.141,,,,-12.6511,,,,-12.227,,,,-13.7213,,,,-13.487
,,,,-14.74,,,,-12.6176,,,,-13.108,,,,-11.7813,,,,-11.614,,,,-10.3758,,,,-12.45,,,,-13.2531,,,,-16.863,,,,-14.802,,,,-14.9248,,,,-13.13,,,,-12.6845,,,,-12.261,,,,-13.7213,,,,-13.487
,,,,-14.774,,,,-12.6511,,,,-13.164,,,,-11.915,,,,-11.681,,,,-10.3758,,,,-12.439,,,,-13.32,,,,-16.8964,,,,-14.824,,,,-14.9248,,,,-13.197,,,,-12.7514,,,,-12.249,,,,-13.621,,,,-13.471
,,,,-14.79,,,,-12.6176,,,,-13.164,,,,-11.8817,,,,-11.714,,,,-10.4092,,,,-12.439,,,,-13.3534,,,,-16.9632,,,,-14.858,,,,-14.9917,,,,-13.242,,,,-12.8518,,,,-12.272,,,,-13.5541,,,,-13.454
,,,,-14.841,,,,-12.7514,,,,-13.242,,,,-11.9486,,,,-11.714,,,,-10.4092,,,,-12.517,,,,-13.32,,,,-16.9297,,,,-14.902,,,,-15.0251,,,,-13.253,,,,-12.7849,,,,-12.339,,,,-13.8216,,,,-13.571
,,,,-14.874,,,,-12.7514,,,,-13.242,,,,-11.9486,,,,-11.737,,,,-10.4427,,,,-12.562,,,,-13.3869,,,,-16.9966,,,,-14.924,,,,-15.0251,,,,-13.264,,,,-12.8184,,,,-12.372,,,,-13.855,,,,-13.621
,,,,-14.841,,,,-12.6511,,,,-13.231,,,,-11.982,,,,-11.759,,,,-10.4762,,,,-12.584,,,,-13.4203,,,,-17.03,,,,-14.913,,,,-15.0585,,,,-13.286,,,,-12.8184,,,,-12.383,,,,-13.855,,,,-13.638
,,,,-14.891,,,,-12.7514,,,,-13.275,,,,-11.982,,,,-11.77,,,,-10.4762,,,,-12.595,,,,-13.4203,,,,-17.03,,,,-14.958,,,,-15.0919,,,,-13.309,,,,-12.8518,,,,-12.406,,,,-13.8885,,,,-13.654
,,,,-14.924,,,,-12.7849,,,,-13.331,,,,-12.0823,,,,-11.848,,,,-10.5432,,,,-12.651,,,,-13.4872,,,,-17.0634,,,,-14.991,,,,-15.1254,,,,-13.375,,,,-12.9186,,,,-12.461,,,,-13.9219,,,,-13.705
,,,,-15.008,,,,-12.9186,,,,-13.364,,,,-12.049,,,,-11.848,,,,-10.5765,,,,-12.684,,,,-13.5207,,,,-17.0967,,,,-15.047,,,,-15.1254,,,,-13.364,,,,-12.9186,,,,-12.484,,,,-13.9554,,,,-13.738
,,,,-15.008,,,,-12.9186,,,,-13.387,,,,-12.0823,,,,-11.882,,,,-10.6101,,,,-12.718,,,,-13.5541,,,,-17.0967,,,,-15.058,,,,-15.1588,,,,-13.398,,,,-12.9522,,,,-12.517,,,,-13.9888,,,,-13.771
,,,,-15.024,,,,-12.9186,,,,-13.409,,,,-12.1159,,,,-11.893,,,,-10.6101,,,,-12.729,,,,-13.5875,,,,-17.1302,,,,-15.08,,,,-15.1922,,,,-13.42,,,,-12.9522,,,,-12.517,,,,-13.9888,,,,-13.788
,,,,-15.008,,,,-12.8853,,,,-13.409,,,,-12.1493,,,,-11.926,,,,-10.6435,,,,-12.751,,,,-13.5875,,,,-17.1302,,,,-15.069,,,,-15.1922,,,,-13.442,,,,-12.9855,,,,-12.55,,,,-14.0222,,,,-13.805
,,,,-15.058,,,,-12.9186,,,,-13.431,,,,-12.1159,,,,-11.926,,,,-10.6435,,,,-12.762,,,,-13.621,,,,-17.197,,,,-15.125,,,,-15.259,,,,-13.465,,,,-13.019,,,,-12.562,,,,-14.0222,,,,-13.822
,,,,-15.075,,,,-12.9522,,,,-13.454,,,,-12.1493,,,,-11.96,,,,-10.7105,,,,-12.796,,,,-13.621,,,,-17.197,,,,-15.136,,,,-15.259,,,,-13.476,,,,-13.019,,,,-12.595,,,,-14.0556,,,,-13.838
,,,,-15.091,,,,-12.9855,,,,-13.487,,,,-12.2163,,,,-11.993,,,,-10.7105,,,,-12.818,,,,-13.6878,,,,-17.197,,,,-15.147,,,,-15.259,,,,-13.509,,,,-13.0525,,,,-12.606,,,,-14.0556,,,,-13.872
,,,,-15.125,,,,-13.019,,,,-13.498,,,,-12.1828,,,,-11.993,,,,-10.7105,,,,-12.818,,,,-13.6544,,,,-17.2304,,,,-15.181,,,,-15.2925,,,,-13.52,,,,-13.0858,,,,-12.628,,,,-14.089,,,,-13.872
,,,,-15.125,,,,-13.019,,,,-13.52,,,,-12.2496,,,,-12.038,,,,-10.7439,,,,-12.863,,,,-13.7213,,,,-17.2304,,,,-15.181,,,,-15.2925,,,,-13.554,,,,-13.1194,,,,-12.662,,,,-14.1225,,,,-13.922
,,,,-15.158,,,,-13.0525,,,,-13.554,,,,-12.2496,,,,-12.049,,,,-10.7774,,,,-12.874,,,,-13.7213,,,,-17.2637,,,,-15.225,,,,-15.3593,,,,-13.576,,,,-13.1194,,,,-12.673,,,,-14.1225,,,,-13.922
,,,,-15.192,,,,-13.1194,,,,-13.576,,,,-12.2831,,,,-12.071,,,,-10.7774,,,,-12.885,,,,-13.7547,,,,-17.2637,,,,-15.236,,,,-15.326,,,,-13.587,,,,-13.1528,,,,-12.684,,,,-14.1225,,,,-13.939
,,,,-15.225,,,,-13.1528,,,,-13.587,,,,-12.2831,,,,-12.082,,,,-10.7774,,,,-12.896,,,,-13.7547,,,,-17.2972,,,,-15.259,,,,-15.326,,,,-13.598,,,,-13.1863,,,,-12.707,,,,-14.156,,,,-13.955
,,,,-15.208,,,,-13.0858,,,,-13.598,,,,-12.35,,,,-12.116,,,,-10.8109,,,,-12.93,,,,-13.7882,,,,-17.3306,,,,-15.259,,,,-15.3593,,,,-13.632,,,,-13.1863,,,,-12.729,,,,-14.1894,,,,-13.989
,,,,-15.242,,,,-13.1528,,,,-13.632,,,,-12.35,,,,-12.127,,,,-10.8444,,,,-12.952,,,,-13.8216,,,,-17.3306,,,,-15.292,,,,-15.3928,,,,-13.643,,,,-13.1863,,,,-12.74,,,,-14.1894,,,,-14.006
,,,,-15.208,,,,-13.0858,,,,-13.598,,,,-12.3166,,,,-12.138,,,,-10.8778,,,,-12.974,,,,-13.8216,,,,-17.3306,,,,-15.27,,,,-15.3928,,,,-13.643,,,,-13.2197,,,,-12.773,,,,-14.2228,,,,-14.022
,,,,-15.258,,,,-13.1528,,,,-13.632,,,,-12.3166,,,,-12.149,,,,-10.8778,,,,-12.985,,,,-13.855,,,,-17.364,,,,-15.314,,,,-15.4261,,,,-13.665,,,,-13.2531,,,,-12.785,,,,-14.2228,,,,-14.039
,,,,-15.258,,,,-13.1528,,,,-13.643,,,,-12.35,,,,-12.171,,,,-10.9112,,,,-13.019,,,,-13.8885,,,,-17.364,,,,-15.314,,,,-15.4261,,,,-13.676,,,,-13.2531,,,,-12.807,,,,-14.2562,,,,-14.072
,,,,-15.292,,,,-13.1863,,,,-13.688,,,,-12.4169,,,,-12.205,,,,-10.9112,,,,-13.019,,,,-13.8885,,,,-17.3974,,,,-15.348,,,,-15.4596,,,,-13.721,,,,-13.2866,,,,-12.818,,,,-14.2562,,,,-14.072
,,,,-15.275,,,,-13.1528,,,,-13.665,,,,-12.3835,,,,-12.205,,,,-10.9447,,,,-13.041,,,,-13.9219,,,,-17.3974,,,,-15.337,,,,-15.4596,,,,-13.71,,,,-13.2866,,,,-12.829,,,,-14.2562,,,,-14.089
,,,,-15.325,,,,-13.2197,,,,-13.688,,,,-12.35,,,,-12.216,,,,-10.9782,,,,-13.063,,,,-13.9219,,,,-17.4307,,,,-15.381,,,,-15.493,,,,-13.721,,,,-13.32,,,,-12.863,,,,-14.2897,,,,-14.106
,,,,-15.359,,,,-13.2866,,,,-13.732,,,,-12.4169,,,,-12.238,,,,-10.9782,,,,-13.086,,,,-13.9554,,,,-17.4307,,,,-15.403,,,,-15.493,,,,-13.743,,,,-13.32,,,,-12.874,,,,-14.3231,,,,-14.139
,,,,-15.359,,,,-13.2531,,,,-13.754,,,,-12.4839,,,,-12.283,,,,-11.0117,,,,-13.108,,,,-13.9888,,,,-17.4642,,,,-15.415,,,,-15.5265,,,,-13.788,,,,-13.3534,,,,-12.896,,,,-14.3231,,,,-14.156
,,,,-15.375,,,,-13.2866,,,,-13.766,,,,-12.4504,,,,-12.283,,,,-11.0117,,,,-13.119,,,,-13.9888,,,,-17.4642,,,,-15.437,,,,-15.5599,,,,-13.799,,,,-13.3869,,,,-12.918,,,,-14.3565,,,,-14.173
,,,,-15.392,,,,-13.32,,,,-13.788,,,,-12.4839,,,,-12.305,,,,-11.0452,,,,-13.152,,,,-14.0222,,,,-17.4642,,,,-15.448,,,,-15.5599,,,,-13.81,,,,-13.3869,,,,-12.941,,,,-14.39,,,,-14.206
,,,,-15.409,,,,-13.32,,,,-13.799,,,,-12.4839,,,,-12.328,,,,-11.0785,,,,-13.175,,,,-14.0556,,,,-17.4976,,,,-15.47,,,,-15.5932,,,,-13.832,,,,-13.4203,,,,-12.963,,,,-14.39,,,,-14.223
,,,,-15.392,,,,-13.2866,,,,-13.777,,,,-12.4504,,,,-12.316,,,,-11.0785,,,,-13.175,,,,-14.0556,,,,-17.4976,,,,-15.459,,,,-15.5932,,,,-13.821,,,,-13.4203,,,,-12.963,,,,-14.39,,,,-14.223
,,,,-15.442,,,,-13.3534,,,,-13.844,,,,-12.5508,,,,-12.372,,,,-11.1121,,,,-13.197,,,,-14.089,,,,-17.531,,,,-15.504,,,,-15.6267,,,,-13.877,,,,-13.4538,,,,-12.985,,,,-14.39,,,,-14.24
,,,,-15.442,,,,-13.3534,,,,-13.844,,,,-12.5508,,,,-12.372,,,,-11.1121,,,,-13.208,,,,-14.089,,,,-17.531,,,,-15.504,,,,-15.6267,,,,-13.877,,,,-13.4538,,,,-12.996,,,,-14.4233,,,,-14.256
,,,,-15.492,,,,-13.4203,,,,-13.866,,,,-12.5508,,,,-12.383,,,,-11.1456,,,,-13.242,,,,-14.1225,,,,-17.5644,,,,-15.537,,,,-15.6267,,,,-13.877,,,,-13.4538,,,,-13.019,,,,-14.4568,,,,-14.29
,,,,-15.476,,,,-13.3869,,,,-13.866,,,,-12.5508,,,,-12.395,,,,-11.1456,,,,-13.264,,,,-14.156,,,,-17.5644,,,,-15.537,,,,-15.6602,,,,-13.899,,,,-13.4872,,,,-13.041,,,,-14.4903,,,,-14.323
,,,,-15.509,,,,-13.4203,,,,-13.888,,,,-12.5841,,,,-12.428,,,,-11.179,,,,-13.286,,,,-14.156,,,,-17.5977,,,,-15.559,,,,-15.6602,,,,-13.922,,,,-13.5207,,,,-13.074,,,,-14.5237,,,,-14.34
,,,,-15.526,,,,-13.4538,,,,-13.922,,,,-12.6176,,,,-12.45,,,,-11.2125,,,,-13.309,,,,-14.1894,,,,-17.5977,,,,-15.582,,,,-15.6935,,,,-13.944,,,,-13.5207,,,,-13.086,,,,-14.5237,,,,-14.357
,,,,-15.542,,,,-13.4538,,,,-13.944,,,,-12.6511,,,,-12.484,,,,-11.2125,,,,-13.309,,,,-14.1894,,,,-17.6312,,,,-15.604,,,,-15.7269,,,,-13.988,,,,-13.5875,,,,-13.108,,,,-14.5237,,,,-14.357
,,,,-15.542,,,,-13.4872,,,,-13.944,,,,-12.6176,,,,-12.484,,,,-11.2458,,,,-13.342,,,,-14.2228,,,,-17.5977,,,,-15.604,,,,-15.7269,,,,-13.977,,,,-13.5875,,,,-13.13,,,,-14.5572,,,,-14.39
,,,,-15.593,,,,-13.5541,,,,-13.966,,,,-12.5841,,,,-12.472,,,,-11.2458,,,,-13.342,,,,-14.2228,,,,-17.6312,,,,-15.649,,,,-15.7603,,,,-13.977,,,,-13.5875,,,,-13.13,,,,-14.5572,,,,-14.39
,,,,-15.593,,,,-13.5207,,,,-13.988,,,,-12.6845,,,,-12.517,,,,-11.2794,,,,-13.375,,,,-14.2562,,,,-17.6646,,,,-15.649,,,,-15.7603,,,,-14.011,,,,-13.5875,,,,-13.152,,,,-14.5905,,,,-14.423
,,,,-15.643,,,,-13.621,,,,-14.011,,,,-12.6511,,,,-12.528,,,,-11.2794,,,,-13.398,,,,-14.2897,,,,-17.6646,,,,-15.682,,,,-15.7603,,,,-14.022,,,,-13.6544,,,,-13.186,,,,-14.624,,,,-14.457
,,,,-15.643,,,,-13.5875,,,,-14.022,,,,-12.6845,,,,-12.551,,,,-11.2794,,,,-13.387,,,,-14.2897,,,,-17.698,,,,-15.693,,,,-15.7938,,,,-14.055,,,,-13.6878,,,,-13.186,,,,-14.5905,,,,-14.44
,,,,-15.643,,,,-13.621,,,,-14.044,,,,-12.718,,,,-12.573,,,,-11.3129,,,,-13.431,,,,-14.3231,,,,-17.6646,,,,-15.693,,,,-15.7938,,,,-14.067,,,,-13.6878,,,,-13.219,,,,-14.6574,,,,-14.49
,,,,-15.676,,,,-13.6544,,,,-14.067,,,,-12.718,,,,-12.584,,,,-11.3463,,,,-13.453,,,,-14.3231,,,,-17.698,,,,-15.727,,,,-15.8272,,,,-14.078,,,,-13.6878,,,,-13.242,,,,-14.6908,,,,-14.507
,,,,-15.66,,,,-13.621,,,,-14.055,,,,-12.718,,,,-12.584,,,,-11.3463,,,,-13.453,,,,-14.3565,,,,-17.698,,,,-15.715,,,,-15.8272,,,,-14.078,,,,-13.6878,,,,-13.23,,,,-14.6574,,,,-14.507
,,,,-15.676,,,,-13.621,,,,-14.089,,,,-12.7849,,,,-12.618,,,,-11.3463,,,,-13.453,,,,-14.3565,,,,-17.7314,,,,-15.738,,,,-15.8606,,,,-14.122,,,,-13.7213,,,,-13.242,,,,-14.6574,,,,-14.507
,,,,-15.71,,,,-13.6544,,,,-14.111,,,,-12.7849,,,,-12.64,,,,-11.4132,,,,-13.498,,,,-14.39,,,,-17.7647,,,,-15.771,,,,-15.8941,,,,-14.133,,,,-13.7213,,,,-13.275,,,,-14.6908,,,,-14.54
,,,,-15.726,,,,-13.6878,,,,-14.111,,,,-12.7849,,,,-12.662,,,,-11.4132,,,,-13.52,,,,-14.4233,,,,-17.7647,,,,-15.771,,,,-15.8606,,,,-14.145,,,,-13.7882,,,,-13.309,,,,-14.7243,,,,-14.574
,,,,-15.71,,,,-13.6544,,,,-14.122,,,,-12.8184,,,,-12.684,,,,-11.4467,,,,-13.531,,,,-14.4233,,,,-17.7647,,,,-15.771,,,,-15.8941,,,,-14.167,,,,-13.7882,,,,-13.32,,,,-14.7243,,,,-14.574
,,,,-15.76,,,,-13.7547,,,,-14.156,,,,-12.8184,,,,-12.684,,,,-11.4467,,,,-13.554,,,,-14.4568,,,,-17.7647,,,,-15.804,,,,-15.8941,,,,-14.167,,,,-13.7882,,,,-13.331,,,,-14.7576,,,,-14.607
,,,,-15.81,,,,-13.7882,,,,-14.189,,,,-12.8518,,,,-12.718,,,,-11.4802,,,,-13.576,,,,-14.4903,,,,-17.8316,,,,-15.849,,,,-15.9274,,,,-14.2,,,,-13.8216,,,,-13.353,,,,-14.7576,,,,-14.624
,,,,-15.76,,,,-13.6878,,,,-14.178,,,,-12.8853,,,,-12.74,,,,-11.4802,,,,-13.587,,,,-14.4903,,,,-17.8316,,,,-15.827,,,,-15.9609,,,,-14.234,,,,-13.855,,,,-13.375,,,,-14.7911,,,,-14.641
,,,,-15.827,,,,-13.8216,,,,-14.223,,,,-12.8853,,,,-12.763,,,,-11.5137,,,,-13.598,,,,-14.4903,,,,-17.8316,,,,-15.871,,,,-15.9609,,,,-14.245,,,,-13.8885,,,,-13.398,,,,-14.7911,,,,-14.641
,,,,-15.776,,,,-13.7213,,,,-14.2,,,,-12.9186,,,,-12.774,,,,-11.5137,,,,-13.609,,,,-14.5237,,,,-17.8316,,,,-15.838,,,,-15.9609,,,,-14.256,,,,-13.8885,,,,-13.398,,,,-14.7911,,,,-14.657
,,,,-15.793,,,,-13.7547,,,,-14.234,,,,-12.9522,,,,-12.796,,,,-11.5471,,,,-13.643,,,,-14.5237,,,,-17.8316,,,,-15.86,,,,-15.9943,,,,-14.278,,,,-13.8885,,,,-13.431,,,,-14.858,,,,-14.691
,,,,-15.86,,,,-13.855,,,,-14.289,,,,-13.019,,,,-12.829,,,,-11.5471,,,,-13.654,,,,-14.5572,,,,-17.865,,,,-15.905,,,,-15.9943,,,,-14.312,,,,-13.9219,,,,-13.442,,,,-14.858,,,,-14.708
,,,,-15.86,,,,-13.8216,,,,-14.267,,,,-12.9522,,,,-12.818,,,,-11.5805,,,,-13.665,,,,-14.5572,,,,-17.8984,,,,-15.916,,,,-16.0277,,,,-14.301,,,,-13.9219,,,,-13.453,,,,-14.858,,,,-14.708
,,,,-15.843,,,,-13.8216,,,,-14.289,,,,-13.019,,,,-12.852,,,,-11.614,,,,-13.699,,,,-14.5905,,,,-17.865,,,,-15.905,,,,-16.0277,,,,-14.323,,,,-13.9219,,,,-13.476,,,,-14.8914,,,,-14.741
,,,,-15.893,,,,-13.8885,,,,-14.323,,,,-13.019,,,,-12.863,,,,-11.614,,,,-13.71,,,,-14.624,,,,-17.8984,,,,-15.949,,,,-16.0611,,,,-14.345,,,,-13.9554,,,,-13.487,,,,-14.8914,,,,-14.758
,,,,-15.893,,,,-13.8885,,,,-14.323,,,,-13.019,,,,-12.874,,,,-11.614,,,,-13.71,,,,-14.624,,,,-17.8984,,,,-15.949,,,,-16.0611,,,,-14.356,,,,-13.9888,,,,-13.498,,,,-14.8914,,,,-14.758
,,,,-15.91,,,,-13.8885,,,,-14.334,,,,-13.019,,,,-12.874,,,,-11.6475,,,,-13.743,,,,-14.6574,,,,-17.9317,,,,-15.972,,,,-16.0945,,,,-14.356,,,,-13.9554,,,,-13.509,,,,-14.9248,,,,-14.791
,,,,-15.91,,,,-13.8885,,,,-14.345,,,,-13.0525,,,,-12.919,,,,-11.6809,,,,-13.754,,,,-14.6574,,,,-17.9317,,,,-15.972,,,,-16.0945,,,,-14.39,,,,-14.0222,,,,-13.543,,,,-14.9248,,,,-14.791
,,,,-15.91,,,,-13.8885,,,,-14.345,,,,-13.0525,,,,-12.919,,,,-11.6809,,,,-13.788,,,,-14.6908,,,,-17.9317,,,,-15.972,,,,-16.0945,,,,-14.39,,,,-14.0222,,,,-13.565,,,,-14.9917,,,,-14.841
,,,,-15.96,,,,-13.9554,,,,-14.39,,,,-13.0858,,,,-12.952,,,,-11.7144,,,,-13.799,,,,-14.7243,,,,-17.9652,,,,-16.016,,,,-16.1279,,,,-14.423,,,,-14.0556,,,,-13.576,,,,-14.9583,,,,-14.841
,,,,-15.96,,,,-13.9219,,,,-14.401,,,,-13.1863,,,,-12.997,,,,-11.7813,,,,-13.754,,,,-14.6574,,,,-17.9986,,,,-16.005,,,,-16.0945,,,,-14.434,,,,-14.0222,,,,-13.543,,,,-14.8246,,,,-14.741
,,,,-15.944,,,,-13.9219,,,,-14.434,,,,-13.2197,,,,-13.041,,,,-11.7813,,,,-13.866,,,,-14.7911,,,,-17.9652,,,,-16.016,,,,-16.1614,,,,-14.501,,,,-14.1225,,,,-13.643,,,,-15.0251,,,,-14.908
,,,,-15.977,,,,-13.9554,,,,-14.446,,,,-13.2197,,,,-13.064,,,,-11.8148,,,,-13.877,,,,-14.7911,,,,-17.9986,,,,-16.038,,,,-16.1614,,,,-14.512,,,,-14.156,,,,-13.665,,,,-15.0251,,,,-14.908
,,,,-15.994,,,,-13.9888,,,,-14.457,,,,-13.1528,,,,-13.041,,,,-11.8148,,,,-13.888,,,,-14.8246,,,,-17.9986,,,,-16.072,,,,-16.2282,,,,-14.512,,,,-14.156,,,,-13.665,,,,-15.0251,,,,-14.925
,,,,-15.977,,,,-13.9219,,,,-14.445,,,,-13.2197,,,,-13.075,,,,-11.8482,,,,-13.91,,,,-14.8246,,,,-18.032,,,,-16.05,,,,-16.1948,,,,-14.523,,,,-14.156,,,,-13.688,,,,-15.0585,,,,-14.942
,,,,-15.977,,,,-13.9554,,,,-14.468,,,,-13.2197,,,,-13.097,,,,-11.8817,,,,-13.944,,,,-14.858,,,,-17.9986,,,,-16.061,,,,-16.2282,,,,-14.546,,,,-14.1894,,,,-13.721,,,,-15.0919,,,,-14.975
,,,,-16.044,,,,-14.0556,,,,-14.512,,,,-13.2531,,,,-13.119,,,,-11.8817,,,,-13.944,,,,-14.858,,,,-18.032,,,,-16.105,,,,-16.2282,,,,-14.568,,,,-14.2228,,,,-13.732,,,,-15.0919,,,,-14.975
,,,,-16.077,,,,-14.089,,,,-14.523,,,,-13.2531,,,,-13.119,,,,-11.8817,,,,-13.966,,,,-14.8914,,,,-18.0653,,,,-16.128,,,,-16.2282,,,,-14.568,,,,-14.2228,,,,-13.743,,,,-15.1254,,,,-15.008
,,,,-16.061,,,,-14.089,,,,-14.523,,,,-13.2531,,,,-13.13,,,,-11.915,,,,-13.977,,,,-14.8914,,,,-18.032,,,,-16.116,,,,-16.2282,,,,-14.568,,,,-14.2228,,,,-13.754,,,,-15.1254,,,,-15.008
,,,,-16.06,,,,-14.0556,,,,-14.546,,,,-13.2866,,,,-13.164,,,,-11.9486,,,,-14.0,,,,-14.9248,,,,-18.0653,,,,-16.139,,,,-16.295,,,,-14.613,,,,-14.2562,,,,-13.777,,,,-15.1254,,,,-15.025
,,,,-16.077,,,,-14.089,,,,-14.546,,,,-13.2531,,,,-13.164,,,,-11.9486,,,,-14.022,,,,-14.9583,,,,-18.0653,,,,-16.15,,,,-16.295,,,,-14.613,,,,-14.2897,,,,-13.799,,,,-15.1588,,,,-15.059
,,,,-16.094,,,,-14.089,,,,-14.568,,,,-13.32,,,,-13.186,,,,-11.982,,,,-14.033,,,,-14.9583,,,,-18.0986,,,,-16.161,,,,-16.295,,,,-14.624,,,,-14.2562,,,,-13.799,,,,-15.1588,,,,-15.059
,,,,-16.094,,,,-14.089,,,,-14.568,,,,-13.2866,,,,-13.197,,,,-11.982,,,,-14.055,,,,-14.9917,,,,-18.0986,,,,-16.172,,,,-16.3285,,,,-14.646,,,,-14.3231,,,,-13.832,,,,-15.1922,,,,-15.092
,,,,-16.094,,,,-14.0556,,,,-14.557,,,,-13.32,,,,-13.22,,,,-12.0155,,,,-14.066,,,,-14.9917,,,,-18.1321,,,,-16.161,,,,-16.295,,,,-14.646,,,,-14.3231,,,,-13.844,,,,-15.1922,,,,-15.092
,,,,-16.111,,,,-14.1225,,,,-14.601,,,,-13.3534,,,,-13.242,,,,-12.0155,,,,-14.066,,,,-14.9917,,,,-18.0986,,,,-16.183,,,,-16.3285,,,,-14.679,,,,-14.3565,,,,-13.855,,,,-15.1922,,,,-15.092
,,,,-16.144,,,,-14.1225,,,,-14.668,,,,-13.4538,,,,-13.186,,,,-12.0155,,,,-14.022,,,,-14.9917,,,,-18.1655,,,,-16.239,,,,-16.4286,,,,-14.657,,,,-14.089,,,,-13.721,,,,-15.0585,,,,-15.025
,,,,-16.111,,,,-14.0556,,,,-14.657,,,,-13.4538,,,,-13.32,,,,-12.0823,,,,-14.156,,,,-15.0919,,,,-18.1655,,,,-16.228,,,,-16.4621,,,,-14.78,,,,-14.4233,,,,-13.933,,,,-15.2925,,,,-15.192
,,,,-16.161,,,,-14.089,,,,-14.668,,,,-13.4538,,,,-13.342,,,,-12.1159,,,,-14.178,,,,-15.0919,,,,-18.2323,,,,-16.261,,,,-16.4621,,,,-14.791,,,,-14.4568,,,,-13.966,,,,-15.326,,,,-15.209
,,,,-16.194,,,,-14.1894,,,,-14.724,,,,-13.5207,,,,-13.376,,,,-12.1493,,,,-14.211,,,,-15.1254,,,,-18.1989,,,,-16.283,,,,-16.4621,,,,-14.813,,,,-14.4568,,,,-13.988,,,,-15.3593,,,,-15.242
,,,,-16.177,,,,-14.156,,,,-14.713,,,,-13.5207,,,,-13.376,,,,-12.1493,,,,-14.222,,,,-15.1588,,,,-18.1989,,,,-16.272,,,,-16.4621,,,,-14.813,,,,-14.4568,,,,-13.988,,,,-15.3593,,,,-15.259
,,,,-16.194,,,,-14.156,,,,-14.724,,,,-13.5207,,,,-13.398,,,,-12.1828,,,,-14.234,,,,-15.1588,,,,-18.2323,,,,-16.295,,,,-16.4955,,,,-14.835,,,,-14.4903,,,,-14.011,,,,-15.3593,,,,-15.259
,,,,-16.228,,,,-14.2228,,,,-14.757,,,,-13.5541,,,,-13.42,,,,-12.1828,,,,-14.256,,,,-15.1922,,,,-18.2323,,,,-16.317,,,,-16.4955,,,,-14.858,,,,-14.5237,,,,-14.033,,,,-15.3928,,,,-15.292
,,,,-16.228,,,,-14.2228,,,,-14.757,,,,-13.5207,,,,-13.42,,,,-12.2163,,,,-14.267,,,,-15.1922,,,,-18.2323,,,,-16.328,,,,-16.5289,,,,-14.858,,,,-14.5237,,,,-14.044,,,,-15.3928,,,,-15.292
,,,,-16.228,,,,-14.2228,,,,-14.769,,,,-13.5541,,,,-13.443,,,,-12.2163,,,,-14.278,,,,-15.1922,,,,-18.2323,,,,-16.328,,,,-16.5289,,,,-14.88,,,,-14.5572,,,,-14.067,,,,-15.4261,,,,-15.309
,,,,-16.278,,,,-14.2562,,,,-14.802,,,,-13.5875,,,,-13.476,,,,-12.2496,,,,-14.312,,,,-15.259,,,,-18.2991,,,,-16.373,,,,-16.5623,,,,-14.913,,,,-14.5905,,,,-14.089,,,,-15.4261,,,,-15.343
,,,,-16.228,,,,-14.1894,,,,-14.791,,,,-13.621,,,,-13.487,,,,-12.2496,,,,-14.312,,,,-15.259,,,,-18.2656,,,,-16.339,,,,-16.5623,,,,-14.925,,,,-14.5905,,,,-14.089,,,,-15.4261,,,,-15.343
,,,,-16.228,,,,-14.1894,,,,-14.769,,,,-13.5541,,,,-13.465,,,,-12.2496,,,,-14.312,,,,-15.259,,,,-18.2656,,,,-16.339,,,,-16.5623,,,,-14.902,,,,-14.5905,,,,-14.089,,,,-15.4261,,,,-15.343
,,,,-16.294,,,,-14.2897,,,,-14.847,,,,-13.6878,,,,-13.532,,,,-12.2831,,,,-14.334,,,,-15.259,,,,-18.2991,,,,-16.384,,,,-16.5623,,,,-14.958,,,,-14.624,,,,-14.122,,,,-15.4596,,,,-15.359
,,,,-16.244,,,,-14.1894,,,,-14.78,,,,-13.5541,,,,-13.509,,,,-12.3166,,,,-14.367,,,,-15.326,,,,-18.2991,,,,-16.361,,,,-16.5956,,,,-14.936,,,,-14.6574,,,,-14.145,,,,-15.4596,,,,-15.393
,,,,-16.294,,,,-14.2562,,,,-14.835,,,,-13.621,,,,-13.543,,,,-12.35,,,,-14.39,,,,-15.326,,,,-18.3325,,,,-16.406,,,,-16.6291,,,,-14.969,,,,-14.6574,,,,-14.167,,,,-15.493,,,,-15.41
,,,,-16.328,,,,-14.3231,,,,-14.913,,,,-13.7547,,,,-13.61,,,,-12.3835,,,,-14.423,,,,-15.3593,,,,-18.3325,,,,-16.439,,,,-16.6625,,,,-15.036,,,,-14.6908,,,,-14.2,,,,-15.5265,,,,-15.443
,,,,-16.328,,,,-14.2897,,,,-14.913,,,,-13.7547,,,,-13.632,,,,-12.4169,,,,-14.457,,,,-15.3928,,,,-18.3659,,,,-16.451,,,,-16.696,,,,-15.058,,,,-14.7243,,,,-14.234,,,,-15.5599,,,,-15.476
,,,,-16.328,,,,-14.2897,,,,-14.902,,,,-13.7213,,,,-13.643,,,,-12.4504,,,,-14.479,,,,-15.4261,,,,-18.3659,,,,-16.451,,,,-16.696,,,,-15.058,,,,-14.7576,,,,-14.256,,,,-15.5599,,,,-15.493
,,,,-16.328,,,,-14.2897,,,,-14.902,,,,-13.7213,,,,-13.643,,,,-12.4504,,,,-14.501,,,,-15.4596,,,,-18.3659,,,,-16.451,,,,-16.696,,,,-15.058,,,,-14.7576,,,,-14.267,,,,-15.5932,,,,-15.526
,,,,-16.344,,,,-14.2897,,,,-14.936,,,,-13.7882,,,,-13.688,,,,-12.4839,,,,-14.512,,,,-15.4596,,,,-18.3993,,,,-16.473,,,,-16.7293,,,,-15.103,,,,-14.7911,,,,-14.289,,,,-15.5932,,,,-15.526
,,,,-16.344,,,,-14.2897,,,,-14.947,,,,-13.8216,,,,-13.699,,,,-12.4839,,,,-14.523,,,,-15.4596,,,,-18.3993,,,,-16.473,,,,-16.7293,,,,-15.114,,,,-14.7911,,,,-14.301,,,,-15.6267,,,,-15.543
,,,,-16.344,,,,-14.2897,,,,-14.958,,,,-13.8216,,,,-13.71,,,,-12.4839,,,,-14.535,,,,-15.493,,,,-18.3993,,,,-16.484,,,,-16.7627,,,,-15.136,,,,-14.8246,,,,-14.312,,,,-15.6267,,,,-15.56
,,,,-16.378,,,,-14.3565,,,,-14.958,,,,-13.7882,,,,-13.71,,,,-12.5173,,,,-14.546,,,,-15.493,,,,-18.3993,,,,-16.495,,,,-16.7293,,,,-15.114,,,,-14.8246,,,,-14.323,,,,-15.6267,,,,-15.56
,,,,-16.378,,,,-14.3565,,,,-14.98,,,,-13.7882,,,,-13.721,,,,-12.5508,,,,-14.579,,,,-15.5265,,,,-18.3993,,,,-16.517,,,,-16.7961,,,,-15.136,,,,-14.8246,,,,-14.345,,,,-15.6602,,,,-15.593
,,,,-16.395,,,,-14.39,,,,-15.025,,,,-13.8885,,,,-13.755,,,,-12.5508,,,,-14.579,,,,-15.5265,,,,-18.3993,,,,-16.528,,,,-16.7961,,,,-15.17,,,,-14.8246,,,,-14.345,,,,-15.6602,,,,-15.593
,,,,-16.411,,,,-14.3565,,,,-14.991,,,,-13.8216,,,,-13.755,,,,-12.5841,,,,-14.601,,,,-15.5265,,,,-18.466,,,,-16.54,,,,-16.7961,,,,-15.159,,,,-14.858,,,,-14.379,,,,-15.6935,,,,-15.61
,,,,-16.395,,,,-14.3231,,,,-15.003,,,,-13.8885,,,,-13.788,,,,-12.5841,,,,-14.612,,,,-15.5599,,,,-18.466,,,,-16.528,,,,-16.7961,,,,-15.192,,,,-14.8914,,,,-14.39,,,,-15.6935,,,,-15.627
,,,,-16.411,,,,-14.3231,,,,-15.014,,,,-13.8885,,,,-13.788,,,,-12.5841,,,,-14.635,,,,-15.5932,,,,-18.4994,,,,-16.551,,,,-16.8296,,,,-15.203,,,,-14.8914,,,,-14.401,,,,-15.7269,,,,-15.66
,,,,-16.411,,,,-14.3565,,,,-15.036,,,,-13.9219,,,,-13.821,,,,-12.6176,,,,-14.646,,,,-15.5932,,,,-18.466,,,,-16.551,,,,-16.8296,,,,-15.225,,,,-14.9248,,,,-14.423,,,,-15.7269,,,,-15.66
,,,,-16.428,,,,-14.39,,,,-15.047,,,,-13.9219,,,,-13.833,,,,-12.6511,,,,-14.668,,,,-15.5932,,,,-18.466,,,,-16.562,,,,-16.8296,,,,-15.225,,,,-14.9248,,,,-14.445,,,,-15.7603,,,,-15.677
,,,,-16.411,,,,-14.3565,,,,-15.069,,,,-13.9888,,,,-13.866,,,,-12.6511,,,,-14.668,,,,-15.5932,,,,-18.466,,,,-16.562,,,,-16.863,,,,-15.27,,,,-14.9583,,,,-14.457,,,,-15.7603,,,,-15.677
,,,,-16.461,,,,-14.4233,,,,-15.081,,,,-13.9554,,,,-13.855,,,,-12.6511,,,,-14.691,,,,-15.6602,,,,-18.4994,,,,-16.595,,,,-16.863,,,,-15.259,,,,-14.9583,,,,-14.457,,,,-15.7603,,,,-15.71
,,,,-16.445,,,,-14.3565,,,,-15.114,,,,-14.0222,,,,-13.821,,,,-12.6511,,,,-14.679,,,,-15.6602,,,,-18.5328,,,,-16.618,,,,-16.9632,,,,-15.259,,,,-14.7911,,,,-14.39,,,,-15.7269,,,,-15.694
,,,,-16.428,,,,-14.3231,,,,-15.114,,,,-14.0556,,,,-13.944,,,,-12.7514,,,,-14.769,,,,-15.6935,,,,-18.5328,,,,-16.606,,,,-16.9632,,,,-15.348,,,,-15.0251,,,,-14.546,,,,-15.8606,,,,-15.777
,,,,-16.445,,,,-14.3565,,,,-15.136,,,,-14.089,,,,-13.966,,,,-12.7514,,,,-14.78,,,,-15.7269,,,,-18.5328,,,,-16.618,,,,-16.9632,,,,-15.37,,,,-15.0585,,,,-14.557,,,,-15.8606,,,,-15.794
,,,,-16.461,,,,-14.39,,,,-15.125,,,,-14.0222,,,,-13.966,,,,-12.7849,,,,-14.802,,,,-15.7603,,,,-18.5328,,,,-16.629,,,,-16.9632,,,,-15.359,,,,-15.0919,,,,-14.579,,,,-15.8606,,,,-15.81
,,,,-16.495,,,,-14.4233,,,,-15.147,,,,-14.0556,,,,-13.989,,,,-12.8184,,,,-14.824,,,,-15.7603,,,,-18.5662,,,,-16.651,,,,-16.9632,,,,-15.37,,,,-15.0919,,,,-14.601,,,,-15.8941,,,,-15.827
,,,,-16.511,,,,-14.4568,,,,-15.17,,,,-14.089,,,,-14.0,,,,-12.8184,,,,-14.824,,,,-15.7603,,,,-18.5662,,,,-16.662,,,,-16.9632,,,,-15.381,,,,-15.0919,,,,-14.601,,,,-15.8941,,,,-15.827
,,,,-16.495,,,,-14.4233,,,,-15.158,,,,-14.0556,,,,-14.0,,,,-12.8184,,,,-14.835,,,,-15.7938,,,,-18.5662,,,,-16.662,,,,-16.9966,,,,-15.393,,,,-15.1254,,,,-14.613,,,,-15.8941,,,,-15.844
,,,,-16.528,,,,-14.4568,,,,-15.17,,,,-14.0556,,,,-14.011,,,,-12.8518,,,,-14.858,,,,-15.7938,,,,-18.5995,,,,-16.684,,,,-16.9966,,,,-15.393,,,,-15.1254,,,,-14.635,,,,-15.9274,,,,-15.861
,,,,-16.528,,,,-14.4568,,,,-15.225,,,,-14.1894,,,,-14.067,,,,-12.8853,,,,-14.891,,,,-15.8272,,,,-18.5995,,,,-16.695,,,,-17.03,,,,-15.448,,,,-15.1254,,,,-14.657,,,,-15.9609,,,,-15.894
,,,,-16.528,,,,-14.4568,,,,-15.203,,,,-14.1225,,,,-14.067,,,,-12.8853,,,,-14.902,,,,-15.8606,,,,-18.5995,,,,-16.695,,,,-17.03,,,,-15.448,,,,-15.1922,,,,-14.679,,,,-15.9609,,,,-15.911
,,,,-16.528,,,,-14.4233,,,,-15.192,,,,-14.1225,,,,-14.078,,,,-12.9186,,,,-14.913,,,,-15.8272,,,,-18.633,,,,-16.695,,,,-17.03,,,,-15.448,,,,-15.1922,,,,-14.702,,,,-15.9943,,,,-15.911
,,,,-16.511,,,,-14.4233,,,,-15.225,,,,-14.1894,,,,-14.111,,,,-12.9186,,,,-14.924,,,,-15.8606,,,,-18.5995,,,,-16.695,,,,-17.0634,,,,-15.493,,,,-15.2257,,,,-14.713,,,,-15.9943,,,,-15.927
,,,,-16.562,,,,-14.4903,,,,-15.225,,,,-14.1225,,,,-14.089,,,,-12.9186,,,,-14.924,,,,-15.8606,,,,-18.633,,,,-16.729,,,,-17.0634,,,,-15.471,,,,-15.2257,,,,-14.713,,,,-15.9943,,,,-15.927
,,,,-16.528,,,,-14.4233,,,,-15.225,,,,-14.156,,,,-14.111,,,,-12.9522,,,,-14.958,,,,-15.8941,,,,-18.633,,,,-16.718,,,,-17.0967,,,,-15.493,,,,-15.2257,,,,-14.735,,,,-16.0277,,,,-15.961
,,,,-16.528,,,,-14.4233,,,,-15.214,,,,-14.1225,,,,-14.122,,,,-12.9855,,,,-14.98,,,,-15.9274,,,,-18.633,,,,-16.718,,,,-17.0967,,,,-15.493,,,,-15.259,,,,-14.757,,,,-16.0277,,,,-15.978
,,,,-16.545,,,,-14.4233,,,,-15.225,,,,-14.156,,,,-14.145,,,,-12.9855,,,,-14.98,,,,-15.9274,,,,-18.6664,,,,-16.729,,,,-17.0967,,,,-15.515,,,,-15.2925,,,,-14.769,,,,-16.0277,,,,-15.978
,,,,-16.562,,,,-14.4568,,,,-15.27,,,,-14.2228,,,,-14.156,,,,-12.9855,,,,-14.991,,,,-15.9609,,,,-18.6664,,,,-16.751,,,,-17.1302,,,,-15.537,,,,-15.259,,,,-14.757,,,,-16.0277,,,,-15.994
,,,,-16.595,,,,-14.5237,,,,-15.259,,,,-14.156,,,,-14.156,,,,-13.019,,,,-15.025,,,,-15.9609,,,,-18.6664,,,,-16.762,,,,-17.0967,,,,-15.515,,,,-15.2925,,,,-14.802,,,,-16.0945,,,,-16.028
,,,,-16.562,,,,-14.4233,,,,-15.236,,,,-14.156,,,,-14.156,,,,-13.019,,,,-15.025,,,,-15.9943,,,,-18.6998,,,,-16.751,,,,-17.1302,,,,-15.526,,,,-15.2925,,,,-14.791,,,,-16.0611,,,,-16.028
,,,,-16.612,,,,-14.5237,,,,-15.281,,,,-14.1894,,,,-14.167,,,,-13.019,,,,-15.025,,,,-15.9943,,,,-18.6998,,,,-16.785,,,,-17.1302,,,,-15.537,,,,-15.2925,,,,-14.791,,,,-16.0611,,,,-16.028
,,,,-16.628,,,,-14.5572,,,,-15.315,,,,-14.2562,,,,-14.2,,,,-13.019,,,,-15.047,,,,-16.0277,,,,-18.6998,,,,-16.796,,,,-17.1302,,,,-15.571,,,,-15.326,,,,-14.813,,,,-16.0945,,,,-16.061
,,,,-16.595,,,,-14.4903,,,,-15.281,,,,-14.1894,,,,-14.2,,,,-13.0858,,,,-15.069,,,,-16.0277,,,,-18.6998,,,,-16.785,,,,-17.1636,,,,-15.56,,,,-15.326,,,,-14.835,,,,-16.0945,,,,-16.061
,,,,-16.612,,,,-14.5237,,,,-15.303,,,,-14.2228,,,,-14.234,,,,-13.0858,,,,-15.069,,,,-16.0277,,,,-18.6998,,,,-16.796,,,,-17.1636,,,,-15.593,,,,-15.3928,,,,-14.858,,,,-16.0945,,,,-16.061
,,,,-16.628,,,,-14.5237,,,,-15.326,,,,-14.2897,,,,-14.234,,,,-13.0858,,,,-15.08,,,,-16.0277,,,,-18.7332,,,,-16.807,,,,-17.1636,,,,-15.593,,,,-15.326,,,,-14.847,,,,-16.1279,,,,-16.078
,,,,-16.612,,,,-14.5237,,,,-15.303,,,,-14.1894,,,,-14.234,,,,-13.1194,,,,-15.103,,,,-16.0611,,,,-18.6998,,,,-16.807,,,,-17.197,,,,-15.593,,,,-15.3928,,,,-14.88,,,,-16.1279,,,,-16.094
,,,,-16.628,,,,-14.5237,,,,-15.326,,,,-14.2562,,,,-14.267,,,,-13.1194,,,,-15.103,,,,-16.0611,,,,-18.7332,,,,-16.818,,,,-17.197,,,,-15.626,,,,-15.4261,,,,-14.891,,,,-16.1279,,,,-16.094
,,,,-16.628,,,,-14.5237,,,,-15.337,,,,-14.2897,,,,-14.278,,,,-13.1528,,,,-15.136,,,,-16.0945,,,,-18.7332,,,,-16.818,,,,-17.197,,,,-15.626,,,,-15.3928,,,,-14.902,,,,-16.1614,,,,-16.128
,,,,-16.645,,,,-14.5572,,,,-15.337,,,,-14.2562,,,,-14.278,,,,-13.1528,,,,-15.136,,,,-16.0945,,,,-18.7332,,,,-16.829,,,,-17.197,,,,-15.626,,,,-15.4261,,,,-14.913,,,,-16.1614,,,,-16.128
,,,,-16.612,,,,-14.4903,,,,-15.348,,,,-14.3565,,,,-14.312,,,,-13.1528,,,,-15.147,,,,-16.1279,,,,-18.7332,,,,-16.807,,,,-17.197,,,,-15.66,,,,-15.4261,,,,-14.913,,,,-16.1614,,,,-16.145
,,,,-16.612,,,,-14.4568,,,,-15.337,,,,-14.3231,,,,-14.323,,,,-13.1863,,,,-15.159,,,,-16.1279,,,,-18.7664,,,,-16.818,,,,-17.2304,,,,-15.671,,,,-15.4596,,,,-14.936,,,,-16.1614,,,,-16.145
,,,,-16.662,,,,-14.5572,,,,-15.381,,,,-14.3565,,,,-14.345,,,,-13.2197,,,,-15.192,,,,-16.1614,,,,-18.7664,,,,-16.851,,,,-17.2304,,,,-15.682,,,,-15.4596,,,,-14.958,,,,-16.1948,,,,-16.178
,,,,-16.628,,,,-14.5237,,,,-15.348,,,,-14.2897,,,,-14.323,,,,-13.2197,,,,-15.181,,,,-16.1279,,,,-18.7332,,,,-16.829,,,,-17.2304,,,,-15.66,,,,-15.4596,,,,-14.958,,,,-16.1948,,,,-16.161
,,,,-16.645,,,,-14.5237,,,,-15.359,,,,-14.2897,,,,-14.334,,,,-13.2197,,,,-15.203,,,,-16.1614,,,,-18.7664,,,,-16.851,,,,-17.2637,,,,-15.682,,,,-15.493,,,,-14.98,,,,-16.2282,,,,-16.195
,,,,-16.695,,,,-14.624,,,,-15.415,,,,-14.3565,,,,-14.356,,,,-13.2531,,,,-15.203,,,,-16.1614,,,,-18.7664,,,,-16.885,,,,-17.2637,,,,-15.693,,,,-15.4596,,,,-14.969,,,,-16.1948,,,,-16.178
,,,,-16.662,,,,-14.5572,,,,-15.392,,,,-14.3231,,,,-14.356,,,,-13.2531,,,,-15.225,,,,-16.1614,,,,-18.7664,,,,-16.874,,,,-17.2972,,,,-15.704,,,,-15.493,,,,-15.003,,,,-16.2615,,,,-16.211
,,,,-16.662,,,,-14.5572,,,,-15.392,,,,-14.3231,,,,-14.368,,,,-13.2531,,,,-15.225,,,,-16.1948,,,,-18.7664,,,,-16.874,,,,-17.2972,,,,-15.716,,,,-15.5265,,,,-15.003,,,,-16.2282,,,,-16.212
,,,,-16.645,,,,-14.5237,,,,-15.392,,,,-14.3565,,,,-14.39,,,,-13.2866,,,,-15.237,,,,-16.1948,,,,-18.7664,,,,-16.862,,,,-17.2972,,,,-15.727,,,,-15.5265,,,,-15.014,,,,-16.2282,,,,-16.212
,,,,-16.662,,,,-14.5237,,,,-15.392,,,,-14.3231,,,,-14.379,,,,-13.2866,,,,-15.259,,,,-16.2282,,,,-18.7999,,,,-16.885,,,,-17.3306,,,,-15.727,,,,-15.5265,,,,-15.025,,,,-16.2615,,,,-16.245
,,,,-16.679,,,,-14.5572,,,,-15.404,,,,-14.3565,,,,-14.401,,,,-13.2866,,,,-15.259,,,,-16.2282,,,,-18.7999,,,,-16.885,,,,-17.2972,,,,-15.738,,,,-15.5599,,,,-15.036,,,,-16.2615,,,,-16.245
,,,,-16.695,,,,-14.5572,,,,-15.448,,,,-14.4568,,,,-14.446,,,,-13.32,,,,-15.281,,,,-16.2282,,,,-18.8333,,,,-16.907,,,,-17.3306,,,,-15.782,,,,-15.5599,,,,-15.058,,,,-16.295,,,,-16.262
,,,,-16.679,,,,-14.5572,,,,-15.437,,,,-14.4233,,,,-14.446,,,,-13.3534,,,,-15.292,,,,-16.2282,,,,-18.7999,,,,-16.896,,,,-17.3306,,,,-15.771,,,,-15.5599,,,,-15.069,,,,-16.295,,,,-16.262
,,,,-16.679,,,,-14.5572,,,,-15.437,,,,-14.4233,,,,-14.457,,,,-13.3534,,,,-15.292,,,,-16.2282,,,,-18.7999,,,,-16.896,,,,-17.3306,,,,-15.782,,,,-15.5932,,,,-15.081,,,,-16.295,,,,-16.262
,,,,-16.695,,,,-14.5572,,,,-15.437,,,,-14.4233,,,,-14.457,,,,-13.3534,,,,-15.314,,,,-16.2615,,,,-18.8333,,,,-16.907,,,,-17.3306,,,,-15.782,,,,-15.5932,,,,-15.092,,,,-16.3285,,,,-16.295
,,,,-16.729,,,,-14.624,,,,-15.459,,,,-14.39,,,,-14.457,,,,-13.3869,,,,-15.337,,,,-16.295,,,,-18.8333,,,,-16.94,,,,-17.364,,,,-15.782,,,,-15.5932,,,,-15.103,,,,-16.3285,,,,-16.312
,,,,-16.712,,,,-14.5905,,,,-15.448,,,,-14.39,,,,-14.479,,,,-13.4203,,,,-15.348,,,,-16.295,,,,-18.8333,,,,-16.929,,,,-17.364,,,,-15.794,,,,-15.6267,,,,-15.125,,,,-16.3285,,,,-16.312
,,,,-16.762,,,,-14.6574,,,,-15.493,,,,-14.4568,,,,-14.501,,,,-13.3869,,,,-15.359,,,,-16.3285,,,,-18.8667,,,,-16.963,,,,-17.364,,,,-15.827,,,,-15.6602,,,,-15.136,,,,-16.3618,,,,-16.345
,,,,-16.695,,,,-14.5572,,,,-15.437,,,,-14.39,,,,-14.468,,,,-13.3869,,,,-15.359,,,,-16.3285,,,,-18.8333,,,,-16.918,,,,-17.364,,,,-15.794,,,,-15.6267,,,,-15.125,,,,-16.3618,,,,-16.345
,,,,-16.695,,,,-14.5572,,,,-15.448,,,,-14.4233,,,,-14.501,,,,-13.4203,,,,-15.37,,,,-16.3285,,,,-18.8333,,,,-16.918,,,,-17.364,,,,-15.816,,,,-15.6602,,,,-15.147,,,,-16.3618,,,,-16.345
,,,,-16.729,,,,-14.624,,,,-15.493,,,,-14.4568,,,,-14.524,,,,-13.4538,,,,-15.381,,,,-16.3285,,,,-18.8333,,,,-16.952,,,,-17.3974,,,,-15.838,,,,-15.6602,,,,-15.159,,,,-16.3618,,,,-16.345
,,,,-16.678,,,,-14.5237,,,,-15.459,,,,-14.4568,,,,-14.524,,,,-13.4203,,,,-15.392,,,,-16.3618,,,,-18.8333,,,,-16.918,,,,-17.3974,,,,-15.849,,,,-15.6935,,,,-15.17,,,,-16.3952,,,,-16.378
,,,,-16.729,,,,-14.5905,,,,-15.493,,,,-14.4568,,,,-14.546,,,,-13.4872,,,,-15.415,,,,-16.3618,,,,-18.8667,,,,-16.963,,,,-17.4307,,,,-15.86,,,,-15.6935,,,,-15.192,,,,-16.3952,,,,-16.378
,,,,-16.712,,,,-14.5572,,,,-15.493,,,,-14.4903,,,,-14.557,,,,-13.4872,,,,-15.415,,,,-16.3618,,,,-18.8667,,,,-16.952,,,,-17.4307,,,,-15.872,,,,-15.6935,,,,-15.192,,,,-16.3952,,,,-16.378
,,,,-16.729,,,,-14.5572,,,,-15.482,,,,-14.4903,,,,-14.568,,,,-13.5207,,,,-15.437,,,,-16.3952,,,,-18.9001,,,,-16.952,,,,-17.3974,,,,-15.86,,,,-15.6935,,,,-15.203,,,,-16.3952,,,,-16.395
,,,,-16.745,,,,-14.624,,,,-15.515,,,,-14.4903,,,,-14.579,,,,-13.5207,,,,-15.448,,,,-16.3952,,,,-18.8667,,,,-16.974,,,,-17.4307,,,,-15.883,,,,-15.7269,,,,-15.225,,,,-16.4286,,,,-16.412
,,,,-16.745,,,,-14.5905,,,,-15.504,,,,-14.4903,,,,-14.59,,,,-13.5207,,,,-15.448,,,,-16.4286,,,,-18.9001,,,,-16.974,,,,-17.4307,,,,-15.894,,,,-15.7603,,,,-15.225,,,,-16.3952,,,,-16.412
,,,,-16.729,,,,-14.5572,,,,-15.515,,,,-14.5237,,,,-14.613,,,,-13.5541,,,,-15.47,,,,-16.4286,,,,-18.9001,,,,-16.974,,,,-17.4642,,,,-15.916,,,,-15.7603,,,,-15.248,,,,-16.4286,,,,-16.429
,,,,-16.712,,,,-14.5572,,,,-15.504,,,,-14.5237,,,,-14.613,,,,-13.5541,,,,-15.482,,,,-16.4286,,,,-18.8667,,,,-16.952,,,,-17.4307,,,,-15.905,,,,-15.7603,,,,-15.259,,,,-16.4621,,,,-16.445
,,,,-16.762,,,,-14.5905,,,,-15.526,,,,-14.5237,,,,-14.635,,,,-13.5875,,,,-15.504,,,,-16.4621,,,,-18.9334,,,,-16.996,,,,-17.4642,,,,-15.927,,,,-15.7938,,,,-15.281,,,,-16.4621,,,,-16.462
,,,,-16.762,,,,-14.5905,,,,-15.537,,,,-14.5237,,,,-14.624,,,,-13.5875,,,,-15.493,,,,-16.4286,,,,-18.9334,,,,-17.007,,,,-17.4976,,,,-15.927,,,,-15.7603,,,,-15.27,,,,-16.4621,,,,-16.445
,,,,-16.779,,,,-14.624,,,,-15.56,,,,-14.5572,,,,-14.657,,,,-13.5875,,,,-15.504,,,,-16.4621,,,,-18.9334,,,,-17.018,,,,-17.4976,,,,-15.961,,,,-15.8272,,,,-15.292,,,,-16.4621,,,,-16.462
,,,,-16.745,,,,-14.5572,,,,-15.537,,,,-14.5572,,,,-14.657,,,,-13.621,,,,-15.537,,,,-16.4955,,,,-18.9334,,,,-16.996,,,,-17.4976,,,,-15.95,,,,-15.7938,,,,-15.303,,,,-16.4955,,,,-16.496
,,,,-16.795,,,,-14.624,,,,-15.582,,,,-14.624,,,,-14.691,,,,-13.621,,,,-15.537,,,,-16.4955,,,,-18.9669,,,,-17.03,,,,-17.4976,,,,-15.983,,,,-15.8272,,,,-15.315,,,,-16.4955,,,,-16.496
,,,,-16.795,,,,-14.6574,,,,-15.582,,,,-14.5572,,,,-14.668,,,,-13.6544,,,,-15.548,,,,-16.4955,,,,-18.9334,,,,-17.041,,,,-17.531,,,,-15.961,,,,-15.7938,,,,-15.315,,,,-16.4955,,,,-16.496
,,,,-16.812,,,,-14.6574,,,,-15.571,,,,-14.5572,,,,-14.691,,,,-13.6544,,,,-15.56,,,,-16.5289,,,,-18.9669,,,,-17.041,,,,-17.4976,,,,-15.972,,,,-15.8606,,,,-15.337,,,,-16.4955,,,,-16.512
,,,,-16.762,,,,-14.5905,,,,-15.548,,,,-14.5237,,,,-14.68,,,,-13.6544,,,,-15.56,,,,-16.5289,,,,-18.9334,,,,-17.018,,,,-17.531,,,,-15.972,,,,-15.8606,,,,-15.337,,,,-16.4955,,,,-16.512
,,,,-16.779,,,,-14.624,,,,-15.571,,,,-14.5572,,,,-14.691,,,,-13.6544,,,,-15.571,,,,-16.5289,,,,-18.9334,,,,-17.029,,,,-17.531,,,,-15.983,,,,-15.8606,,,,-15.348,,,,-16.5289,,,,-16.529
,,,,-16.762,,,,-14.5572,,,,-15.56,,,,-14.5905,,,,-14.724,,,,-13.7213,,,,-15.615,,,,-16.5623,,,,-18.9669,,,,-17.018,,,,-17.531,,,,-15.994,,,,-15.8606,,,,-15.381,,,,-16.5623,,,,-16.562
,,,,-16.795,,,,-14.5905,,,,-15.593,,,,-14.624,,,,-14.735,,,,-13.6878,,,,-15.615,,,,-16.5956,,,,-19.0003,,,,-17.052,,,,-17.5644,,,,-16.028,,,,-15.8941,,,,-15.381,,,,-16.5623,,,,-16.579
,,,,-16.829,,,,-14.6574,,,,-15.604,,,,-14.5572,,,,-14.724,,,,-13.7213,,,,-15.604,,,,-16.5623,,,,-19.0003,,,,-17.085,,,,-17.5977,,,,-16.016,,,,-15.8941,,,,-15.381,,,,-16.5289,,,,-16.546
,,,,-16.795,,,,-14.624,,,,-15.604,,,,-14.624,,,,-14.769,,,,-13.7547,,,,-15.626,,,,-16.5623,,,,-18.9669,,,,-17.052,,,,-17.5644,,,,-16.039,,,,-15.9274,,,,-15.415,,,,-16.5623,,,,-16.562
,,,,-16.846,,,,-14.6908,,,,-15.626,,,,-14.624,,,,-14.769,,,,-13.7547,,,,-15.638,,,,-16.5956,,,,-19.0003,,,,-17.085,,,,-17.5644,,,,-16.039,,,,-15.9274,,,,-15.415,,,,-16.5623,,,,-16.579
,,,,-16.812,,,,-14.624,,,,-15.593,,,,-14.5572,,,,-14.769,,,,-13.7882,,,,-15.66,,,,-16.5956,,,,-19.0003,,,,-17.074,,,,-17.5977,,,,-16.039,,,,-15.9609,,,,-15.448,,,,-16.5956,,,,-16.596
,,,,-16.829,,,,-14.6574,,,,-15.626,,,,-14.624,,,,-14.78,,,,-13.7547,,,,-15.66,,,,-16.6291,,,,-19.0003,,,,-17.085,,,,-17.5977,,,,-16.061,,,,-15.9609,,,,-15.437,,,,-16.5956,,,,-16.612
,,,,-16.829,,,,-14.6574,,,,-15.638,,,,-14.624,,,,-14.791,,,,-13.7882,,,,-15.682,,,,-16.6291,,,,-19.0003,,,,-17.096,,,,-17.6312,,,,-16.072,,,,-15.9609,,,,-15.459,,,,-16.6291,,,,-16.629
,,,,-16.795,,,,-14.5905,,,,-15.593,,,,-14.5905,,,,-14.78,,,,-13.7882,,,,-15.682,,,,-16.6291,,,,-19.0003,,,,-17.063,,,,-17.5977,,,,-16.05,,,,-15.9609,,,,-15.459,,,,-16.6291,,,,-16.629
,,,,-16.846,,,,-14.6574,,,,-15.626,,,,-14.624,,,,-14.813,,,,-13.8216,,,,-15.704,,,,-16.6625,,,,-19.0336,,,,-17.096,,,,-17.5977,,,,-16.072,,,,-15.9943,,,,-15.482,,,,-16.6291,,,,-16.646
,,,,-16.795,,,,-14.5905,,,,-15.626,,,,-14.6574,,,,-14.836,,,,-13.855,,,,-15.716,,,,-16.6625,,,,-19.0003,,,,-17.074,,,,-17.6312,,,,-16.094,,,,-15.9943,,,,-15.493,,,,-16.6291,,,,-16.646
,,,,-16.862,,,,-14.6908,,,,-15.671,,,,-14.6574,,,,-14.836,,,,-13.855,,,,-15.738,,,,-16.696,,,,-19.0336,,,,-17.13,,,,-17.6646,,,,-16.105,,,,-15.9943,,,,-15.504,,,,-16.6625,,,,-16.679
,,,,-16.846,,,,-14.6574,,,,-15.626,,,,-14.5905,,,,-14.824,,,,-13.855,,,,-15.738,,,,-16.696,,,,-19.0336,,,,-17.107,,,,-17.6312,,,,-16.083,,,,-16.0277,,,,-15.515,,,,-16.6625,,,,-16.679
,,,,-16.829,,,,-14.624,,,,-15.649,,,,-14.6574,,,,-14.858,,,,-13.8885,,,,-15.76,,,,-16.696,,,,-19.0336,,,,-17.107,,,,-17.6646,,,,-16.117,,,,-16.0277,,,,-15.537,,,,-16.696,,,,-16.696
,,,,-16.846,,,,-14.624,,,,-15.638,,,,-14.624,,,,-14.847,,,,-13.8885,,,,-15.76,,,,-16.696,,,,-19.067,,,,-17.119,,,,-17.6646,,,,-16.105,,,,-16.0277,,,,-15.537,,,,-16.696,,,,-16.696
,,,,-16.846,,,,-14.624,,,,-15.671,,,,-14.7243,,,,-14.902,,,,-13.9219,,,,-15.771,,,,-16.696,,,,-19.067,,,,-17.119,,,,-17.6646,,,,-16.15,,,,-16.0611,,,,-15.56,,,,-16.696,,,,-16.696
,,,,-16.879,,,,-14.6574,,,,-15.66,,,,-14.6574,,,,-14.869,,,,-13.8885,,,,-15.749,,,,-16.696,,,,-19.1003,,,,-17.141,,,,-17.6646,,,,-16.128,,,,-16.0611,,,,-15.537,,,,-16.6625,,,,-16.679
,,,,-16.862,,,,-14.6574,,,,-15.682,,,,-14.6908,,,,-14.88,,,,-13.8885,,,,-15.782,,,,-16.7293,,,,-19.067,,,,-17.141,,,,-17.698,,,,-16.15,,,,-16.0611,,,,-15.56,,,,-16.7293,,,,-16.729
,,,,-16.879,,,,-14.6908,,,,-15.682,,,,-14.6574,,,,-14.891,,,,-13.9219,,,,-15.782,,,,-16.7293,,,,-19.067,,,,-17.152,,,,-17.698,,,,-16.15,,,,-16.0945,,,,-15.571,,,,-16.696,,,,-16.713
,,,,-16.896,,,,-14.6908,,,,-15.693,,,,-14.6908,,,,-14.914,,,,-13.9554,,,,-15.805,,,,-16.7293,,,,-19.1003,,,,-17.163,,,,-17.698,,,,-16.161,,,,-16.0945,,,,-15.593,,,,-16.7293,,,,-16.729
,,,,-16.846,,,,-14.624,,,,-15.649,,,,-14.624,,,,-14.902,,,,-13.9554,,,,-15.816,,,,-16.7627,,,,-19.067,,,,-17.13,,,,-17.698,,,,-16.15,,,,-16.1279,,,,-15.604,,,,-16.7293,,,,-16.746
,,,,-16.879,,,,-14.6908,,,,-15.682,,,,-14.6574,,,,-14.902,,,,-13.9554,,,,-15.827,,,,-16.7961,,,,-19.067,,,,-17.152,,,,-17.698,,,,-16.15,,,,-16.0945,,,,-15.593,,,,-16.7293,,,,-16.763
,,,,-16.862,,,,-14.624,,,,-15.671,,,,-14.6574,,,,-14.925,,,,-13.9888,,,,-15.838,,,,-16.7961,,,,-19.1003,,,,-17.152,,,,-17.7314,,,,-16.172,,,,-16.1279,,,,-15.615,,,,-16.7293,,,,-16.763
,,,,-16.896,,,,-14.6908,,,,-15.693,,,,-14.6574,,,,-14.936,,,,-14.0222,,,,-15.86,,,,-16.7961,,,,-19.1003,,,,-17.174,,,,-17.7314,,,,-16.172,,,,-16.1279,,,,-15.638,,,,-16.7627,,,,-16.779
,,,,-16.846,,,,-14.624,,,,-15.693,,,,-14.7243,,,,-14.969,,,,-14.0556,,,,-15.871,,,,-16.7961,,,,-19.067,,,,-17.141,,,,-17.7314,,,,-16.195,,,,-16.1279,,,,-15.649,,,,-16.7627,,,,-16.779
,,,,-16.879,,,,-14.6574,,,,-15.715,,,,-14.7576,,,,-14.969,,,,-14.0222,,,,-15.86,,,,-16.7961,,,,-19.1003,,,,-17.163,,,,-17.7314,,,,-16.206,,,,-16.1279,,,,-15.638,,,,-16.7627,,,,-16.779
,,,,-16.912,,,,-14.7243,,,,-15.749,,,,-14.7576,,,,-14.98,,,,-14.0222,,,,-15.883,,,,-16.8296,,,,-19.1003,,,,-17.196,,,,-17.7647,,,,-16.228,,,,-16.1614,,,,-15.66,,,,-16.7961,,,,-16.813
,,,,-16.896,,,,-14.6908,,,,-15.738,,,,-14.7576,,,,-14.98,,,,-14.0222,,,,-15.871,,,,-16.8296,,,,-19.1003,,,,-17.185,,,,-17.7647,,,,-16.228,,,,-16.1614,,,,-15.649,,,,-16.7627,,,,-16.796
,,,,-16.896,,,,-14.6908,,,,-15.727,,,,-14.7243,,,,-14.98,,,,-14.0556,,,,-15.894,,,,-16.8296,,,,-19.1003,,,,-17.185,,,,-17.7647,,,,-16.217,,,,-16.1614,,,,-15.671,,,,-16.7961,,,,-16.813
,,,,-16.896,,,,-14.6574,,,,-15.715,,,,-14.7243,,,,-14.992,,,,-14.0556,,,,-15.905,,,,-16.8296,,,,-19.1337,,,,-17.185,,,,-17.7647,,,,-16.228,,,,-16.1948,,,,-15.693,,,,-16.8296,,,,-16.83
,,,,-16.912,,,,-14.6908,,,,-15.738,,,,-14.7576,,,,-15.014,,,,-14.089,,,,-15.905,,,,-16.8296,,,,-19.1337,,,,-17.196,,,,-17.7647,,,,-16.239,,,,-16.1948,,,,-15.693,,,,-16.7961,,,,-16.813
,,,,-16.896,,,,-14.6574,,,,-15.715,,,,-14.6908,,,,-15.003,,,,-14.089,,,,-15.927,,,,-16.863,,,,-19.1337,,,,-17.196,,,,-17.7982,,,,-16.239,,,,-16.2282,,,,-15.716,,,,-16.8296,,,,-16.846
,,,,-16.879,,,,-14.624,,,,-15.716,,,,-14.7243,,,,-15.025,,,,-14.1225,,,,-15.95,,,,-16.863,,,,-19.1337,,,,-17.185,,,,-17.7982,,,,-16.25,,,,-16.2282,,,,-15.738,,,,-16.863,,,,-16.863
,,,,-16.929,,,,-14.7243,,,,-15.76,,,,-14.7576,,,,-15.025,,,,-14.1225,,,,-15.938,,,,-16.863,,,,-19.1337,,,,-17.219,,,,-17.7982,,,,-16.25,,,,-16.1948,,,,-15.716,,,,-16.8296,,,,-16.846
,,,,-16.912,,,,-14.6908,,,,-15.749,,,,-14.7576,,,,-15.047,,,,-14.1225,,,,-15.961,,,,-16.8964,,,,-19.1337,,,,-17.208,,,,-17.7982,,,,-16.272,,,,-16.2615,,,,-15.749,,,,-16.863,,,,-16.88
,,,,-16.912,,,,-14.6574,,,,-15.727,,,,-14.6908,,,,-15.025,,,,-14.156,,,,-15.95,,,,-16.863,,,,-19.1671,,,,-17.219,,,,-17.8316,,,,-16.25,,,,-16.2282,,,,-15.738,,,,-16.8296,,,,-16.846
,,,,-16.929,,,,-14.7243,,,,-15.749,,,,-14.7243,,,,-15.036,,,,-14.156,,,,-15.972,,,,-16.8964,,,,-19.1337,,,,-17.219,,,,-17.7982,,,,-16.25,,,,-16.2282,,,,-15.749,,,,-16.863,,,,-16.88
,,,,-16.946,,,,-14.7243,,,,-15.782,,,,-14.7911,,,,-15.07,,,,-14.156,,,,-15.983,,,,-16.9297,,,,-19.1671,,,,-17.241,,,,-17.8316,,,,-16.295,,,,-16.2615,,,,-15.76,,,,-16.863,,,,-16.896
,,,,-16.962,,,,-14.7576,,,,-15.782,,,,-14.7911,,,,-15.081,,,,-14.1894,,,,-16.005,,,,-16.9297,,,,-19.1671,,,,-17.241,,,,-17.7982,,,,-16.284,,,,-16.2615,,,,-15.782,,,,-16.8964,,,,-16.913
,,,,-16.896,,,,-14.6574,,,,-15.771,,,,-14.7911,,,,-15.081,,,,-14.156,,,,-16.005,,,,-16.9297,,,,-19.1337,,,,-17.219,,,,-17.865,,,,-16.317,,,,-16.295,,,,-15.794,,,,-16.9297,,,,-16.93
,,,,-16.896,,,,-14.624,,,,-15.727,,,,-14.7243,,,,-15.07,,,,-14.1894,,,,-15.994,,,,-16.9297,,,,-19.1671,,,,-17.208,,,,-17.8316,,,,-16.284,,,,-16.295,,,,-15.782,,,,-16.863,,,,-16.896
,,,,-16.929,,,,-14.6908,,,,-15.76,,,,-14.7576,,,,-15.081,,,,-14.1894,,,,-16.016,,,,-16.9632,,,,-19.1671,,,,-17.23,,,,-17.8316,,,,-16.295,,,,-16.295,,,,-15.794,,,,-16.8964,,,,-16.93
,,,,-16.962,,,,-14.7576,,,,-15.782,,,,-14.7243,,,,-15.081,,,,-14.2228,,,,-16.039,,,,-16.9632,,,,-19.1671,,,,-17.263,,,,-17.865,,,,-16.295,,,,-16.295,,,,-15.816,,,,-16.9297,,,,-16.946
,,,,-16.912,,,,-14.6574,,,,-15.771,,,,-14.7911,,,,-15.125,,,,-14.2562,,,,-16.05,,,,-16.9632,,,,-19.1671,,,,-17.23,,,,-17.865,,,,-16.328,,,,-16.3285,,,,-15.838,,,,-16.9297,,,,-16.946
,,,,-16.946,,,,-14.7243,,,,-15.771,,,,-14.7243,,,,-15.092,,,,-14.2562,,,,-16.061,,,,-16.9966,,,,-19.1671,,,,-17.252,,,,-17.865,,,,-16.295,,,,-16.295,,,,-15.827,,,,-16.9297,,,,-16.963
,,,,-16.946,,,,-14.7243,,,,-15.805,,,,-14.7576,,,,-15.103,,,,-14.2562,,,,-16.061,,,,-16.9966,,,,-19.1671,,,,-17.274,,,,-17.9317,,,,-16.328,,,,-16.295,,,,-15.827,,,,-16.9297,,,,-16.963
,,,,-16.946,,,,-14.7243,,,,-15.793,,,,-14.7911,,,,-15.136,,,,-14.2562,,,,-16.061,,,,-16.9966,,,,-19.1671,,,,-17.252,,,,-17.865,,,,-16.339,,,,-16.3618,,,,-15.849,,,,-16.9297,,,,-16.963
,,,,-16.996,,,,-14.7576,,,,-15.816,,,,-14.7911,,,,-15.136,,,,-14.2562,,,,-16.072,,,,-16.9966,,,,-19.2339,,,,-17.297,,,,-17.8984,,,,-16.35,,,,-16.3618,,,,-15.86,,,,-16.9632,,,,-16.98
,,,,-16.929,,,,-14.6908,,,,-15.793,,,,-14.7911,,,,-15.136,,,,-14.2562,,,,-16.072,,,,-17.03,,,,-19.1671,,,,-17.252,,,,-17.8984,,,,-16.35,,,,-16.3618,,,,-15.849,,,,-16.9297,,,,-16.98
,,,,-16.962,,,,-14.7243,,,,-15.816,,,,-14.7911,,,,-15.148,,,,-14.2897,,,,-16.094,,,,-16.9966,,,,-19.2005,,,,-17.286,,,,-17.9317,,,,-16.362,,,,-16.3618,,,,-15.883,,,,-16.9966,,,,-16.997
,,,,-16.946,,,,-14.7243,,,,-15.816,,,,-14.7911,,,,-15.17,,,,-14.3231,,,,-16.105,,,,-17.03,,,,-19.1671,,,,-17.274,,,,-17.9317,,,,-16.373,,,,-16.3952,,,,-15.894,,,,-16.9632,,,,-16.997
,,,,-16.946,,,,-14.6908,,,,-15.782,,,,-14.7243,,,,-15.148,,,,-14.3231,,,,-16.117,,,,-17.03,,,,-19.2005,,,,-17.274,,,,-17.9317,,,,-16.35,,,,-16.3952,,,,-15.905,,,,-16.9966,,,,-17.013
,,,,-16.979,,,,-14.7576,,,,-15.827,,,,-14.7911,,,,-15.203,,,,-14.39,,,,-16.161,,,,-17.0634,,,,-19.2005,,,,-17.297,,,,-17.9317,,,,-16.384,,,,-16.4286,,,,-15.95,,,,-17.03,,,,-17.047
,,,,-16.962,,,,-14.7243,,,,-15.827,,,,-14.8246,,,,-15.192,,,,-14.3565,,,,-16.139,,,,-17.0634,,,,-19.2005,,,,-17.286,,,,-17.9317,,,,-16.384,,,,-16.3952,,,,-15.916,,,,-16.9966,,,,-17.03
,,,,-16.979,,,,-14.7243,,,,-15.816,,,,-14.7911,,,,-15.192,,,,-14.39,,,,-16.15,,,,-17.0634,,,,-19.2339,,,,-17.297,,,,-17.9317,,,,-16.373,,,,-16.3952,,,,-15.927,,,,-16.9966,,,,-17.03
,,,,-16.946,,,,-14.6908,,,,-15.827,,,,-14.8246,,,,-15.203,,,,-14.3565,,,,-16.15,,,,-17.0634,,,,-19.2005,,,,-17.286,,,,-17.9652,,,,-16.406,,,,-16.4286,,,,-15.938,,,,-17.03,,,,-17.047
,,,,-16.962,,,,-14.6908,,,,-15.838,,,,-14.858,,,,-15.226,,,,-14.39,,,,-16.183,,,,-17.0967,,,,-19.2339,,,,-17.297,,,,-17.9652,,,,-16.417,,,,-16.4286,,,,-15.961,,,,-17.0634,,,,-17.08
,,,,-16.979,,,,-14.7243,,,,-15.816,,,,-14.7576,,,,-15.203,,,,-14.4233,,,,-16.183,,,,-17.0967,,,,-19.2339,,,,-17.308,,,,-17.9652,,,,-16.384,,,,-16.4286,,,,-15.961,,,,-17.03,,,,-17.063
,,,,-16.946,,,,-14.6908,,,,-15.816,,,,-14.7911,,,,-15.225,,,,-14.4233,,,,-16.183,,,,-17.0967,,,,-19.2005,,,,-17.286,,,,-17.9652,,,,-16.406,,,,-16.4621,,,,-15.972,,,,-17.03,,,,-17.063
,,,,-16.996,,,,-14.7576,,,,-15.86,,,,-14.8246,,,,-15.237,,,,-14.4233,,,,-16.206,,,,-17.0967,,,,-19.2339,,,,-17.33,,,,-17.9986,,,,-16.428,,,,-16.4621,,,,-15.994,,,,-17.0967,,,,-17.097
,,,,-16.979,,,,-14.6908,,,,-15.86,,,,-14.8914,,,,-15.27,,,,-14.4568,,,,-16.206,,,,-17.0967,,,,-19.2672,,,,-17.319,,,,-17.9986,,,,-16.451,,,,-16.4621,,,,-15.994,,,,-17.0634,,,,-17.08
,,,,-16.996,,,,-14.7243,,,,-15.849,,,,-14.858,,,,-15.27,,,,-14.4568,,,,-16.228,,,,-17.1302,,,,-19.2672,,,,-17.319,,,,-17.9652,,,,-16.44,,,,-16.4955,,,,-16.016,,,,-17.0967,,,,-17.113
,,,,-16.962,,,,-14.6908,,,,-15.827,,,,-14.7911,,,,-15.248,,,,-14.4568,,,,-16.206,,,,-17.0967,,,,-19.2339,,,,-17.308,,,,-17.9986,,,,-16.428,,,,-16.4955,,,,-16.005,,,,-17.0634,,,,-17.08
,,,,-16.979,,,,-14.7243,,,,-15.838,,,,-14.7911,,,,-15.259,,,,-14.4903,,,,-16.239,,,,-17.1636,,,,-19.2339,,,,-17.319,,,,-17.9986,,,,-16.428,,,,-16.4955,,,,-16.016,,,,-17.0634,,,,-17.114
,,,,-16.979,,,,-14.6908,,,,-15.827,,,,-14.7911,,,,-15.27,,,,-14.4903,,,,-16.25,,,,-17.1636,,,,-19.2672,,,,-17.319,,,,-17.9986,,,,-16.44,,,,-16.5289,,,,-16.039,,,,-17.0967,,,,-17.13
,,,,-17.012,,,,-14.7911,,,,-15.883,,,,-14.858,,,,-15.292,,,,-14.5237,,,,-16.272,,,,-17.1636,,,,-19.2339,,,,-17.341,,,,-17.9986,,,,-16.451,,,,-16.4955,,,,-16.05,,,,-17.1302,,,,-17.147
,,,,-17.046,,,,-14.7911,,,,-15.86,,,,-14.7911,,,,-15.27,,,,-14.4903,,,,-16.25,,,,-17.1636,,,,-19.3007,,,,-17.363,,,,-17.9986,,,,-16.44,,,,-16.5289,,,,-16.039,,,,-17.0967,,,,-17.13
,,,,-17.012,,,,-14.7576,,,,-15.849,,,,-14.7911,,,,-15.281,,,,-14.5237,,,,-16.261,,,,-17.1636,,,,-19.2672,,,,-17.341,,,,-17.9986,,,,-16.44,,,,-16.5289,,,,-16.05,,,,-17.0967,,,,-17.13
,,,,-17.012,,,,-14.7576,,,,-15.871,,,,-14.8246,,,,-15.304,,,,-14.5237,,,,-16.272,,,,-17.1636,,,,-19.2672,,,,-17.352,,,,-18.032,,,,-16.473,,,,-16.5623,,,,-16.072,,,,-17.1302,,,,-17.147
,,,,-17.029,,,,-14.7911,,,,-15.927,,,,-14.9248,,,,-15.348,,,,-14.5572,,,,-16.295,,,,-17.197,,,,-19.2672,,,,-17.375,,,,-18.0653,,,,-16.517,,,,-16.5623,,,,-16.083,,,,-17.1302,,,,-17.164
,,,,-17.029,,,,-14.7911,,,,-15.894,,,,-14.858,,,,-15.326,,,,-14.5572,,,,-16.295,,,,-17.197,,,,-19.2672,,,,-17.363,,,,-18.032,,,,-16.484,,,,-16.5623,,,,-16.083,,,,-17.1302,,,,-17.164
,,,,-17.012,,,,-14.7576,,,,-15.883,,,,-14.858,,,,-15.326,,,,-14.5572,,,,-16.295,,,,-17.197,,,,-19.2672,,,,-17.352,,,,-18.032,,,,-16.484,,,,-16.5623,,,,-16.083,,,,-17.1302,,,,-17.164
,,,,-17.029,,,,-14.7576,,,,-15.883,,,,-14.858,,,,-15.326,,,,-14.5572,,,,-16.317,,,,-17.2304,,,,-19.3007,,,,-17.363,,,,-18.032,,,,-16.484,,,,-16.5623,,,,-16.094,,,,-17.1636,,,,-17.197
,,,,-17.046,,,,-14.8246,,,,-15.905,,,,-14.8246,,,,-15.337,,,,-14.5905,,,,-16.328,,,,-17.2304,,,,-19.2672,,,,-17.386,,,,-18.0653,,,,-16.495,,,,-16.5956,,,,-16.117,,,,-17.1636,,,,-17.197
,,,,-17.029,,,,-14.7911,,,,-15.905,,,,-14.8246,,,,-15.348,,,,-14.624,,,,-16.339,,,,-17.2304,,,,-19.2672,,,,-17.386,,,,-18.0986,,,,-16.506,,,,-16.5956,,,,-16.128,,,,-17.1636,,,,-17.197
,,,,-17.046,,,,-14.7911,,,,-15.916,,,,-14.8914,,,,-15.37,,,,-14.624,,,,-16.35,,,,-17.2304,,,,-19.3007,,,,-17.386,,,,-18.0653,,,,-16.517,,,,-16.5956,,,,-16.139,,,,-17.197,,,,-17.214
,,,,-17.012,,,,-14.7243,,,,-15.905,,,,-14.8914,,,,-15.37,,,,-14.624,,,,-16.35,,,,-17.2304,,,,-19.3007,,,,-17.375,,,,-18.0986,,,,-16.529,,,,-16.5956,,,,-16.139,,,,-17.197,,,,-17.214
,,,,-17.046,,,,-14.7911,,,,-15.916,,,,-14.858,,,,-15.359,,,,-14.624,,,,-16.35,,,,-17.2304,,,,-19.3007,,,,-17.397,,,,-18.0986,,,,-16.517,,,,-16.5956,,,,-16.139,,,,-17.197,,,,-17.214
,,,,-17.046,,,,-14.8246,,,,-15.938,,,,-14.8914,,,,-15.382,,,,-14.624,,,,-16.373,,,,-17.2972,,,,-19.2672,,,,-17.397,,,,-18.0986,,,,-16.54,,,,-16.6291,,,,-16.15,,,,-17.197,,,,-17.247
,,,,-17.046,,,,-14.7911,,,,-15.927,,,,-14.8914,,,,-15.393,,,,-14.6574,,,,-16.373,,,,-17.2637,,,,-19.3007,,,,-17.397,,,,-18.0986,,,,-16.54,,,,-16.6291,,,,-16.161,,,,-17.197,,,,-17.23
,,,,-17.012,,,,-14.7243,,,,-15.894,,,,-14.858,,,,-15.393,,,,-14.6908,,,,-16.395,,,,-17.2637,,,,-19.3007,,,,-17.375,,,,-18.0986,,,,-16.529,,,,-16.6291,,,,-16.183,,,,-17.2304,,,,-17.247
,,,,-17.012,,,,-14.7243,,,,-15.894,,,,-14.858,,,,-15.404,,,,-14.6908,,,,-16.395,,,,-17.2637,,,,-19.3007,,,,-17.375,,,,-18.0986,,,,-16.54,,,,-16.6625,,,,-16.195,,,,-17.2304,,,,-17.247
,,,,-17.046,,,,-14.7911,,,,-15.905,,,,-14.8246,,,,-15.393,,,,-14.6908,,,,-16.395,,,,-17.2637,,,,-19.3007,,,,-17.397,,,,-18.0986,,,,-16.529,,,,-16.6625,,,,-16.195,,,,-17.2304,,,,-17.247
,,,,-17.046,,,,-14.7576,,,,-15.938,,,,-14.9248,,,,-15.426,,,,-14.6908,,,,-16.406,,,,-17.2972,,,,-19.3341,,,,-17.408,,,,-18.1321,,,,-16.573,,,,-16.6625,,,,-16.195,,,,-17.2304,,,,-17.264
,,,,-17.079,,,,-14.8246,,,,-15.949,,,,-14.8914,,,,-15.426,,,,-14.6908,,,,-16.406,,,,-17.2972,,,,-19.3341,,,,-17.43,,,,-18.1321,,,,-16.573,,,,-16.696,,,,-16.206,,,,-17.2304,,,,-17.264
,,,,-17.046,,,,-14.7911,,,,-15.938,,,,-14.8914,,,,-15.426,,,,-14.7243,,,,-16.417,,,,-17.2972,,,,-19.3007,,,,-17.408,,,,-18.1321,,,,-16.562,,,,-16.6625,,,,-16.206,,,,-17.2304,,,,-17.264
,,,,-17.046,,,,-14.7911,,,,-15.938,,,,-14.8914,,,,-15.437,,,,-14.7243,,,,-16.428,,,,-17.3306,,,,-19.3007,,,,-17.408,,,,-18.1321,,,,-16.573,,,,-16.696,,,,-16.217,,,,-17.2304,,,,-17.28
,,,,-17.079,,,,-14.8246,,,,-15.949,,,,-14.8914,,,,-15.459,,,,-14.7576,,,,-16.44,,,,-17.3306,,,,-19.3341,,,,-17.43,,,,-18.1321,,,,-16.584,,,,-16.7293,,,,-16.239,,,,-17.2304,,,,-17.28
,,,,-17.063,,,,-14.7911,,,,-15.938,,,,-14.8914,,,,-15.459,,,,-14.7576,,,,-16.451,,,,-17.3306,,,,-19.3341,,,,-17.419,,,,-18.1321,,,,-16.584,,,,-16.7293,,,,-16.25,,,,-17.2637,,,,-17.297
,,,,-17.029,,,,-14.7576,,,,-15.927,,,,-14.8914,,,,-15.448,,,,-14.7576,,,,-16.451,,,,-17.3306,,,,-19.3007,,,,-17.397,,,,-18.1321,,,,-16.573,,,,-16.696,,,,-16.239,,,,-17.2637,,,,-17.297
,,,,-17.063,,,,-14.8246,,,,-15.961,,,,-14.8914,,,,-15.459,,,,-14.7576,,,,-16.451,,,,-17.3306,,,,-19.3007,,,,-17.43,,,,-18.1655,,,,-16.595,,,,-16.7293,,,,-16.25,,,,-17.2637,,,,-17.297
,,,,-17.046,,,,-14.7911,,,,-15.949,,,,-14.8914,,,,-15.46,,,,-14.7911,,,,-16.473,,,,-17.364,,,,-19.3007,,,,-17.419,,,,-18.1655,,,,-16.584,,,,-16.696,,,,-16.25,,,,-17.2637,,,,-17.314
,,,,-17.063,,,,-14.7911,,,,-15.938,,,,-14.858,,,,-15.459,,,,-14.7911,,,,-16.473,,,,-17.364,,,,-19.3341,,,,-17.43,,,,-18.1655,,,,-16.584,,,,-16.7293,,,,-16.261,,,,-17.2637,,,,-17.314
,,,,-17.046,,,,-14.7576,,,,-15.938,,,,-14.8914,,,,-15.471,,,,-14.7911,,,,-16.473,,,,-17.364,,,,-19.3341,,,,-17.419,,,,-18.1655,,,,-16.595,,,,-16.7293,,,,-16.261,,,,-17.2637,,,,-17.314
,,,,-17.063,,,,-14.7911,,,,-15.972,,,,-14.9248,,,,-15.504,,,,-14.8246,,,,-16.484,,,,-17.364,,,,-19.3341,,,,-17.441,,,,-18.1989,,,,-16.629,,,,-16.7627,,,,-16.284,,,,-17.2637,,,,-17.314
,,,,-17.079,,,,-14.8246,,,,-15.961,,,,-14.8914,,,,-15.493,,,,-14.8246,,,,-16.495,,,,-17.364,,,,-19.3341,,,,-17.441,,,,-18.1655,,,,-16.607,,,,-16.7627,,,,-16.295,,,,-17.2972,,,,-17.331
,,,,-17.063,,,,-14.7911,,,,-15.96,,,,-14.8914,,,,-15.471,,,,-14.7911,,,,-16.484,,,,-17.364,,,,-19.3341,,,,-17.441,,,,-18.1989,,,,-16.607,,,,-16.7293,,,,-16.273,,,,-17.2972,,,,-17.331
,,,,-17.063,,,,-14.7911,,,,-15.96,,,,-14.9248,,,,-15.515,,,,-14.858,,,,-16.518,,,,-17.3974,,,,-19.3341,,,,-17.43,,,,-18.1655,,,,-16.618,,,,-16.7627,,,,-16.306,,,,-17.2972,,,,-17.347
,,,,-17.096,,,,-14.8246,,,,-15.983,,,,-14.9248,,,,-15.504,,,,-14.8246,,,,-16.518,,,,-17.3974,,,,-19.3675,,,,-17.464,,,,-18.1989,,,,-16.629,,,,-16.7627,,,,-16.306,,,,-17.3306,,,,-17.364
,,,,-17.079,,,,-14.8246,,,,-15.972,,,,-14.8914,,,,-15.515,,,,-14.858,,,,-16.529,,,,-17.3974,,,,-19.3341,,,,-17.453,,,,-18.1989,,,,-16.629,,,,-16.7961,,,,-16.328,,,,-17.3306,,,,-17.364
,,,,-17.063,,,,-14.7911,,,,-15.96,,,,-14.9248,,,,-15.526,,,,-14.858,,,,-16.529,,,,-17.3974,,,,-19.3341,,,,-17.43,,,,-18.1655,,,,-16.629,,,,-16.7961,,,,-16.328,,,,-17.3306,,,,-17.364
,,,,-17.063,,,,-14.7911,,,,-15.972,,,,-14.9248,,,,-15.537,,,,-14.8914,,,,-16.551,,,,-17.4307,,,,-19.3341,,,,-17.441,,,,-18.1989,,,,-16.64,,,,-16.7961,,,,-16.339,,,,-17.3306,,,,-17.381
,,,,-17.113,,,,-14.858,,,,-15.983,,,,-14.8914,,,,-15.515,,,,-14.858,,,,-16.551,,,,-17.4307,,,,-19.3675,,,,-17.475,,,,-18.1989,,,,-16.629,,,,-16.7961,,,,-16.339,,,,-17.364,,,,-17.397
,,,,-17.063,,,,-14.7911,,,,-15.972,,,,-14.8914,,,,-15.526,,,,-14.8914,,,,-16.551,,,,-17.3974,,,,-19.3341,,,,-17.452,,,,-18.2323,,,,-16.64,,,,-16.7961,,,,-16.35,,,,-17.364,,,,-17.381
,,,,-17.129,,,,-14.8914,,,,-15.994,,,,-14.8914,,,,-15.537,,,,-14.9248,,,,-16.573,,,,-17.4307,,,,-19.3675,,,,-17.486,,,,-18.1989,,,,-16.629,,,,-16.7961,,,,-16.362,,,,-17.364,,,,-17.397
,,,,-17.079,,,,-14.7911,,,,-15.96,,,,-14.858,,,,-15.537,,,,-14.9248,,,,-16.573,,,,-17.4307,,,,-19.3675,,,,-17.464,,,,-18.2323,,,,-16.64,,,,-16.8296,,,,-16.373,,,,-17.364,,,,-17.397
,,,,-17.096,,,,-14.8246,,,,-15.983,,,,-14.8914,,,,-15.549,,,,-14.9248,,,,-16.584,,,,-17.4642,,,,-19.3675,,,,-17.475,,,,-18.2323,,,,-16.651,,,,-16.8296,,,,-16.373,,,,-17.364,,,,-17.414
,,,,-17.079,,,,-14.7576,,,,-15.96,,,,-14.8914,,,,-15.56,,,,-14.9583,,,,-16.595,,,,-17.4307,,,,-19.4008,,,,-17.464,,,,-18.2323,,,,-16.651,,,,-16.8296,,,,-16.395,,,,-17.3974,,,,-17.414
,,,,-17.063,,,,-14.7576,,,,-15.96,,,,-14.858,,,,-15.549,,,,-14.9248,,,,-16.595,,,,-17.4642,,,,-19.3675,,,,-17.464,,,,-18.2656,,,,-16.662,,,,-16.863,,,,-16.395,,,,-17.3974,,,,-17.431
,,,,-17.079,,,,-14.7911,,,,-15.994,,,,-14.9248,,,,-15.582,,,,-14.9583,,,,-16.607,,,,-17.4642,,,,-19.3675,,,,-17.475,,,,-18.2656,,,,-16.684,,,,-16.863,,,,-16.406,,,,-17.3974,,,,-17.431
,,,,-17.113,,,,-14.858,,,,-15.994,,,,-14.8914,,,,-15.593,,,,-14.9917,,,,-16.629,,,,-17.4976,,,,-19.3675,,,,-17.486,,,,-18.2323,,,,-16.673,,,,-16.8964,,,,-16.429,,,,-17.3974,,,,-17.447
,,,,-17.129,,,,-14.858,,,,-16.005,,,,-14.9248,,,,-15.582,,,,-14.9583,,,,-16.618,,,,-17.4976,,,,-19.4008,,,,-17.497,,,,-18.2323,,,,-16.673,,,,-16.863,,,,-16.406,,,,-17.3974,,,,-17.447
,,,,-17.063,,,,-14.7576,,,,-15.983,,,,-14.9248,,,,-15.604,,,,-14.9917,,,,-16.64,,,,-17.531,,,,-19.3675,,,,-17.464,,,,-18.2656,,,,-16.696,,,,-16.8964,,,,-16.429,,,,-17.3974,,,,-17.464
,,,,-17.096,,,,-14.8246,,,,-16.005,,,,-14.9248,,,,-15.604,,,,-14.9917,,,,-16.629,,,,-17.4976,,,,-19.3675,,,,-17.486,,,,-18.2656,,,,-16.696,,,,-16.8964,,,,-16.429,,,,-17.3974,,,,-17.447
,,,,-17.096,,,,-14.7911,,,,-15.983,,,,-14.8914,,,,-15.604,,,,-15.0251,,,,-16.662,,,,-17.531,,,,-19.4008,,,,-17.486,,,,-18.2656,,,,-16.684,,,,-16.8964,,,,-16.451,,,,-17.4307,,,,-17.481
,,,,-17.079,,,,-14.7911,,,,-15.983,,,,-14.8914,,,,-15.604,,,,-15.0251,,,,-16.651,,,,-17.4976,,,,-19.3675,,,,-17.475,,,,-18.2656,,,,-16.684,,,,-16.8964,,,,-16.451,,,,-17.4307,,,,-17.464
,,,,-17.096,,,,-14.7911,,,,-16.005,,,,-14.9248,,,,-15.604,,,,-14.9917,,,,-16.651,,,,-17.531,,,,-19.4008,,,,-17.497,,,,-18.2991,,,,-16.707,,,,-16.8964,,,,-16.44,,,,-17.4307,,,,-17.481
,,,,-17.129,,,,-14.858,,,,-16.005,,,,-14.8914,,,,-15.627,,,,-15.0585,,,,-16.673,,,,-17.531,,,,-19.4008,,,,-17.508,,,,-18.2656,,,,-16.696,,,,-16.9297,,,,-16.473,,,,-17.4307,,,,-17.481
,,,,-17.079,,,,-14.7911,,,,-15.983,,,,-14.8914,,,,-15.627,,,,-15.0585,,,,-16.685,,,,-17.531,,,,-19.3675,,,,-17.475,,,,-18.2656,,,,-16.696,,,,-16.9297,,,,-16.484,,,,-17.4642,,,,-17.498
,,,,-17.129,,,,-14.858,,,,-16.027,,,,-14.9583,,,,-15.66,,,,-15.0919,,,,-16.696,,,,-17.531,,,,-19.4008,,,,-17.508,,,,-18.2656,,,,-16.718,,,,-16.9297,,,,-16.495,,,,-17.4642,,,,-17.498
,,,,-17.146,,,,-14.8914,,,,-16.016,,,,-14.858,,,,-15.615,,,,-15.0585,,,,-16.696,,,,-17.5644,,,,-19.4008,,,,-17.53,,,,-18.2991,,,,-16.696,,,,-16.9297,,,,-16.484,,,,-17.4642,,,,-17.514
,,,,-17.129,,,,-14.858,,,,-16.027,,,,-14.9248,,,,-15.649,,,,-15.0919,,,,-16.696,,,,-17.531,,,,-19.4008,,,,-17.519,,,,-18.2991,,,,-16.718,,,,-16.9297,,,,-16.495,,,,-17.4642,,,,-17.498
,,,,-17.129,,,,-14.858,,,,-16.016,,,,-14.8914,,,,-15.649,,,,-15.0919,,,,-16.685,,,,-17.531,,,,-19.4008,,,,-17.519,,,,-18.2991,,,,-16.718,,,,-16.9632,,,,-16.495,,,,-17.4307,,,,-17.481
,,,,-17.129,,,,-14.858,,,,-16.038,,,,-14.9583,,,,-15.671,,,,-15.0919,,,,-16.707,,,,-17.5644,,,,-19.4008,,,,-17.519,,,,-18.2991,,,,-16.74,,,,-16.9632,,,,-16.506,,,,-17.4642,,,,-17.514
,,,,-17.129,,,,-14.858,,,,-16.038,,,,-14.9248,,,,-15.66,,,,-15.0919,,,,-16.707,,,,-17.5644,,,,-19.4008,,,,-17.53,,,,-18.3325,,,,-16.74,,,,-16.9632,,,,-16.506,,,,-17.4642,,,,-17.514
,,,,-17.129,,,,-14.858,,,,-16.038,,,,-14.9248,,,,-15.671,,,,-15.1254,,,,-16.729,,,,-17.5644,,,,-19.4008,,,,-17.53,,,,-18.3325,,,,-16.74,,,,-16.9632,,,,-16.529,,,,-17.4976,,,,-17.531
,,,,-17.146,,,,-14.858,,,,-16.027,,,,-14.9248,,,,-15.671,,,,-15.1254,,,,-16.74,,,,-17.5977,,,,-19.4341,,,,-17.53,,,,-18.2991,,,,-16.729,,,,-16.9632,,,,-16.529,,,,-17.4976,,,,-17.548
,,,,-17.129,,,,-14.858,,,,-16.016,,,,-14.8914,,,,-15.671,,,,-15.1254,,,,-16.729,,,,-17.5644,,,,-19.4008,,,,-17.519,,,,-18.2991,,,,-16.729,,,,-16.9966,,,,-16.54,,,,-17.4976,,,,-17.531
,,,,-17.129,,,,-14.858,,,,-16.038,,,,-14.9248,,,,-15.682,,,,-15.1254,,,,-16.729,,,,-17.5644,,,,-19.4008,,,,-17.53,,,,-18.3325,,,,-16.751,,,,-16.9966,,,,-16.54,,,,-17.4976,,,,-17.531
,,,,-17.179,,,,-14.9248,,,,-16.05,,,,-14.9248,,,,-15.682,,,,-15.1254,,,,-16.751,,,,-17.5977,,,,-19.4341,,,,-17.553,,,,-18.2991,,,,-16.74,,,,-16.9966,,,,-16.551,,,,-17.531,,,,-17.564
,,,,-17.129,,,,-14.8246,,,,-16.038,,,,-14.9583,,,,-15.716,,,,-15.1588,,,,-16.762,,,,-17.5977,,,,-19.4341,,,,-17.53,,,,-18.3325,,,,-16.774,,,,-17.03,,,,-16.573,,,,-17.531,,,,-17.564
,,,,-17.113,,,,-14.8246,,,,-16.038,,,,-14.9583,,,,-15.716,,,,-15.1922,,,,-16.774,,,,-17.5977,,,,-19.4008,,,,-17.519,,,,-18.3325,,,,-16.762,,,,-16.9966,,,,-16.573,,,,-17.531,,,,-17.564
,,,,-17.163,,,,-14.858,,,,-16.05,,,,-14.9248,,,,-15.705,,,,-15.1588,,,,-16.762,,,,-17.5977,,,,-19.4675,,,,-17.564,,,,-18.3659,,,,-16.774,,,,-17.03,,,,-16.573,,,,-17.531,,,,-17.564
,,,,-17.179,,,,-14.8914,,,,-16.061,,,,-14.8914,,,,-15.693,,,,-15.1922,,,,-16.774,,,,-17.5977,,,,-19.4675,,,,-17.586,,,,-18.3993,,,,-16.762,,,,-16.9966,,,,-16.573,,,,-17.531,,,,-17.564
,,,,-17.346,,,,-14.9248,,,,-16.205,,,,-14.9917,,,,-15.682,,,,-15.1254,,,,-16.74,,,,-17.6312,,,,-19.7679,,,,-17.798,,,,-18.6998,,,,-16.874,,,,-16.9297,,,,-16.506,,,,-17.4642,,,,-17.548
,,,,-17.346,,,,-14.8914,,,,-16.217,,,,-15.0251,,,,-15.771,,,,-15.259,,,,-16.93,,,,-17.698,,,,-19.8013,,,,-17.809,,,,-18.7332,,,,-16.929,,,,-17.03,,,,-16.707,,,,-17.8316,,,,-17.765
,,,,-17.38,,,,-14.8914,,,,-16.239,,,,-15.0585,,,,-15.827,,,,-15.2925,,,,-16.952,,,,-17.7314,,,,-19.8681,,,,-17.842,,,,-18.7664,,,,-16.985,,,,-17.1302,,,,-16.751,,,,-17.8316,,,,-17.782
,,,,-17.413,,,,-14.9248,,,,-16.239,,,,-15.0251,,,,-15.816,,,,-15.259,,,,-16.952,,,,-17.7314,,,,-19.9015,,,,-17.864,,,,-18.7664,,,,-16.985,,,,-17.1636,,,,-16.763,,,,-17.865,,,,-17.798
,,,,-17.447,,,,-14.9583,,,,-16.283,,,,-15.0585,,,,-15.849,,,,-15.2925,,,,-16.985,,,,-17.7647,,,,-19.9348,,,,-17.909,,,,-18.8333,,,,-17.03,,,,-17.197,,,,-16.796,,,,-17.8984,,,,-17.832
,,,,-17.48,,,,-14.9583,,,,-16.328,,,,-15.1588,,,,-15.905,,,,-15.326,,,,-17.008,,,,-17.7982,,,,-20.0016,,,,-17.942,,,,-18.8667,,,,-17.085,,,,-17.2304,,,,-16.818,,,,-17.8984,,,,-17.848
,,,,-17.53,,,,-15.0251,,,,-16.361,,,,-15.1254,,,,-15.916,,,,-15.3593,,,,-17.041,,,,-17.7982,,,,-20.035,,,,-17.998,,,,-18.9334,,,,-17.107,,,,-17.2637,,,,-16.863,,,,-17.9652,,,,-17.882
,,,,-17.597,,,,-15.0919,,,,-16.406,,,,-15.1588,,,,-15.927,,,,-15.3593,,,,-17.063,,,,-17.8316,,,,-20.1016,,,,-18.053,,,,-18.9669,,,,-17.13,,,,-17.2637,,,,-16.874,,,,-17.9986,,,,-17.915
,,,,-17.613,,,,-15.0585,,,,-16.417,,,,-15.1588,,,,-15.95,,,,-15.3928,,,,-17.085,,,,-17.8316,,,,-20.1684,,,,-18.087,,,,-19.0336,,,,-17.163,,,,-17.2972,,,,-16.907,,,,-18.032,,,,-17.932
,,,,-17.647,,,,-15.0585,,,,-16.439,,,,-15.1922,,,,-15.983,,,,-15.4261,,,,-17.119,,,,-17.865,,,,-20.2352,,,,-18.12,,,,-19.067,,,,-17.197,,,,-17.3306,,,,-16.941,,,,-18.0653,,,,-17.965
,,,,-17.697,,,,-15.1254,,,,-16.462,,,,-15.1588,,,,-15.983,,,,-15.4261,,,,-17.141,,,,-17.8984,,,,-20.2685,,,,-18.165,,,,-19.1003,,,,-17.208,,,,-17.364,,,,-16.963,,,,-18.0986,,,,-17.998
,,,,-17.73,,,,-15.0919,,,,-16.495,,,,-15.2257,,,,-16.028,,,,-15.4596,,,,-17.186,,,,-17.9317,,,,-20.3687,,,,-18.209,,,,-19.1671,,,,-17.263,,,,-17.3974,,,,-17.008,,,,-18.1655,,,,-18.049
,,,,-17.797,,,,-15.1588,,,,-16.528,,,,-15.259,,,,-15.983,,,,-15.3593,,,,-17.085,,,,-17.8984,,,,-20.4353,,,,-18.254,,,,-19.1671,,,,-17.252,,,,-17.3306,,,,-16.896,,,,-17.9986,,,,-17.948
,,,,-17.881,,,,-15.1922,,,,-16.617,,,,-15.326,,,,-16.05,,,,-15.5265,,,,-17.319,,,,-17.9986,,,,-20.5689,,,,-18.365,,,,-19.3341,,,,-17.319,,,,-17.2972,,,,-17.085,,,,-18.4326,,,,-18.216
,,,,-17.897,,,,-15.1922,,,,-16.651,,,,-15.3593,,,,-16.15,,,,-15.5599,,,,-17.319,,,,-18.032,,,,-20.6022,,,,-18.398,,,,-19.4008,,,,-17.43,,,,-17.531,,,,-17.152,,,,-18.3659,,,,-18.199
,,,,-17.981,,,,-15.259,,,,-16.718,,,,-15.4596,,,,-16.206,,,,-15.5932,,,,-17.364,,,,-18.0986,,,,-20.7024,,,,-18.465,,,,-19.4341,,,,-17.486,,,,-17.5644,,,,-17.186,,,,-18.3993,,,,-18.249
,,,,-18.014,,,,-15.259,,,,-16.74,,,,-15.4596,,,,-16.25,,,,-15.6602,,,,-17.431,,,,-18.1655,,,,-20.769,,,,-18.51,,,,-19.5009,,,,-17.531,,,,-17.6312,,,,-17.252,,,,-18.466,,,,-18.316
,,,,-18.047,,,,-15.259,,,,-16.751,,,,-15.4596,,,,-16.273,,,,-15.6935,,,,-17.453,,,,-18.1655,,,,-20.8358,,,,-18.543,,,,-19.5343,,,,-17.553,,,,-17.6646,,,,-17.286,,,,-18.4994,,,,-18.332
,,,,-18.098,,,,-15.326,,,,-16.807,,,,-15.5265,,,,-16.306,,,,-15.6935,,,,-17.475,,,,-18.1655,,,,-20.8692,,,,-18.588,,,,-19.5677,,,,-17.597,,,,-17.698,,,,-17.319,,,,-18.5662,,,,-18.366
,,,,-18.114,,,,-15.326,,,,-16.796,,,,-15.493,,,,-16.306,,,,-15.7269,,,,-17.497,,,,-18.2323,,,,-20.9025,,,,-18.599,,,,-19.5677,,,,-17.586,,,,-17.698,,,,-17.319,,,,-18.5328,,,,-18.383
,,,,-18.148,,,,-15.3593,,,,-16.829,,,,-15.5599,,,,-16.35,,,,-15.7269,,,,-17.52,,,,-18.2323,,,,-20.9358,,,,-18.621,,,,-19.5677,,,,-17.631,,,,-17.7647,,,,-17.364,,,,-18.5995,,,,-18.416
,,,,-18.164,,,,-15.3928,,,,-16.84,,,,-15.5265,,,,-16.339,,,,-15.7603,,,,-17.564,,,,-18.2991,,,,-20.9358,,,,-18.643,,,,-19.601,,,,-17.62,,,,-17.7314,,,,-17.375,,,,-18.633,,,,-18.466
,,,,-18.164,,,,-15.326,,,,-16.84,,,,-15.5932,,,,-16.384,,,,-15.7938,,,,-17.575,,,,-18.2656,,,,-21.0026,,,,-18.643,,,,-19.601,,,,-17.653,,,,-17.7647,,,,-17.408,,,,-18.6664,,,,-18.466
,,,,-18.248,,,,-15.4596,,,,-16.885,,,,-15.5265,,,,-16.373,,,,-15.7938,,,,-17.609,,,,-18.3325,,,,-21.036,,,,-18.721,,,,-19.6679,,,,-17.664,,,,-17.7982,,,,-17.431,,,,-18.6998,,,,-18.516
,,,,-18.214,,,,-15.3593,,,,-16.873,,,,-15.5599,,,,-16.406,,,,-15.8272,,,,-17.631,,,,-18.3325,,,,-21.0694,,,,-18.71,,,,-19.7012,,,,-17.698,,,,-17.8316,,,,-17.464,,,,-18.7332,,,,-18.533
,,,,-18.281,,,,-15.4596,,,,-16.918,,,,-15.5932,,,,-16.428,,,,-15.8606,,,,-17.664,,,,-18.3659,,,,-21.1026,,,,-18.754,,,,-19.7012,,,,-17.709,,,,-17.8316,,,,-17.486,,,,-18.7664,,,,-18.566
,,,,-18.298,,,,-15.4596,,,,-16.929,,,,-15.5932,,,,-16.44,,,,-15.8606,,,,-17.675,,,,-18.3993,,,,-21.136,,,,-18.777,,,,-19.7346,,,,-17.731,,,,-17.865,,,,-17.497,,,,-18.7664,,,,-18.583
,,,,-18.298,,,,-15.4261,,,,-16.951,,,,-15.6602,,,,-16.484,,,,-15.8941,,,,-17.698,,,,-18.3993,,,,-21.1694,,,,-18.788,,,,-19.7679,,,,-17.775,,,,-17.8984,,,,-17.531,,,,-18.7999,,,,-18.6
,,,,-18.348,,,,-15.493,,,,-16.974,,,,-15.6267,,,,-16.473,,,,-15.8941,,,,-17.709,,,,-18.3993,,,,-21.2028,,,,-18.832,,,,-19.8013,,,,-17.775,,,,-17.8984,,,,-17.542,,,,-18.8333,,,,-18.616
,,,,-18.348,,,,-15.4596,,,,-16.963,,,,-15.6267,,,,-16.495,,,,-15.9274,,,,-17.753,,,,-18.466,,,,-21.2361,,,,-18.832,,,,-19.8013,,,,-17.787,,,,-17.9317,,,,-17.575,,,,-18.8667,,,,-18.666
,,,,-18.381,,,,-15.493,,,,-17.007,,,,-15.6935,,,,-16.529,,,,-15.9609,,,,-17.787,,,,-18.466,,,,-21.2694,,,,-18.866,,,,-19.8347,,,,-17.82,,,,-17.9317,,,,-17.609,,,,-18.9334,,,,-18.7
,,,,-18.364,,,,-15.4596,,,,-17.007,,,,-15.6935,,,,-16.551,,,,-15.9943,,,,-17.787,,,,-18.466,,,,-21.2694,,,,-18.866,,,,-19.8681,,,,-17.842,,,,-17.9652,,,,-17.62,,,,-18.9001,,,,-18.683
,,,,-18.431,,,,-15.5599,,,,-17.029,,,,-15.6602,,,,-16.551,,,,-15.9943,,,,-17.809,,,,-18.4994,,,,-21.3029,,,,-18.91,,,,-19.8681,,,,-17.842,,,,-17.9986,,,,-17.642,,,,-18.9334,,,,-18.716
,,,,-18.415,,,,-15.493,,,,-17.029,,,,-15.6935,,,,-16.573,,,,-16.0277,,,,-17.842,,,,-18.5328,,,,-21.3363,,,,-18.91,,,,-19.9015,,,,-17.865,,,,-17.9986,,,,-17.664,,,,-18.9669,,,,-18.75
,,,,-18.465,,,,-15.5599,,,,-17.074,,,,-15.6935,,,,-16.584,,,,-16.0277,,,,-17.865,,,,-18.5662,,,,-21.3696,,,,-18.966,,,,-19.9682,,,,-17.898,,,,-18.032,,,,-17.687,,,,-19.0003,,,,-18.783
,,,,-18.465,,,,-15.5265,,,,-17.063,,,,-15.7269,,,,-16.618,,,,-16.0611,,,,-17.887,,,,-18.5662,,,,-21.403,,,,-18.955,,,,-19.9348,,,,-17.909,,,,-18.0653,,,,-17.72,,,,-19.0336,,,,-18.8
,,,,-18.481,,,,-15.5599,,,,-17.085,,,,-15.7603,,,,-16.629,,,,-16.0611,,,,-17.898,,,,-18.5995,,,,-21.403,,,,-18.966,,,,-19.9348,,,,-17.92,,,,-18.0653,,,,-17.72,,,,-19.0336,,,,-18.817
,,,,-18.515,,,,-15.5599,,,,-17.096,,,,-15.7269,,,,-16.64,,,,-16.0945,,,,-17.92,,,,-18.5995,,,,-21.4697,,,,-19.01,,,,-20.0016,,,,-17.942,,,,-18.0986,,,,-17.753,,,,-19.067,,,,-18.833
,,,,-18.531,,,,-15.5932,,,,-17.13,,,,-15.7603,,,,-16.673,,,,-16.1279,,,,-17.954,,,,-18.633,,,,-21.4697,,,,-19.033,,,,-20.035,,,,-17.976,,,,-18.1321,,,,-17.787,,,,-19.1003,,,,-18.867
,,,,-18.582,,,,-15.6602,,,,-17.174,,,,-15.8272,,,,-16.696,,,,-16.1279,,,,-17.976,,,,-18.6664,,,,-21.503,,,,-19.066,,,,-20.035,,,,-17.998,,,,-18.1321,,,,-17.798,,,,-19.1337,,,,-18.9
,,,,-18.598,,,,-15.6935,,,,-17.174,,,,-15.7938,,,,-16.696,,,,-16.1614,,,,-17.987,,,,-18.6664,,,,-21.503,,,,-19.077,,,,-20.035,,,,-17.987,,,,-18.1321,,,,-17.809,,,,-19.1337,,,,-18.9
,,,,-18.581,,,,-15.5932,,,,-17.152,,,,-15.7603,,,,-16.707,,,,-16.1948,,,,-18.009,,,,-18.6664,,,,-21.5697,,,,-19.088,,,,-20.1016,,,,-18.009,,,,-18.1655,,,,-17.842,,,,-19.1671,,,,-18.917
,,,,-18.615,,,,-15.6602,,,,-17.196,,,,-15.8272,,,,-16.729,,,,-16.1614,,,,-18.021,,,,-18.6998,,,,-21.5697,,,,-19.11,,,,-20.1016,,,,-18.043,,,,-18.1989,,,,-17.854,,,,-19.2005,,,,-18.95
,,,,-18.598,,,,-15.6267,,,,-17.185,,,,-15.7938,,,,-16.729,,,,-16.1948,,,,-18.043,,,,-18.6998,,,,-21.5697,,,,-19.11,,,,-20.135,,,,-18.043,,,,-18.1989,,,,-17.876,,,,-19.2339,,,,-18.967
,,,,-18.648,,,,-15.6602,,,,-17.219,,,,-15.8606,,,,-16.785,,,,-16.2615,,,,-18.087,,,,-18.7332,,,,-21.6365,,,,-19.144,,,,-20.135,,,,-18.076,,,,-18.2323,,,,-17.92,,,,-19.2672,,,,-19.0
,,,,-18.615,,,,-15.5932,,,,-17.207,,,,-15.8606,,,,-16.796,,,,-16.2615,,,,-18.098,,,,-18.7664,,,,-21.6365,,,,-19.133,,,,-20.1684,,,,-18.098,,,,-18.2656,,,,-17.931,,,,-19.2672,,,,-19.017
,,,,-18.665,,,,-15.6602,,,,-17.23,,,,-15.8606,,,,-16.796,,,,-16.2615,,,,-18.11,,,,-18.7999,,,,-21.6698,,,,-19.166,,,,-20.1684,,,,-18.098,,,,-18.2656,,,,-17.931,,,,-19.2672,,,,-19.034
,,,,-18.715,,,,-15.7269,,,,-17.274,,,,-15.8606,,,,-16.796,,,,-16.2615,,,,-18.132,,,,-18.7999,,,,-21.7032,,,,-19.222,,,,-20.2352,,,,-18.12,,,,-18.2656,,,,-17.954,,,,-19.3341,,,,-19.067
,,,,-18.682,,,,-15.6602,,,,-17.274,,,,-15.9274,,,,-16.863,,,,-16.3285,,,,-18.165,,,,-18.8333,,,,-21.7032,,,,-19.2,,,,-20.2352,,,,-18.165,,,,-18.3325,,,,-17.998,,,,-19.3341,,,,-19.084
,,,,-18.698,,,,-15.6935,,,,-17.274,,,,-15.8941,,,,-16.852,,,,-16.3285,,,,-18.176,,,,-18.8667,,,,-21.7032,,,,-19.211,,,,-20.2352,,,,-18.154,,,,-18.3325,,,,-17.998,,,,-19.3341,,,,-19.1
,,,,-18.748,,,,-15.7269,,,,-17.296,,,,-15.8606,,,,-16.852,,,,-16.3618,,,,-18.199,,,,-18.8667,,,,-21.7698,,,,-19.266,,,,-20.3019,,,,-18.165,,,,-18.3325,,,,-18.021,,,,-19.3675,,,,-19.117
,,,,-18.748,,,,-15.7269,,,,-17.319,,,,-15.9274,,,,-16.885,,,,-16.3618,,,,-18.199,,,,-18.8667,,,,-21.7698,,,,-19.266,,,,-20.3019,,,,-18.198,,,,-18.3659,,,,-18.032,,,,-19.3675,,,,-19.117
,,,,-18.748,,,,-15.7269,,,,-17.33,,,,-15.9274,,,,-16.896,,,,-16.3952,,,,-18.243,,,,-18.9001,,,,-21.7698,,,,-19.277,,,,-20.3353,,,,-18.21,,,,-18.3659,,,,-18.065,,,,-19.4341,,,,-19.167
,,,,-18.765,,,,-15.7269,,,,-17.319,,,,-15.8941,,,,-16.896,,,,-16.3952,,,,-18.243,,,,-18.9334,,,,-21.8032,,,,-19.288,,,,-20.3353,,,,-18.21,,,,-18.3993,,,,-18.065,,,,-19.4008,,,,-19.167
,,,,-18.782,,,,-15.7603,,,,-17.341,,,,-15.8941,,,,-16.907,,,,-16.4286,,,,-18.276,,,,-18.9334,,,,-21.8032,,,,-19.311,,,,-20.3687,,,,-18.221,,,,-18.3993,,,,-18.098,,,,-19.4675,,,,-19.2
,,,,-18.832,,,,-15.7938,,,,-17.374,,,,-15.9274,,,,-16.841,,,,-16.3618,,,,-18.21,,,,-18.8667,,,,-21.8699,,,,-19.355,,,,-20.4021,,,,-18.187,,,,-18.2323,,,,-17.998,,,,-19.4008,,,,-19.134
,,,,-18.849,,,,-15.8272,,,,-17.419,,,,-15.9943,,,,-16.941,,,,-16.4621,,,,-18.288,,,,-18.9001,,,,-21.8699,,,,-19.377,,,,-20.4353,,,,-18.265,,,,-18.3659,,,,-18.11,,,,-19.5009,,,,-19.2
,,,,-18.882,,,,-15.8272,,,,-17.419,,,,-15.9609,,,,-16.985,,,,-16.4955,,,,-18.366,,,,-19.0336,,,,-21.9366,,,,-19.411,,,,-20.4688,,,,-18.31,,,,-18.4994,,,,-18.188,,,,-19.5677,,,,-19.301
,,,,-18.899,,,,-15.8606,,,,-17.441,,,,-15.9943,,,,-17.019,,,,-16.5289,,,,-18.388,,,,-19.0336,,,,-21.9366,,,,-19.422,,,,-20.4688,,,,-18.332,,,,-18.5328,,,,-18.221,,,,-19.601,,,,-19.317
,,,,-18.915,,,,-15.8272,,,,-17.463,,,,-16.0611,,,,-17.052,,,,-16.5623,,,,-18.41,,,,-19.067,,,,-22.0034,,,,-19.444,,,,-20.5021,,,,-18.365,,,,-18.5328,,,,-18.232,,,,-19.601,,,,-19.334
,,,,-18.932,,,,-15.8606,,,,-17.475,,,,-16.0277,,,,-17.063,,,,-16.5623,,,,-18.432,,,,-19.1003,,,,-22.0034,,,,-19.466,,,,-20.5355,,,,-18.388,,,,-18.5995,,,,-18.265,,,,-19.6345,,,,-19.367
,,,,-18.932,,,,-15.8941,,,,-17.464,,,,-15.9609,,,,-17.052,,,,-16.5956,,,,-18.455,,,,-19.1003,,,,-21.97,,,,-19.467,,,,-20.5355,,,,-18.365,,,,-18.5995,,,,-18.288,,,,-19.6679,,,,-19.384
,,,,-18.949,,,,-15.8606,,,,-17.508,,,,-16.0611,,,,-17.085,,,,-16.5956,,,,-18.466,,,,-19.1003,,,,-22.0367,,,,-19.5,,,,-20.6022,,,,-18.421,,,,-18.5995,,,,-18.299,,,,-19.7012,,,,-19.401
,,,,-18.982,,,,-15.9274,,,,-17.519,,,,-16.0277,,,,-17.085,,,,-16.5956,,,,-18.466,,,,-19.1337,,,,-22.0367,,,,-19.522,,,,-20.6022,,,,-18.421,,,,-18.633,,,,-18.299,,,,-19.6679,,,,-19.401
,,,,-18.999,,,,-15.9274,,,,-17.53,,,,-16.0611,,,,-17.119,,,,-16.6291,,,,-18.488,,,,-19.1337,,,,-22.0701,,,,-19.533,,,,-20.6022,,,,-18.443,,,,-18.6664,,,,-18.332,,,,-19.7012,,,,-19.417
,,,,-19.032,,,,-15.9943,,,,-17.564,,,,-16.0611,,,,-17.119,,,,-16.6291,,,,-18.521,,,,-19.2005,,,,-22.0701,,,,-19.567,,,,-20.6356,,,,-18.454,,,,-18.6664,,,,-18.343,,,,-19.7346,,,,-19.468
,,,,-18.982,,,,-15.8606,,,,-17.53,,,,-16.0945,,,,-17.163,,,,-16.6625,,,,-18.521,,,,-19.1671,,,,-22.1034,,,,-19.533,,,,-20.6356,,,,-18.488,,,,-18.7332,,,,-18.377,,,,-19.7346,,,,-19.451
,,,,-19.032,,,,-15.9609,,,,-17.586,,,,-16.1279,,,,-17.186,,,,-16.7293,,,,-18.566,,,,-19.2339,,,,-22.1034,,,,-19.578,,,,-20.669,,,,-18.499,,,,-18.6998,,,,-18.388,,,,-19.7346,,,,-19.484
,,,,-19.049,,,,-15.9943,,,,-17.608,,,,-16.1614,,,,-17.197,,,,-16.696,,,,-18.555,,,,-19.2005,,,,-22.1034,,,,-19.589,,,,-20.669,,,,-18.521,,,,-18.7332,,,,-18.399,,,,-19.7679,,,,-19.484
,,,,-19.066,,,,-15.9943,,,,-17.619,,,,-16.1614,,,,-17.219,,,,-16.7293,,,,-18.588,,,,-19.2339,,,,-22.1368,,,,-19.611,,,,-20.7024,,,,-18.543,,,,-18.7664,,,,-18.432,,,,-19.8013,,,,-19.518
,,,,-19.049,,,,-15.9609,,,,-17.575,,,,-16.0611,,,,-17.208,,,,-16.7961,,,,-18.622,,,,-19.2339,,,,-22.1368,,,,-19.6,,,,-20.7024,,,,-18.51,,,,-18.7664,,,,-18.466,,,,-19.8347,,,,-19.534
,,,,-19.066,,,,-15.9609,,,,-17.597,,,,-16.0945,,,,-17.219,,,,-16.7627,,,,-18.622,,,,-19.2672,,,,-22.1701,,,,-19.622,,,,-20.7357,,,,-18.543,,,,-18.7999,,,,-18.466,,,,-19.8347,,,,-19.551
,,,,-19.082,,,,-15.9943,,,,-17.619,,,,-16.1279,,,,-17.241,,,,-16.7961,,,,-18.633,,,,-19.2672,,,,-22.1701,,,,-19.633,,,,-20.7357,,,,-18.554,,,,-18.7999,,,,-18.477,,,,-19.8347,,,,-19.551
,,,,-19.099,,,,-15.9943,,,,-17.619,,,,-16.0945,,,,-17.23,,,,-16.7961,,,,-18.644,,,,-19.2672,,,,-22.2034,,,,-19.656,,,,-20.769,,,,-18.554,,,,-18.7999,,,,-18.488,,,,-19.8681,,,,-19.568
,,,,-19.116,,,,-16.0277,,,,-17.653,,,,-16.1614,,,,-17.275,,,,-16.8296,,,,-18.666,,,,-19.3007,,,,-22.2034,,,,-19.667,,,,-20.769,,,,-18.588,,,,-18.8333,,,,-18.51,,,,-19.8681,,,,-19.584
,,,,-19.132,,,,-16.0277,,,,-17.653,,,,-16.1279,,,,-17.286,,,,-16.863,,,,-18.688,,,,-19.3007,,,,-22.2368,,,,-19.689,,,,-20.8024,,,,-18.599,,,,-18.8667,,,,-18.544,,,,-19.9015,,,,-19.601
,,,,-19.149,,,,-16.0277,,,,-17.675,,,,-16.1948,,,,-17.319,,,,-16.8964,,,,-18.711,,,,-19.3341,,,,-22.2701,,,,-19.7,,,,-20.8024,,,,-18.621,,,,-18.8667,,,,-18.555,,,,-19.9015,,,,-19.618
,,,,-19.132,,,,-15.9943,,,,-17.653,,,,-16.1614,,,,-17.308,,,,-16.863,,,,-18.722,,,,-19.3675,,,,-22.2701,,,,-19.689,,,,-20.8024,,,,-18.621,,,,-18.9001,,,,-18.566,,,,-19.9348,,,,-19.651
,,,,-19.166,,,,-16.0611,,,,-17.686,,,,-16.1614,,,,-17.33,,,,-16.8964,,,,-18.733,,,,-19.3675,,,,-22.2701,,,,-19.722,,,,-20.8358,,,,-18.644,,,,-18.9334,,,,-18.588,,,,-19.9348,,,,-19.651
,,,,-19.166,,,,-16.0277,,,,-17.697,,,,-16.2282,,,,-17.353,,,,-16.8964,,,,-18.733,,,,-19.3675,,,,-22.3035,,,,-19.722,,,,-20.8358,,,,-18.666,,,,-18.9334,,,,-18.588,,,,-19.9348,,,,-19.651
,,,,-19.182,,,,-16.0611,,,,-17.697,,,,-16.1614,,,,-17.353,,,,-16.9632,,,,-18.777,,,,-19.4008,,,,-22.3035,,,,-19.745,,,,-20.8692,,,,-18.655,,,,-18.9334,,,,-18.622,,,,-19.9682,,,,-19.684
,,,,-19.199,,,,-16.0611,,,,-17.72,,,,-16.2282,,,,-17.364,,,,-16.9297,,,,-18.777,,,,-19.4008,,,,-22.3369,,,,-19.756,,,,-20.8692,,,,-18.677,,,,-18.9334,,,,-18.622,,,,-20.0016,,,,-19.701
,,,,-19.216,,,,-16.0611,,,,-17.731,,,,-16.2282,,,,-17.386,,,,-16.9632,,,,-18.789,,,,-19.4008,,,,-22.3702,,,,-19.778,,,,-20.9025,,,,-18.699,,,,-18.9669,,,,-18.644,,,,-20.0016,,,,-19.701
,,,,-19.232,,,,-16.0945,,,,-17.764,,,,-16.2282,,,,-17.419,,,,-16.9632,,,,-18.789,,,,-19.3675,,,,-22.3702,,,,-19.811,,,,-20.9693,,,,-18.755,,,,-19.067,,,,-18.688,,,,-20.035,,,,-19.701
,,,,-19.249,,,,-16.0945,,,,-17.764,,,,-16.2282,,,,-17.408,,,,-16.9966,,,,-18.833,,,,-19.4675,,,,-22.4036,,,,-19.822,,,,-20.9693,,,,-18.733,,,,-19.0003,,,,-18.677,,,,-20.035,,,,-19.751
,,,,-19.282,,,,-16.1614,,,,-17.797,,,,-16.2615,,,,-17.442,,,,-17.03,,,,-18.855,,,,-19.5009,,,,-22.4036,,,,-19.845,,,,-20.9693,,,,-18.755,,,,-19.0336,,,,-18.7,,,,-20.035,,,,-19.768
,,,,-19.266,,,,-16.1279,,,,-17.797,,,,-16.2615,,,,-17.464,,,,-17.0634,,,,-18.878,,,,-19.5009,,,,-22.4036,,,,-19.845,,,,-21.0026,,,,-18.777,,,,-19.067,,,,-18.733,,,,-20.0684,,,,-19.785
,,,,-19.282,,,,-16.1279,,,,-17.797,,,,-16.2615,,,,-17.475,,,,-17.0634,,,,-18.866,,,,-19.4675,,,,-22.4369,,,,-19.856,,,,-21.0026,,,,-18.788,,,,-19.1003,,,,-18.744,,,,-20.0684,,,,-19.768
,,,,-19.282,,,,-16.1279,,,,-17.808,,,,-16.295,,,,-17.486,,,,-17.0634,,,,-18.889,,,,-19.5343,,,,-22.4369,,,,-19.856,,,,-21.0026,,,,-18.799,,,,-19.1003,,,,-18.744,,,,-20.0684,,,,-19.801
,,,,-19.333,,,,-16.1948,,,,-17.82,,,,-16.2282,,,,-17.475,,,,-17.0967,,,,-18.9,,,,-19.5009,,,,-22.4703,,,,-19.9,,,,-21.036,,,,-18.788,,,,-19.1003,,,,-18.766,,,,-20.1016,,,,-19.801
,,,,-19.316,,,,-16.1614,,,,-17.842,,,,-16.295,,,,-17.508,,,,-17.1302,,,,-18.933,,,,-19.5677,,,,-22.4703,,,,-19.9,,,,-21.0694,,,,-18.822,,,,-19.1003,,,,-18.777,,,,-20.1016,,,,-19.835
,,,,-19.366,,,,-16.2282,,,,-17.864,,,,-16.295,,,,-17.52,,,,-17.1302,,,,-18.944,,,,-19.5677,,,,-22.5036,,,,-19.934,,,,-21.0694,,,,-18.833,,,,-19.1337,,,,-18.8,,,,-20.135,,,,-19.851
,,,,-19.332,,,,-16.1279,,,,-17.831,,,,-16.295,,,,-17.531,,,,-17.1302,,,,-18.933,,,,-19.5343,,,,-22.5369,,,,-19.911,,,,-21.0694,,,,-18.844,,,,-19.1671,,,,-18.811,,,,-20.135,,,,-19.835
,,,,-19.383,,,,-16.2282,,,,-17.864,,,,-16.295,,,,-17.542,,,,-17.1636,,,,-18.978,,,,-19.601,,,,-22.5369,,,,-19.945,,,,-21.0694,,,,-18.844,,,,-19.1671,,,,-18.833,,,,-20.1684,,,,-19.885
,,,,-19.349,,,,-16.1614,,,,-17.853,,,,-16.295,,,,-17.553,,,,-17.1636,,,,-18.978,,,,-19.601,,,,-22.5369,,,,-19.934,,,,-21.1026,,,,-18.866,,,,-19.2005,,,,-18.844,,,,-20.1684,,,,-19.885
,,,,-19.383,,,,-16.1948,,,,-17.898,,,,-16.3618,,,,-17.575,,,,-17.1636,,,,-18.978,,,,-19.601,,,,-22.5703,,,,-19.967,,,,-21.136,,,,-18.899,,,,-19.2005,,,,-18.844,,,,-20.1684,,,,-19.885
,,,,-19.383,,,,-16.1948,,,,-17.886,,,,-16.3285,,,,-17.598,,,,-17.2304,,,,-19.011,,,,-19.601,,,,-22.5703,,,,-19.967,,,,-21.136,,,,-18.899,,,,-19.2339,,,,-18.889,,,,-20.2018,,,,-19.901
,,,,-19.416,,,,-16.2282,,,,-17.898,,,,-16.3285,,,,-17.609,,,,-17.2304,,,,-19.033,,,,-19.6345,,,,-22.6036,,,,-19.989,,,,-21.136,,,,-18.911,,,,-19.2672,,,,-18.911,,,,-20.2352,,,,-19.935
,,,,-19.433,,,,-16.2615,,,,-17.909,,,,-16.3285,,,,-17.609,,,,-17.2304,,,,-19.022,,,,-19.6345,,,,-22.6036,,,,-20.0,,,,-21.136,,,,-18.911,,,,-19.2672,,,,-18.9,,,,-20.2018,,,,-19.918
,,,,-19.433,,,,-16.2615,,,,-17.931,,,,-16.3285,,,,-17.62,,,,-17.2637,,,,-19.044,,,,-19.6679,,,,-22.6036,,,,-20.023,,,,-21.2028,,,,-18.933,,,,-19.2672,,,,-18.911,,,,-20.2018,,,,-19.935
,,,,-19.466,,,,-16.2615,,,,-17.953,,,,-16.3952,,,,-17.664,,,,-17.2972,,,,-19.078,,,,-19.6679,,,,-22.6703,,,,-20.045,,,,-21.2028,,,,-18.966,,,,-19.3007,,,,-18.955,,,,-20.2685,,,,-19.968
,,,,-19.499,,,,-16.3285,,,,-17.998,,,,-16.4286,,,,-17.698,,,,-17.3306,,,,-19.111,,,,-19.7012,,,,-22.6703,,,,-20.078,,,,-21.2361,,,,-19.0,,,,-19.3341,,,,-18.989,,,,-20.3019,,,,-20.002
,,,,-19.499,,,,-16.295,,,,-17.998,,,,-16.4621,,,,-17.72,,,,-17.3306,,,,-19.111,,,,-19.7012,,,,-22.7037,,,,-20.078,,,,-21.2361,,,,-19.022,,,,-19.3675,,,,-19.0,,,,-20.3019,,,,-20.002
,,,,-19.499,,,,-16.295,,,,-17.975,,,,-16.3618,,,,-17.709,,,,-17.364,,,,-19.134,,,,-19.7012,,,,-22.7037,,,,-20.089,,,,-21.2694,,,,-19.011,,,,-19.4008,,,,-19.033,,,,-20.3353,,,,-20.018
,,,,-19.549,,,,-16.3618,,,,-18.009,,,,-16.3952,,,,-17.731,,,,-17.3974,,,,-19.156,,,,-19.7346,,,,-22.737,,,,-20.123,,,,-21.2694,,,,-19.022,,,,-19.4008,,,,-19.044,,,,-20.3353,,,,-20.035
,,,,-19.516,,,,-16.295,,,,-18.009,,,,-16.4286,,,,-17.731,,,,-17.364,,,,-19.156,,,,-19.7679,,,,-22.737,,,,-20.112,,,,-21.3029,,,,-19.044,,,,-19.4008,,,,-19.033,,,,-20.3353,,,,-20.052
,,,,-19.516,,,,-16.295,,,,-17.987,,,,-16.3952,,,,-17.742,,,,-17.3974,,,,-19.178,,,,-19.7679,,,,-22.737,,,,-20.1,,,,-21.2694,,,,-19.033,,,,-19.4341,,,,-19.067,,,,-20.3687,,,,-20.068
,,,,-19.549,,,,-16.3618,,,,-18.042,,,,-16.4621,,,,-17.765,,,,-17.3974,,,,-19.178,,,,-19.7679,,,,-22.737,,,,-20.134,,,,-21.3029,,,,-19.066,,,,-19.4341,,,,-19.067,,,,-20.3687,,,,-20.068
,,,,-19.549,,,,-16.3285,,,,-18.031,,,,-16.4286,,,,-17.787,,,,-17.4642,,,,-19.211,,,,-19.7679,,,,-22.7703,,,,-20.145,,,,-21.3363,,,,-19.077,,,,-19.4675,,,,-19.111,,,,-20.4021,,,,-20.085
,,,,-19.566,,,,-16.3618,,,,-18.065,,,,-16.4955,,,,-17.798,,,,-17.4307,,,,-19.2,,,,-19.7679,,,,-22.7703,,,,-20.156,,,,-21.3363,,,,-19.1,,,,-19.4675,,,,-19.1,,,,-20.4021,,,,-20.085
,,,,-19.549,,,,-16.295,,,,-18.042,,,,-16.4621,,,,-17.798,,,,-17.4642,,,,-19.223,,,,-19.8013,,,,-22.8037,,,,-20.156,,,,-21.3696,,,,-19.1,,,,-19.4675,,,,-19.111,,,,-20.4021,,,,-20.102
,,,,-19.566,,,,-16.3285,,,,-18.02,,,,-16.3618,,,,-17.787,,,,-17.4976,,,,-19.234,,,,-19.8013,,,,-22.8037,,,,-20.167,,,,-21.3696,,,,-19.077,,,,-19.5009,,,,-19.134,,,,-20.4021,,,,-20.102
,,,,-19.566,,,,-16.3285,,,,-18.053,,,,-16.4621,,,,-17.831,,,,-17.4976,,,,-19.245,,,,-19.8013,,,,-22.8037,,,,-20.167,,,,-21.3696,,,,-19.122,,,,-19.5343,,,,-19.156,,,,-20.4353,,,,-20.118
,,,,-19.566,,,,-16.295,,,,-18.053,,,,-16.4621,,,,-17.831,,,,-17.4976,,,,-19.267,,,,-19.8347,,,,-22.837,,,,-20.178,,,,-21.403,,,,-19.133,,,,-19.5343,,,,-19.167,,,,-20.4688,,,,-20.152
,,,,-19.65,,,,-16.4621,,,,-18.12,,,,-16.4621,,,,-17.854,,,,-17.531,,,,-19.256,,,,-19.8013,,,,-22.837,,,,-20.245,,,,-21.4362,,,,-19.155,,,,-19.5677,,,,-19.178,,,,-20.4353,,,,-20.118
,,,,-19.599,,,,-16.3618,,,,-18.087,,,,-16.4621,,,,-17.854,,,,-17.531,,,,-19.267,,,,-19.8347,,,,-22.837,,,,-20.212,,,,-21.4362,,,,-19.155,,,,-19.5677,,,,-19.178,,,,-20.4353,,,,-20.135
,,,,-19.633,,,,-16.3952,,,,-18.098,,,,-16.4621,,,,-17.887,,,,-17.5977,,,,-19.3,,,,-19.8347,,,,-22.8704,,,,-20.234,,,,-21.4362,,,,-19.166,,,,-19.601,,,,-19.222,,,,-20.4688,,,,-20.152
,,,,-19.65,,,,-16.4286,,,,-18.109,,,,-16.4621,,,,-17.876,,,,-17.5644,,,,-19.312,,,,-19.8681,,,,-22.8704,,,,-20.245,,,,-21.4362,,,,-19.166,,,,-19.601,,,,-19.222,,,,-20.5021,,,,-20.185
,,,,-19.649,,,,-16.3952,,,,-18.109,,,,-16.4955,,,,-17.898,,,,-17.5977,,,,-19.323,,,,-19.8681,,,,-22.9037,,,,-20.245,,,,-21.4362,,,,-19.178,,,,-19.601,,,,-19.234,,,,-20.5021,,,,-20.185
,,,,-19.666,,,,-16.4286,,,,-18.142,,,,-16.5289,,,,-17.932,,,,-17.5977,,,,-19.334,,,,-19.9015,,,,-22.9037,,,,-20.267,,,,-21.4697,,,,-19.222,,,,-19.6679,,,,-19.256,,,,-20.5021,,,,-20.202
,,,,-19.683,,,,-16.4621,,,,-18.154,,,,-16.5289,,,,-17.92,,,,-17.5977,,,,-19.323,,,,-19.8681,,,,-22.9037,,,,-20.278,,,,-21.4697,,,,-19.211,,,,-19.6345,,,,-19.245,,,,-20.5021,,,,-20.185
,,,,-19.7,,,,-16.4621,,,,-18.131,,,,-16.4286,,,,-17.887,,,,-17.5977,,,,-19.345,,,,-19.9015,,,,-22.937,,,,-20.301,,,,-21.503,,,,-19.189,,,,-19.6345,,,,-19.256,,,,-20.5355,,,,-20.218
,,,,-19.683,,,,-16.4621,,,,-18.176,,,,-16.5289,,,,-17.943,,,,-17.6312,,,,-19.356,,,,-19.9015,,,,-22.9037,,,,-20.301,,,,-21.5364,,,,-19.244,,,,-19.6679,,,,-19.278,,,,-20.5355,,,,-20.218
,,,,-19.666,,,,-16.4286,,,,-18.176,,,,-16.5623,,,,-17.965,,,,-17.6646,,,,-19.389,,,,-19.9348,,,,-22.9037,,,,-20.29,,,,-21.5364,,,,-19.256,,,,-19.6679,,,,-19.3,,,,-20.5689,,,,-20.252
,,,,-19.716,,,,-16.4621,,,,-18.187,,,,-16.5623,,,,-17.976,,,,-17.6646,,,,-19.378,,,,-19.9015,,,,-22.9704,,,,-20.323,,,,-21.5364,,,,-19.267,,,,-19.7012,,,,-19.312,,,,-20.5689,,,,-20.235
,,,,-19.733,,,,-16.4955,,,,-18.187,,,,-16.5289,,,,-17.976,,,,-17.6646,,,,-19.412,,,,-19.9682,,,,-22.9704,,,,-20.334,,,,-21.5364,,,,-19.267,,,,-19.7346,,,,-19.334,,,,-20.6022,,,,-20.285
,,,,-19.733,,,,-16.4955,,,,-18.209,,,,-16.5623,,,,-18.009,,,,-17.7314,,,,-19.423,,,,-19.9348,,,,-22.9704,,,,-20.345,,,,-21.5697,,,,-19.289,,,,-19.7346,,,,-19.356,,,,-20.6022,,,,-20.268
,,,,-19.733,,,,-16.4955,,,,-18.187,,,,-16.4955,,,,-17.987,,,,-17.7314,,,,-19.412,,,,-19.9348,,,,-22.9704,,,,-20.345,,,,-21.5697,,,,-19.267,,,,-19.7346,,,,-19.345,,,,-20.5689,,,,-20.252
,,,,-19.733,,,,-16.4621,,,,-18.198,,,,-16.5289,,,,-18.009,,,,-17.7647,,,,-19.445,,,,-19.9682,,,,-23.0038,,,,-20.356,,,,-21.603,,,,-19.289,,,,-19.7346,,,,-19.367,,,,-20.6022,,,,-20.285
,,,,-19.783,,,,-16.5289,,,,-18.22,,,,-16.5289,,,,-18.02,,,,-17.7647,,,,-19.456,,,,-19.9682,,,,-23.0371,,,,-20.39,,,,-21.603,,,,-19.3,,,,-19.7679,,,,-19.389,,,,-20.6356,,,,-20.302
,,,,-19.766,,,,-16.4955,,,,-18.254,,,,-16.6291,,,,-18.065,,,,-17.7647,,,,-19.445,,,,-19.9348,,,,-23.0371,,,,-20.39,,,,-21.6365,,,,-19.356,,,,-19.8013,,,,-19.401,,,,-20.6356,,,,-20.285
,,,,-19.783,,,,-16.4955,,,,-18.22,,,,-16.5623,,,,-18.054,,,,-17.7982,,,,-19.467,,,,-19.9682,,,,-23.0705,,,,-20.39,,,,-21.603,,,,-19.322,,,,-19.8013,,,,-19.412,,,,-20.6356,,,,-20.302
,,,,-19.8,,,,-16.5289,,,,-18.265,,,,-16.5956,,,,-18.076,,,,-17.7982,,,,-19.49,,,,-20.0016,,,,-23.0705,,,,-20.423,,,,-21.6698,,,,-19.367,,,,-19.8347,,,,-19.434,,,,-20.669,,,,-20.335
,,,,-19.8,,,,-16.5289,,,,-18.243,,,,-16.5623,,,,-18.065,,,,-17.7982,,,,-19.49,,,,-20.0016,,,,-23.0705,,,,-20.412,,,,-21.6365,,,,-19.344,,,,-19.8347,,,,-19.434,,,,-20.669,,,,-20.335
,,,,-19.816,,,,-16.5623,,,,-18.287,,,,-16.5956,,,,-18.11,,,,-17.865,,,,-19.512,,,,-20.0016,,,,-23.0705,,,,-20.445,,,,-21.7032,,,,-19.389,,,,-19.8681,,,,-19.467,,,,-20.669,,,,-20.335
,,,,-19.85,,,,-16.5956,,,,-18.287,,,,-16.5956,,,,-18.087,,,,-17.8316,,,,-19.512,,,,-20.0016,,,,-23.1038,,,,-20.456,,,,-21.6698,,,,-19.367,,,,-19.8347,,,,-19.456,,,,-20.7024,,,,-20.352
,,,,-19.85,,,,-16.5623,,,,-18.287,,,,-16.5956,,,,-18.143,,,,-17.8984,,,,-19.478,,,,-20.035,,,,-23.1372,,,,-20.468,,,,-21.7032,,,,-19.411,,,,-19.9348,,,,-19.445,,,,-20.5021,,,,-20.269
,,,,-19.883,,,,-16.6291,,,,-18.332,,,,-16.6291,,,,-18.087,,,,-17.8984,,,,-19.545,,,,-20.035,,,,-23.1372,,,,-20.501,,,,-21.7365,,,,-19.367,,,,-19.7346,,,,-19.445,,,,-20.7024,,,,-20.369
,,,,-19.866,,,,-16.5956,,,,-18.354,,,,-16.696,,,,-18.199,,,,-17.9317,,,,-19.59,,,,-20.035,,,,-23.1372,,,,-20.501,,,,-21.7698,,,,-19.478,,,,-19.9682,,,,-19.567,,,,-20.8024,,,,-20.419
,,,,-19.883,,,,-16.5956,,,,-18.343,,,,-16.6625,,,,-18.221,,,,-17.9986,,,,-19.623,,,,-20.0684,,,,-23.1704,,,,-20.512,,,,-21.7698,,,,-19.478,,,,-20.0016,,,,-19.601,,,,-20.8024,,,,-20.435
,,,,-19.916,,,,-16.6625,,,,-18.376,,,,-16.696,,,,-18.221,,,,-17.9986,,,,-19.623,,,,-20.0684,,,,-23.1704,,,,-20.534,,,,-21.7698,,,,-19.478,,,,-19.9682,,,,-19.59,,,,-20.8024,,,,-20.435
,,,,-19.933,,,,-16.6625,,,,-18.365,,,,-16.6291,,,,-18.21,,,,-17.9986,,,,-19.623,,,,-20.0684,,,,-23.2038,,,,-20.557,,,,-21.8032,,,,-19.478,,,,-20.0016,,,,-19.601,,,,-20.8024,,,,-20.435
,,,,-19.916,,,,-16.6291,,,,-18.376,,,,-16.696,,,,-18.254,,,,-18.032,,,,-19.657,,,,-20.0684,,,,-23.2038,,,,-20.545,,,,-21.8032,,,,-19.511,,,,-20.035,,,,-19.645,,,,-20.8692,,,,-20.469
,,,,-19.9,,,,-16.6291,,,,-18.387,,,,-16.7293,,,,-18.265,,,,-18.032,,,,-19.645,,,,-20.0684,,,,-23.1704,,,,-20.534,,,,-21.8032,,,,-19.522,,,,-20.035,,,,-19.634,,,,-20.8358,,,,-20.452
,,,,-19.9,,,,-16.5956,,,,-18.365,,,,-16.696,,,,-18.265,,,,-18.0653,,,,-19.69,,,,-20.1016,,,,-23.2038,,,,-20.534,,,,-21.8032,,,,-19.511,,,,-20.035,,,,-19.668,,,,-20.9025,,,,-20.502
,,,,-19.916,,,,-16.6291,,,,-18.398,,,,-16.7293,,,,-18.288,,,,-18.0653,,,,-19.679,,,,-20.1016,,,,-23.2038,,,,-20.557,,,,-21.8366,,,,-19.545,,,,-20.0684,,,,-19.668,,,,-20.8692,,,,-20.485
,,,,-19.933,,,,-16.6625,,,,-18.398,,,,-16.696,,,,-18.288,,,,-18.0986,,,,-19.701,,,,-20.135,,,,-23.2038,,,,-20.568,,,,-21.8366,,,,-19.534,,,,-20.0684,,,,-19.679,,,,-20.8692,,,,-20.502
,,,,-19.95,,,,-16.6625,,,,-18.409,,,,-16.696,,,,-18.299,,,,-18.0986,,,,-19.712,,,,-20.135,,,,-23.2371,,,,-20.59,,,,-21.8699,,,,-19.556,,,,-20.1016,,,,-19.701,,,,-20.9025,,,,-20.519
,,,,-19.95,,,,-16.6625,,,,-18.409,,,,-16.696,,,,-18.299,,,,-18.0986,,,,-19.712,,,,-20.1016,,,,-23.2371,,,,-20.59,,,,-21.8699,,,,-19.556,,,,-20.1016,,,,-19.712,,,,-20.9358,,,,-20.519
,,,,-19.95,,,,-16.6625,,,,-18.421,,,,-16.7293,,,,-18.321,,,,-18.1321,,,,-19.734,,,,-20.135,,,,-23.2371,,,,-20.59,,,,-21.8699,,,,-19.567,,,,-20.1016,,,,-19.723,,,,-20.9358,,,,-20.535
,,,,-20.0,,,,-16.7293,,,,-18.465,,,,-16.7627,,,,-18.343,,,,-18.1321,,,,-19.734,,,,-20.135,,,,-23.2704,,,,-20.634,,,,-21.9033,,,,-19.6,,,,-20.135,,,,-19.734,,,,-20.9358,,,,-20.535
,,,,-20.017,,,,-16.7293,,,,-18.443,,,,-16.696,,,,-18.277,,,,-18.1655,,,,-19.734,,,,-20.135,,,,-23.3038,,,,-20.645,,,,-21.9033,,,,-19.522,,,,-19.9682,,,,-19.679,,,,-20.9025,,,,-20.519
,,,,-20.017,,,,-16.7293,,,,-18.454,,,,-16.696,,,,-18.332,,,,-18.1655,,,,-19.757,,,,-20.135,,,,-23.3038,,,,-20.657,,,,-21.9366,,,,-19.589,,,,-20.135,,,,-19.757,,,,-20.9693,,,,-20.552
,,,,-19.966,,,,-16.6291,,,,-18.454,,,,-16.7961,,,,-18.377,,,,-18.1655,,,,-19.757,,,,-20.135,,,,-23.3038,,,,-20.623,,,,-21.9366,,,,-19.634,,,,-20.1684,,,,-19.768,,,,-20.9693,,,,-20.552
,,,,-20.033,,,,-16.7293,,,,-18.476,,,,-16.7961,,,,-18.388,,,,-18.1989,,,,-19.768,,,,-20.135,,,,-23.3372,,,,-20.657,,,,-21.9033,,,,-19.623,,,,-20.1684,,,,-19.779,,,,-20.9693,,,,-20.552
,,,,-20.033,,,,-16.7293,,,,-18.487,,,,-16.7627,,,,-18.388,,,,-18.1989,,,,-19.79,,,,-20.1684,,,,-23.3372,,,,-20.679,,,,-21.97,,,,-19.645,,,,-20.2018,,,,-19.801,,,,-21.0026,,,,-20.586
,,,,-20.0,,,,-16.696,,,,-18.476,,,,-16.7627,,,,-18.399,,,,-18.2323,,,,-19.79,,,,-20.135,,,,-23.3038,,,,-20.657,,,,-21.97,,,,-19.645,,,,-20.2018,,,,-19.812,,,,-21.0026,,,,-20.569
,,,,-20.05,,,,-16.7627,,,,-18.498,,,,-16.7627,,,,-18.399,,,,-18.2323,,,,-19.812,,,,-20.1684,,,,-23.3372,,,,-20.69,,,,-21.97,,,,-19.645,,,,-20.2018,,,,-19.823,,,,-21.036,,,,-20.602
,,,,-20.05,,,,-16.7293,,,,-18.487,,,,-16.7961,,,,-18.432,,,,-18.2323,,,,-19.812,,,,-20.1684,,,,-23.3705,,,,-20.679,,,,-21.9366,,,,-19.667,,,,-20.2685,,,,-19.846,,,,-21.036,,,,-20.602
,,,,-20.05,,,,-16.7627,,,,-18.498,,,,-16.7627,,,,-18.41,,,,-18.2323,,,,-19.812,,,,-20.1684,,,,-23.3372,,,,-20.69,,,,-21.97,,,,-19.656,,,,-20.2352,,,,-19.835,,,,-21.036,,,,-20.602
,,,,-20.05,,,,-16.7293,,,,-18.51,,,,-16.7961,,,,-18.443,,,,-18.2991,,,,-19.835,,,,-20.1684,,,,-23.3705,,,,-20.701,,,,-22.0034,,,,-19.678,,,,-20.2352,,,,-19.857,,,,-21.036,,,,-20.602
,,,,-20.133,,,,-16.863,,,,-18.565,,,,-16.7961,,,,-18.466,,,,-18.3325,,,,-19.868,,,,-20.2018,,,,-23.4039,,,,-20.768,,,,-22.0367,,,,-19.7,,,,-20.2685,,,,-19.89,,,,-21.0694,,,,-20.636
,,,,-20.1,,,,-16.7961,,,,-18.532,,,,-16.7627,,,,-18.466,,,,-18.3325,,,,-19.868,,,,-20.2018,,,,-23.4039,,,,-20.746,,,,-22.0367,,,,-19.7,,,,-20.3019,,,,-19.901,,,,-21.0694,,,,-20.636
,,,,-20.15,,,,-16.863,,,,-18.565,,,,-16.7961,,,,-18.499,,,,-18.3659,,,,-19.89,,,,-20.2018,,,,-23.4371,,,,-20.779,,,,-22.0367,,,,-19.723,,,,-20.3353,,,,-19.935,,,,-21.1026,,,,-20.652
,,,,-20.133,,,,-16.8296,,,,-18.588,,,,-16.863,,,,-18.521,,,,-18.3659,,,,-19.89,,,,-20.2018,,,,-23.4371,,,,-20.779,,,,-22.0701,,,,-19.756,,,,-20.3353,,,,-19.935,,,,-21.1026,,,,-20.652
,,,,-20.133,,,,-16.8296,,,,-18.576,,,,-16.8296,,,,-18.533,,,,-18.3993,,,,-19.924,,,,-20.2352,,,,-23.4371,,,,-20.779,,,,-22.0701,,,,-19.756,,,,-20.3687,,,,-19.968,,,,-21.136,,,,-20.686
,,,,-20.167,,,,-16.863,,,,-18.599,,,,-16.863,,,,-18.544,,,,-18.3993,,,,-19.924,,,,-20.2352,,,,-23.4706,,,,-20.801,,,,-22.0701,,,,-19.767,,,,-20.3687,,,,-19.968,,,,-21.136,,,,-20.686
,,,,-20.15,,,,-16.863,,,,-18.599,,,,-16.8296,,,,-18.544,,,,-18.4326,,,,-19.946,,,,-20.2352,,,,-23.4371,,,,-20.801,,,,-22.1034,,,,-19.767,,,,-20.3687,,,,-19.99,,,,-21.1694,,,,-20.702
,,,,-20.167,,,,-16.863,,,,-18.588,,,,-16.8296,,,,-18.544,,,,-18.3993,,,,-19.935,,,,-20.2352,,,,-23.4706,,,,-20.801,,,,-22.0701,,,,-19.767,,,,-20.4021,,,,-19.99,,,,-21.1694,,,,-20.702
,,,,-20.167,,,,-16.863,,,,-18.61,,,,-16.8296,,,,-18.566,,,,-18.4326,,,,-19.946,,,,-20.2352,,,,-23.4706,,,,-20.823,,,,-22.1368,,,,-19.801,,,,-20.4353,,,,-20.012,,,,-21.1694,,,,-20.702
,,,,-20.2,,,,-16.8964,,,,-18.632,,,,-16.8964,,,,-18.588,,,,-18.466,,,,-19.968,,,,-20.2352,,,,-23.5038,,,,-20.835,,,,-22.1034,,,,-19.801,,,,-20.4021,,,,-20.024,,,,-21.2028,,,,-20.719
,,,,-20.167,,,,-16.863,,,,-18.599,,,,-16.8296,,,,-18.577,,,,-18.466,,,,-19.968,,,,-20.2352,,,,-23.4706,,,,-20.812,,,,-22.1034,,,,-19.789,,,,-20.4353,,,,-20.035,,,,-21.2028,,,,-20.719
,,,,-20.184,,,,-16.8964,,,,-18.643,,,,-16.8964,,,,-18.61,,,,-18.4994,,,,-19.99,,,,-20.2685,,,,-23.4706,,,,-20.835,,,,-22.1368,,,,-19.823,,,,-20.4353,,,,-20.046,,,,-21.2028,,,,-20.736
,,,,-20.234,,,,-16.9632,,,,-18.665,,,,-16.8964,,,,-18.622,,,,-18.4994,,,,-20.001,,,,-20.3019,,,,-23.5038,,,,-20.868,,,,-22.1368,,,,-19.834,,,,-20.4688,,,,-20.057,,,,-21.2028,,,,-20.752
,,,,-20.233,,,,-16.9297,,,,-18.654,,,,-16.8964,,,,-18.633,,,,-18.5328,,,,-20.012,,,,-20.2685,,,,-23.5372,,,,-20.868,,,,-22.1368,,,,-19.834,,,,-20.4688,,,,-20.079,,,,-21.2361,,,,-20.752
,,,,-20.233,,,,-16.9297,,,,-18.676,,,,-16.9297,,,,-18.644,,,,-18.5328,,,,-20.012,,,,-20.2685,,,,-23.5372,,,,-20.879,,,,-22.1701,,,,-19.856,,,,-20.4688,,,,-20.079,,,,-21.2361,,,,-20.752
,,,,-20.233,,,,-16.9297,,,,-18.665,,,,-16.8964,,,,-18.633,,,,-18.5328,,,,-20.012,,,,-20.2685,,,,-23.5372,,,,-20.879,,,,-22.1701,,,,-19.845,,,,-20.4688,,,,-20.079,,,,-21.2361,,,,-20.752
,,,,-20.233,,,,-16.8964,,,,-18.665,,,,-16.8964,,,,-18.655,,,,-18.5662,,,,-20.035,,,,-20.2685,,,,-23.5705,,,,-20.89,,,,-22.2034,,,,-19.867,,,,-20.5021,,,,-20.113,,,,-21.2694,,,,-20.769
,,,,-20.233,,,,-16.9297,,,,-18.676,,,,-16.8964,,,,-18.655,,,,-18.5662,,,,-20.035,,,,-20.2685,,,,-23.5372,,,,-20.89,,,,-22.2034,,,,-19.867,,,,-20.5021,,,,-20.113,,,,-21.2694,,,,-20.769
,,,,-20.233,,,,-16.9297,,,,-18.688,,,,-16.9297,,,,-18.677,,,,-18.5662,,,,-20.046,,,,-20.2685,,,,-23.5372,,,,-20.89,,,,-22.2034,,,,-19.89,,,,-20.5355,,,,-20.135,,,,-21.3029,,,,-20.786
,,,,-20.25,,,,-16.9297,,,,-18.688,,,,-16.9297,,,,-18.688,,,,-18.5995,,,,-20.068,,,,-20.3019,,,,-23.5705,,,,-20.901,,,,-22.2034,,,,-19.89,,,,-20.5355,,,,-20.146,,,,-21.3029,,,,-20.802
,,,,-20.267,,,,-16.9632,,,,-18.721,,,,-16.9632,,,,-18.711,,,,-18.5995,,,,-20.068,,,,-20.3019,,,,-23.5705,,,,-20.924,,,,-22.2368,,,,-19.923,,,,-20.5689,,,,-20.157,,,,-21.3029,,,,-20.802
,,,,-20.25,,,,-16.9297,,,,-18.688,,,,-16.8964,,,,-18.699,,,,-18.5995,,,,-20.068,,,,-20.3019,,,,-23.5705,,,,-20.912,,,,-22.2368,,,,-19.912,,,,-20.6022,,,,-20.168,,,,-21.3029,,,,-20.802
,,,,-20.284,,,,-16.9632,,,,-18.732,,,,-16.9966,,,,-18.733,,,,-18.5995,,,,-20.09,,,,-20.3353,,,,-23.6038,,,,-20.935,,,,-22.2368,,,,-19.945,,,,-20.6022,,,,-20.179,,,,-21.3363,,,,-20.836
,,,,-20.25,,,,-16.8964,,,,-18.71,,,,-16.9632,,,,-18.733,,,,-18.633,,,,-20.09,,,,-20.3019,,,,-23.6038,,,,-20.923,,,,-22.2701,,,,-19.945,,,,-20.6022,,,,-20.19,,,,-21.3363,,,,-20.819
,,,,-20.267,,,,-16.9297,,,,-18.71,,,,-16.9632,,,,-18.744,,,,-18.6664,,,,-20.102,,,,-20.3019,,,,-23.6038,,,,-20.923,,,,-22.2368,,,,-19.934,,,,-20.6022,,,,-20.202,,,,-21.3363,,,,-20.819
,,,,-20.25,,,,-16.9297,,,,-18.71,,,,-16.9297,,,,-18.733,,,,-18.6664,,,,-20.102,,,,-20.3019,,,,-23.5705,,,,-20.923,,,,-22.2701,,,,-19.934,,,,-20.6022,,,,-20.202,,,,-21.3363,,,,-20.819
,,,,-20.284,,,,-16.9632,,,,-18.721,,,,-16.8964,,,,-18.733,,,,-18.6664,,,,-20.124,,,,-20.3353,,,,-23.6038,,,,-20.957,,,,-22.3035,,,,-19.945,,,,-20.6356,,,,-20.224,,,,-21.3696,,,,-20.852
,,,,-20.267,,,,-16.9297,,,,-18.721,,,,-16.9297,,,,-18.755,,,,-18.6998,,,,-20.135,,,,-20.3353,,,,-23.6038,,,,-20.946,,,,-22.3035,,,,-19.956,,,,-20.6356,,,,-20.235,,,,-21.3696,,,,-20.852
,,,,-20.284,,,,-16.9632,,,,-18.754,,,,-16.9966,,,,-18.788,,,,-18.6998,,,,-20.135,,,,-20.3353,,,,-23.6038,,,,-20.957,,,,-22.3035,,,,-19.99,,,,-20.669,,,,-20.246,,,,-21.3696,,,,-20.852
,,,,-20.334,,,,-17.03,,,,-18.766,,,,-16.9632,,,,-18.766,,,,-18.6998,,,,-20.146,,,,-20.3353,,,,-23.6372,,,,-20.99,,,,-22.3035,,,,-19.967,,,,-20.6356,,,,-20.246,,,,-21.403,,,,-20.869
,,,,-20.35,,,,-17.03,,,,-18.788,,,,-17.03,,,,-18.822,,,,-18.7332,,,,-20.157,,,,-20.3353,,,,-23.6705,,,,-21.001,,,,-22.3035,,,,-20.012,,,,-20.7024,,,,-20.28,,,,-21.403,,,,-20.869
,,,,-20.367,,,,-17.0634,,,,-18.799,,,,-16.9966,,,,-18.811,,,,-18.7332,,,,-20.157,,,,-20.3353,,,,-23.6705,,,,-21.024,,,,-22.3369,,,,-20.012,,,,-20.7024,,,,-20.28,,,,-21.403,,,,-20.869
,,,,-20.35,,,,-17.03,,,,-18.788,,,,-16.9632,,,,-18.788,,,,-18.7332,,,,-20.157,,,,-20.3353,,,,-23.6705,,,,-21.024,,,,-22.3702,,,,-20.001,,,,-20.669,,,,-20.268,,,,-21.403,,,,-20.869
,,,,-20.334,,,,-16.9966,,,,-18.799,,,,-17.0634,,,,-18.844,,,,-18.7664,,,,-20.168,,,,-20.3019,,,,-23.6705,,,,-21.001,,,,-22.3369,,,,-20.034,,,,-20.7024,,,,-20.302,,,,-21.4362,,,,-20.869
,,,,-20.35,,,,-16.9966,,,,-18.788,,,,-16.9966,,,,-18.844,,,,-18.7999,,,,-20.202,,,,-20.3687,,,,-23.7039,,,,-21.024,,,,-22.3702,,,,-20.034,,,,-20.7357,,,,-20.324,,,,-21.4362,,,,-20.902
,,,,-20.384,,,,-17.0634,,,,-18.821,,,,-17.03,,,,-18.855,,,,-18.7999,,,,-20.202,,,,-20.3353,,,,-23.7039,,,,-21.046,,,,-22.3702,,,,-20.045,,,,-20.7357,,,,-20.335,,,,-21.4697,,,,-20.902
,,,,-20.4,,,,-17.0967,,,,-18.821,,,,-16.9966,,,,-18.855,,,,-18.7999,,,,-20.213,,,,-20.3687,,,,-23.7039,,,,-21.057,,,,-22.3702,,,,-20.045,,,,-20.769,,,,-20.346,,,,-21.4697,,,,-20.919
,,,,-20.417,,,,-17.1302,,,,-18.843,,,,-17.03,,,,-18.866,,,,-18.7999,,,,-20.19,,,,-20.3353,,,,-23.7039,,,,-21.068,,,,-22.3702,,,,-20.056,,,,-20.769,,,,-20.335,,,,-21.4362,,,,-20.886
,,,,-20.4,,,,-17.0967,,,,-18.832,,,,-17.03,,,,-18.877,,,,-18.8333,,,,-20.224,,,,-20.3687,,,,-23.7039,,,,-21.057,,,,-22.3702,,,,-20.056,,,,-20.769,,,,-20.357,,,,-21.4697,,,,-20.919
,,,,-20.384,,,,-17.0634,,,,-18.832,,,,-17.0634,,,,-18.9,,,,-18.8333,,,,-20.235,,,,-20.3687,,,,-23.7039,,,,-21.046,,,,-22.3702,,,,-20.079,,,,-20.8024,,,,-20.38,,,,-21.503,,,,-20.936
,,,,-20.4,,,,-17.0967,,,,-18.843,,,,-17.0634,,,,-18.889,,,,-18.8333,,,,-20.224,,,,-20.3687,,,,-23.7039,,,,-21.057,,,,-22.3702,,,,-20.068,,,,-20.769,,,,-20.357,,,,-21.4697,,,,-20.919
,,,,-20.4,,,,-17.0967,,,,-18.843,,,,-17.0634,,,,-18.9,,,,-18.8333,,,,-20.224,,,,-20.3687,,,,-23.7039,,,,-21.057,,,,-22.3702,,,,-20.079,,,,-20.8024,,,,-20.368,,,,-21.4697,,,,-20.919
,,,,-20.4,,,,-17.0967,,,,-18.832,,,,-17.0634,,,,-18.9,,,,-18.8333,,,,-20.213,,,,-20.3687,,,,-23.7039,,,,-21.046,,,,-22.3369,,,,-20.068,,,,-20.8024,,,,-20.357,,,,-21.4362,,,,-20.902
,,,,-20.35,,,,-17.03,,,,-18.799,,,,-17.0634,,,,-18.911,,,,-18.8333,,,,-20.224,,,,-20.3687,,,,-23.6705,,,,-21.001,,,,-22.3035,,,,-20.068,,,,-20.8358,,,,-20.38,,,,-21.4697,,,,-20.919
,,,,-20.367,,,,-17.0634,,,,-18.777,,,,-16.9966,,,,-18.889,,,,-18.8667,,,,-20.224,,,,-20.3687,,,,-23.6705,,,,-21.001,,,,-22.2701,,,,-20.023,,,,-20.8024,,,,-20.368,,,,-21.4362,,,,-20.902
,,,,-20.367,,,,-17.0634,,,,-18.788,,,,-17.03,,,,-18.911,,,,-18.9001,,,,-20.224,,,,-20.3353,,,,-23.6705,,,,-21.001,,,,-22.2701,,,,-20.034,,,,-20.8024,,,,-20.38,,,,-21.4362,,,,-20.886
,,,,-20.4,,,,-17.1636,,,,-18.81,,,,-17.03,,,,-18.911,,,,-18.9001,,,,-20.235,,,,-20.3687,,,,-23.6372,,,,-21.013,,,,-22.2368,,,,-20.023,,,,-20.8024,,,,-20.38,,,,-21.4362,,,,-20.902
,,,,-20.384,,,,-17.1302,,,,-18.777,,,,-16.9632,,,,-18.889,,,,-18.9001,,,,-20.213,,,,-20.3353,,,,-23.6372,,,,-21.001,,,,-22.2368,,,,-20.001,,,,-20.8024,,,,-20.368,,,,-21.403,,,,-20.869
,,,,-20.384,,,,-17.1302,,,,-18.799,,,,-17.03,,,,-18.9,,,,-18.8667,,,,-20.191,,,,-20.3353,,,,-23.6372,,,,-21.001,,,,-22.2368,,,,-20.023,,,,-20.8024,,,,-20.346,,,,-21.3696,,,,-20.852
,,,,-20.334,,,,-17.0634,,,,-18.766,,,,-17.03,,,,-18.922,,,,-18.9001,,,,-20.202,,,,-20.3353,,,,-23.6038,,,,-20.957,,,,-22.2034,,,,-20.023,,,,-20.8358,,,,-20.368,,,,-21.3696,,,,-20.852
,,,,-20.35,,,,-17.1302,,,,-18.788,,,,-17.03,,,,-18.922,,,,-18.9001,,,,-20.191,,,,-20.3353,,,,-23.5705,,,,-20.968,,,,-22.2034,,,,-20.023,,,,-20.8358,,,,-20.357,,,,-21.3363,,,,-20.836
,,,,-20.334,,,,-17.0634,,,,-18.743,,,,-16.9966,,,,-18.911,,,,-18.9001,,,,-20.179,,,,-20.3019,,,,-23.6038,,,,-20.946,,,,-22.1701,,,,-20.001,,,,-20.8358,,,,-20.357,,,,-21.3363,,,,-20.819
,,,,-20.317,,,,-17.0967,,,,-18.766,,,,-16.9966,,,,-18.9,,,,-18.9001,,,,-20.179,,,,-20.3019,,,,-23.5372,,,,-20.946,,,,-22.2034,,,,-20.001,,,,-20.8024,,,,-20.346,,,,-21.3363,,,,-20.819
,,,,-20.334,,,,-17.0634,,,,-18.743,,,,-17.03,,,,-18.911,,,,-18.8667,,,,-20.157,,,,-20.3019,,,,-23.6038,,,,-20.935,,,,-22.1368,,,,-20.001,,,,-20.8358,,,,-20.335,,,,-21.3029,,,,-20.802
,,,,-20.334,,,,-17.1302,,,,-18.766,,,,-17.03,,,,-18.911,,,,-18.9001,,,,-20.157,,,,-20.2685,,,,-23.5372,,,,-20.935,,,,-22.1368,,,,-19.99,,,,-20.8024,,,,-20.335,,,,-21.3029,,,,-20.786
,,,,-20.3,,,,-17.0634,,,,-18.732,,,,-17.03,,,,-18.922,,,,-18.9001,,,,-20.146,,,,-20.2685,,,,-23.5372,,,,-20.901,,,,-22.1034,,,,-19.99,,,,-20.8358,,,,-20.335,,,,-21.2694,,,,-20.769
,,,,-20.317,,,,-17.0967,,,,-18.743,,,,-16.9966,,,,-18.911,,,,-18.9001,,,,-20.157,,,,-20.3019,,,,-23.5372,,,,-20.924,,,,-22.1368,,,,-19.99,,,,-20.8358,,,,-20.335,,,,-21.2694,,,,-20.786
,,,,-20.267,,,,-17.03,,,,-18.699,,,,-16.9632,,,,-18.889,,,,-18.9001,,,,-20.146,,,,-20.2685,,,,-23.5038,,,,-20.879,,,,-22.1034,,,,-19.956,,,,-20.8024,,,,-20.324,,,,-21.2694,,,,-20.769
,,,,-20.267,,,,-17.03,,,,-18.699,,,,-16.9966,,,,-18.889,,,,-18.8667,,,,-20.113,,,,-20.2352,,,,-23.5038,,,,-20.868,,,,-22.0701,,,,-19.956,,,,-20.8024,,,,-20.302,,,,-21.2361,,,,-20.736
,,,,-20.3,,,,-17.1302,,,,-18.699,,,,-16.9297,,,,-18.889,,,,-18.9001,,,,-20.113,,,,-20.2352,,,,-23.4706,,,,-20.879,,,,-22.0367,,,,-19.934,,,,-20.8358,,,,-20.313,,,,-21.2028,,,,-20.719
,,,,-20.267,,,,-17.0967,,,,-18.677,,,,-16.9297,,,,-18.889,,,,-18.9001,,,,-20.113,,,,-20.2352,,,,-23.4371,,,,-20.846,,,,-22.0034,,,,-19.923,,,,-20.8358,,,,-20.313,,,,-21.2028,,,,-20.719
,,,,-20.284,,,,-17.1302,,,,-18.688,,,,-16.9297,,,,-18.877,,,,-18.9001,,,,-20.09,,,,-20.2018,,,,-23.4371,,,,-20.857,,,,-22.0034,,,,-19.912,,,,-20.8024,,,,-20.291,,,,-21.1694,,,,-20.686
,,,,-20.25,,,,-17.0967,,,,-18.677,,,,-16.9297,,,,-18.889,,,,-18.9001,,,,-20.09,,,,-20.2018,,,,-23.4039,,,,-20.835,,,,-22.0034,,,,-19.923,,,,-20.8358,,,,-20.302,,,,-21.1694,,,,-20.686
,,,,-20.217,,,,-17.0634,,,,-18.632,,,,-16.8964,,,,-18.866,,,,-18.9001,,,,-20.068,,,,-20.1684,,,,-23.3705,,,,-20.79,,,,-21.9366,,,,-19.878,,,,-20.8024,,,,-20.28,,,,-21.136,,,,-20.652
,,,,-20.25,,,,-17.1302,,,,-18.677,,,,-16.9297,,,,-18.888,,,,-18.9334,,,,-20.079,,,,-20.2018,,,,-23.3705,,,,-20.824,,,,-21.97,,,,-19.901,,,,-20.8024,,,,-20.279,,,,-21.1026,,,,-20.652
,,,,-20.217,,,,-17.0634,,,,-18.621,,,,-16.863,,,,-18.855,,,,-18.9001,,,,-20.057,,,,-20.1684,,,,-23.3705,,,,-20.79,,,,-21.9366,,,,-19.867,,,,-20.8024,,,,-20.268,,,,-21.1026,,,,-20.636
,,,,-20.234,,,,-17.1302,,,,-18.643,,,,-16.8964,,,,-18.855,,,,-18.9001,,,,-20.057,,,,-20.1684,,,,-23.3372,,,,-20.79,,,,-21.9033,,,,-19.856,,,,-20.769,,,,-20.257,,,,-21.1026,,,,-20.636
,,,,-20.2,,,,-17.0967,,,,-18.632,,,,-16.8964,,,,-18.866,,,,-18.9334,,,,-20.057,,,,-20.1684,,,,-23.3038,,,,-20.768,,,,-21.9033,,,,-19.856,,,,-20.769,,,,-20.257,,,,-21.0694,,,,-20.619
,,,,-20.184,,,,-17.0634,,,,-18.599,,,,-16.8296,,,,-18.833,,,,-18.9001,,,,-20.035,,,,-20.135,,,,-23.3038,,,,-20.757,,,,-21.9033,,,,-19.834,,,,-20.769,,,,-20.246,,,,-21.0694,,,,-20.602
,,,,-20.167,,,,-17.0634,,,,-18.61,,,,-16.8964,,,,-18.866,,,,-18.9001,,,,-20.035,,,,-20.135,,,,-23.2704,,,,-20.735,,,,-21.8699,,,,-19.856,,,,-20.8024,,,,-20.257,,,,-21.0694,,,,-20.602
,,,,-20.167,,,,-17.0634,,,,-18.588,,,,-16.8296,,,,-18.844,,,,-18.9001,,,,-20.013,,,,-20.1016,,,,-23.2704,,,,-20.735,,,,-21.8699,,,,-19.834,,,,-20.8024,,,,-20.246,,,,-21.036,,,,-20.569
,,,,-20.167,,,,-17.0967,,,,-18.599,,,,-16.8964,,,,-18.855,,,,-18.9001,,,,-19.99,,,,-20.1016,,,,-23.2371,,,,-20.712,,,,-21.8032,,,,-19.823,,,,-20.769,,,,-20.213,,,,-20.9693,,,,-20.535
,,,,-20.217,,,,-17.1636,,,,-18.599,,,,-16.8296,,,,-18.833,,,,-18.8667,,,,-19.99,,,,-20.1016,,,,-23.2704,,,,-20.746,,,,-21.8032,,,,-19.812,,,,-20.8024,,,,-20.224,,,,-21.0026,,,,-20.552
,,,,-20.167,,,,-17.0967,,,,-18.588,,,,-16.863,,,,-18.844,,,,-18.9001,,,,-19.968,,,,-20.035,,,,-23.2371,,,,-20.712,,,,-21.8032,,,,-19.812,,,,-20.769,,,,-20.213,,,,-20.9693,,,,-20.502
,,,,-20.1,,,,-17.03,,,,-18.554,,,,-16.863,,,,-18.844,,,,-18.9001,,,,-19.979,,,,-20.0684,,,,-23.1704,,,,-20.657,,,,-21.7698,,,,-19.801,,,,-20.769,,,,-20.213,,,,-20.9693,,,,-20.519
,,,,-20.134,,,,-17.0634,,,,-18.543,,,,-16.7961,,,,-18.822,,,,-18.8667,,,,-19.957,,,,-20.0684,,,,-23.2038,,,,-20.679,,,,-21.7698,,,,-19.789,,,,-20.8024,,,,-20.202,,,,-20.9358,,,,-20.502
,,,,-20.1,,,,-17.03,,,,-18.532,,,,-16.7961,,,,-18.811,,,,-18.8667,,,,-19.935,,,,-20.035,,,,-23.1704,,,,-20.657,,,,-21.7698,,,,-19.778,,,,-20.769,,,,-20.179,,,,-20.9025,,,,-20.469
,,,,-20.15,,,,-17.1302,,,,-18.565,,,,-16.8296,,,,-18.833,,,,-18.9001,,,,-19.935,,,,-20.0016,,,,-23.1704,,,,-20.679,,,,-21.7365,,,,-19.778,,,,-20.769,,,,-20.191,,,,-20.9025,,,,-20.452
,,,,-20.15,,,,-17.1636,,,,-18.543,,,,-16.7627,,,,-18.799,,,,-18.8667,,,,-19.935,,,,-20.035,,,,-23.1372,,,,-20.668,,,,-21.7032,,,,-19.745,,,,-20.769,,,,-20.179,,,,-20.9025,,,,-20.469
,,,,-20.1,,,,-17.0967,,,,-18.521,,,,-16.7627,,,,-18.811,,,,-18.9001,,,,-19.946,,,,-20.035,,,,-23.1038,,,,-20.635,,,,-21.7032,,,,-19.745,,,,-20.769,,,,-20.191,,,,-20.9025,,,,-20.469
,,,,-20.084,,,,-17.0967,,,,-18.532,,,,-16.8296,,,,-18.822,,,,-18.8667,,,,-19.912,,,,-20.0016,,,,-23.0705,,,,-20.612,,,,-21.6698,,,,-19.756,,,,-20.769,,,,-20.168,,,,-20.8692,,,,-20.435
,,,,-20.034,,,,-17.03,,,,-18.487,,,,-16.7627,,,,-18.799,,,,-18.8667,,,,-19.89,,,,-19.9682,,,,-23.0371,,,,-20.579,,,,-21.6698,,,,-19.734,,,,-20.769,,,,-20.157,,,,-20.8358,,,,-20.402
,,,,-20.084,,,,-17.1302,,,,-18.521,,,,-16.7961,,,,-18.8,,,,-18.8667,,,,-19.879,,,,-19.9682,,,,-23.0371,,,,-20.601,,,,-21.6365,,,,-19.723,,,,-20.7357,,,,-20.135,,,,-20.8024,,,,-20.385
,,,,-20.067,,,,-17.0967,,,,-18.487,,,,-16.7627,,,,-18.788,,,,-18.8667,,,,-19.879,,,,-19.9682,,,,-23.0371,,,,-20.579,,,,-21.603,,,,-19.7,,,,-20.7357,,,,-20.135,,,,-20.8024,,,,-20.385
,,,,-20.05,,,,-17.0967,,,,-18.499,,,,-16.7961,,,,-18.8,,,,-18.8667,,,,-19.879,,,,-19.9682,,,,-23.0038,,,,-20.568,,,,-21.603,,,,-19.712,,,,-20.7357,,,,-20.135,,,,-20.8024,,,,-20.385
,,,,-20.05,,,,-17.0967,,,,-18.487,,,,-16.7627,,,,-18.788,,,,-18.8667,,,,-19.857,,,,-19.9348,,,,-23.0038,,,,-20.568,,,,-21.603,,,,-19.7,,,,-20.7357,,,,-20.124,,,,-20.769,,,,-20.352
,,,,-20.05,,,,-17.0967,,,,-18.465,,,,-16.7293,,,,-18.766,,,,-18.8333,,,,-19.835,,,,-19.9015,,,,-23.0038,,,,-20.557,,,,-21.5697,,,,-19.678,,,,-20.7357,,,,-20.113,,,,-20.769,,,,-20.335
,,,,-20.017,,,,-17.0634,,,,-18.465,,,,-16.7627,,,,-18.777,,,,-18.8333,,,,-19.835,,,,-19.9015,,,,-22.9704,,,,-20.534,,,,-21.5697,,,,-19.689,,,,-20.7357,,,,-20.113,,,,-20.769,,,,-20.335
,,,,-20.017,,,,-17.0967,,,,-18.465,,,,-16.7293,,,,-18.766,,,,-18.8333,,,,-19.824,,,,-19.9015,,,,-22.937,,,,-20.534,,,,-21.5697,,,,-19.678,,,,-20.7357,,,,-20.102,,,,-20.7357,,,,-20.319
,,,,-20.0,,,,-17.0634,,,,-18.454,,,,-16.7627,,,,-18.766,,,,-18.8333,,,,-19.835,,,,-19.9015,,,,-22.937,,,,-20.512,,,,-21.5364,,,,-19.667,,,,-20.7024,,,,-20.102,,,,-20.769,,,,-20.335
,,,,-19.984,,,,-17.03,,,,-18.421,,,,-16.696,,,,-18.744,,,,-18.8333,,,,-19.812,,,,-19.8681,,,,-22.937,,,,-20.501,,,,-21.5364,,,,-19.645,,,,-20.7024,,,,-20.09,,,,-20.7357,,,,-20.302
,,,,-20.0,,,,-17.0967,,,,-18.443,,,,-16.7293,,,,-18.755,,,,-18.8333,,,,-19.801,,,,-19.8681,,,,-22.9037,,,,-20.501,,,,-21.503,,,,-19.645,,,,-20.7024,,,,-20.079,,,,-20.7024,,,,-20.285
,,,,-19.984,,,,-17.0634,,,,-18.443,,,,-16.7627,,,,-18.766,,,,-18.8333,,,,-19.801,,,,-19.8681,,,,-22.9037,,,,-20.49,,,,-21.503,,,,-19.656,,,,-20.7024,,,,-20.079,,,,-20.7024,,,,-20.285
,,,,-19.967,,,,-17.0634,,,,-18.432,,,,-16.7293,,,,-18.755,,,,-18.8333,,,,-19.79,,,,-19.8681,,,,-22.8704,,,,-20.479,,,,-21.503,,,,-19.645,,,,-20.7024,,,,-20.068,,,,-20.669,,,,-20.269
,,,,-19.967,,,,-17.0634,,,,-18.432,,,,-16.7627,,,,-18.766,,,,-18.8333,,,,-19.79,,,,-19.8681,,,,-22.8704,,,,-20.468,,,,-21.4697,,,,-19.645,,,,-20.7024,,,,-20.068,,,,-20.669,,,,-20.269
,,,,-19.967,,,,-17.0967,,,,-18.398,,,,-16.6625,,,,-18.722,,,,-18.7999,,,,-19.757,,,,-19.8347,,,,-22.837,,,,-20.457,,,,-21.4362,,,,-19.6,,,,-20.7024,,,,-20.046,,,,-20.6356,,,,-20.235
,,,,-19.934,,,,-17.0634,,,,-18.399,,,,-16.696,,,,-18.722,,,,-18.7999,,,,-19.757,,,,-19.8347,,,,-22.8037,,,,-20.434,,,,-21.4362,,,,-19.6,,,,-20.669,,,,-20.035,,,,-20.6356,,,,-20.235
,,,,-19.883,,,,-16.9966,,,,-18.365,,,,-16.6625,,,,-18.722,,,,-18.8333,,,,-19.757,,,,-19.8013,,,,-22.7703,,,,-20.401,,,,-21.4362,,,,-19.589,,,,-20.669,,,,-20.046,,,,-20.6356,,,,-20.218
,,,,-19.9,,,,-17.03,,,,-18.354,,,,-16.6291,,,,-18.699,,,,-18.7999,,,,-19.734,,,,-19.8013,,,,-22.7703,,,,-20.401,,,,-21.403,,,,-19.567,,,,-20.669,,,,-20.024,,,,-20.6022,,,,-20.202
,,,,-19.85,,,,-16.9632,,,,-18.354,,,,-16.696,,,,-18.722,,,,-18.7999,,,,-19.723,,,,-19.7679,,,,-22.737,,,,-20.368,,,,-21.403,,,,-19.589,,,,-20.669,,,,-20.024,,,,-20.6022,,,,-20.185
,,,,-19.917,,,,-17.0634,,,,-18.376,,,,-16.696,,,,-18.71,,,,-18.7664,,,,-19.712,,,,-19.7679,,,,-22.7703,,,,-20.401,,,,-21.3696,,,,-19.578,,,,-20.669,,,,-20.013,,,,-20.6022,,,,-20.185
,,,,-19.9,,,,-17.0634,,,,-18.365,,,,-16.6625,,,,-18.688,,,,-18.7664,,,,-19.69,,,,-19.7346,,,,-22.737,,,,-20.39,,,,-21.3696,,,,-19.556,,,,-20.6356,,,,-19.99,,,,-20.5689,,,,-20.152
,,,,-19.884,,,,-17.0634,,,,-18.354,,,,-16.6291,,,,-18.688,,,,-18.7664,,,,-19.69,,,,-19.7346,,,,-22.7037,,,,-20.379,,,,-21.3696,,,,-19.556,,,,-20.669,,,,-20.001,,,,-20.5689,,,,-20.152
,,,,-19.867,,,,-17.0634,,,,-18.365,,,,-16.6625,,,,-18.699,,,,-18.7664,,,,-19.69,,,,-19.7346,,,,-22.6703,,,,-20.368,,,,-21.3696,,,,-19.567,,,,-20.669,,,,-20.001,,,,-20.5689,,,,-20.152
,,,,-19.9,,,,-17.0967,,,,-18.365,,,,-16.6625,,,,-18.688,,,,-18.7664,,,,-19.679,,,,-19.7346,,,,-22.7037,,,,-20.379,,,,-21.3363,,,,-19.545,,,,-20.6356,,,,-19.979,,,,-20.5355,,,,-20.135
,,,,-19.867,,,,-17.0634,,,,-18.343,,,,-16.6625,,,,-18.699,,,,-18.7999,,,,-19.69,,,,-19.7346,,,,-22.6703,,,,-20.346,,,,-21.3029,,,,-19.534,,,,-20.6356,,,,-19.99,,,,-20.5355,,,,-20.135
,,,,-19.867,,,,-17.0967,,,,-18.365,,,,-16.696,,,,-18.699,,,,-18.7664,,,,-19.679,,,,-19.7346,,,,-22.637,,,,-20.346,,,,-21.3029,,,,-19.545,,,,-20.6356,,,,-19.979,,,,-20.5355,,,,-20.135
,,,,-19.8,,,,-16.9632,,,,-18.298,,,,-16.6625,,,,-18.688,,,,-18.7664,,,,-19.657,,,,-19.7012,,,,-22.637,,,,-20.29,,,,-21.2694,,,,-19.522,,,,-20.6356,,,,-19.968,,,,-20.5021,,,,-20.102
,,,,-19.867,,,,-17.0967,,,,-18.354,,,,-16.6625,,,,-18.677,,,,-18.7332,,,,-19.634,,,,-19.7012,,,,-22.637,,,,-20.346,,,,-21.3029,,,,-19.534,,,,-20.6356,,,,-19.946,,,,-20.4688,,,,-20.085
,,,,-19.85,,,,-17.0967,,,,-18.332,,,,-16.6291,,,,-18.666,,,,-18.7664,,,,-19.657,,,,-19.7012,,,,-22.6036,,,,-20.323,,,,-21.2694,,,,-19.5,,,,-20.6022,,,,-19.957,,,,-20.5021,,,,-20.102
,,,,-19.817,,,,-17.0634,,,,-18.321,,,,-16.6625,,,,-18.677,,,,-18.7332,,,,-19.623,,,,-19.6679,,,,-22.5703,,,,-20.29,,,,-21.2361,,,,-19.511,,,,-20.6356,,,,-19.946,,,,-20.4688,,,,-20.068
,,,,-19.834,,,,-17.0967,,,,-18.343,,,,-16.6625,,,,-18.666,,,,-18.7332,,,,-19.623,,,,-19.7012,,,,-22.5703,,,,-20.312,,,,-21.2694,,,,-19.511,,,,-20.6022,,,,-19.924,,,,-20.4353,,,,-20.068
,,,,-19.767,,,,-17.03,,,,-18.321,,,,-16.696,,,,-18.688,,,,-18.7664,,,,-19.612,,,,-19.6345,,,,-22.5036,,,,-20.257,,,,-21.2361,,,,-19.511,,,,-20.6022,,,,-19.935,,,,-20.4353,,,,-20.035
,,,,-19.767,,,,-16.9966,,,,-18.287,,,,-16.6625,,,,-18.666,,,,-18.7332,,,,-19.601,,,,-19.6345,,,,-22.5369,,,,-20.245,,,,-21.2028,,,,-19.489,,,,-20.6022,,,,-19.924,,,,-20.4353,,,,-20.035
,,,,-19.8,,,,-17.0967,,,,-18.31,,,,-16.6291,,,,-18.655,,,,-18.7332,,,,-19.59,,,,-19.6345,,,,-22.5036,,,,-20.268,,,,-21.2028,,,,-19.478,,,,-20.6022,,,,-19.912,,,,-20.4021,,,,-20.018
,,,,-19.767,,,,-17.03,,,,-18.298,,,,-16.6625,,,,-18.655,,,,-18.7332,,,,-19.612,,,,-19.6345,,,,-22.5036,,,,-20.245,,,,-21.2028,,,,-19.478,,,,-20.5689,,,,-19.924,,,,-20.4688,,,,-20.052
,,,,-19.75,,,,-17.03,,,,-18.276,,,,-16.6291,,,,-18.644,,,,-18.7332,,,,-19.59,,,,-19.6345,,,,-22.4703,,,,-20.223,,,,-21.1694,,,,-19.456,,,,-20.5689,,,,-19.901,,,,-20.4021,,,,-20.018
,,,,-19.767,,,,-17.03,,,,-18.265,,,,-16.5956,,,,-18.633,,,,-18.6998,,,,-19.59,,,,-19.6345,,,,-22.5036,,,,-20.234,,,,-21.1694,,,,-19.456,,,,-20.6022,,,,-19.912,,,,-20.4353,,,,-20.035
,,,,-19.75,,,,-17.03,,,,-18.265,,,,-16.5956,,,,-18.633,,,,-18.6998,,,,-19.568,,,,-19.601,,,,-22.4703,,,,-20.223,,,,-21.1694,,,,-19.456,,,,-20.6022,,,,-19.901,,,,-20.4021,,,,-20.002
,,,,-19.733,,,,-17.03,,,,-18.287,,,,-16.6625,,,,-18.644,,,,-18.6998,,,,-19.556,,,,-19.601,,,,-22.4369,,,,-20.212,,,,-21.1694,,,,-19.467,,,,-20.5689,,,,-19.879,,,,-20.3687,,,,-19.985
,,,,-19.75,,,,-17.0634,,,,-18.276,,,,-16.6291,,,,-18.655,,,,-18.7332,,,,-19.579,,,,-19.601,,,,-22.4369,,,,-20.212,,,,-21.136,,,,-19.456,,,,-20.6022,,,,-19.912,,,,-20.4021,,,,-20.002
,,,,-19.75,,,,-17.0634,,,,-18.276,,,,-16.6625,,,,-18.644,,,,-18.6998,,,,-19.556,,,,-19.601,,,,-22.4369,,,,-20.201,,,,-21.1026,,,,-19.445,,,,-20.5689,,,,-19.879,,,,-20.3687,,,,-19.985
,,,,-19.717,,,,-17.03,,,,-18.254,,,,-16.6291,,,,-18.644,,,,-18.7332,,,,-19.568,,,,-19.601,,,,-22.4036,,,,-20.179,,,,-21.1026,,,,-19.434,,,,-20.5689,,,,-19.89,,,,-20.3687,,,,-19.985
,,,,-19.733,,,,-17.0967,,,,-18.265,,,,-16.5956,,,,-18.621,,,,-18.6998,,,,-19.545,,,,-19.5677,,,,-22.3702,,,,-20.19,,,,-21.1026,,,,-19.422,,,,-20.5689,,,,-19.879,,,,-20.3687,,,,-19.968
,,,,-19.733,,,,-17.0967,,,,-18.276,,,,-16.6291,,,,-18.633,,,,-18.6998,,,,-19.545,,,,-19.5677,,,,-22.3702,,,,-20.19,,,,-21.1026,,,,-19.434,,,,-20.5689,,,,-19.879,,,,-20.3687,,,,-19.968
,,,,-19.733,,,,-17.0967,,,,-18.265,,,,-16.5956,,,,-18.61,,,,-18.6998,,,,-19.523,,,,-19.5343,,,,-22.3702,,,,-20.19,,,,-21.1026,,,,-19.411,,,,-20.5355,,,,-19.857,,,,-20.3353,,,,-19.935
,,,,-19.683,,,,-17.0634,,,,-18.265,,,,-16.6625,,,,-18.644,,,,-18.6998,,,,-19.523,,,,-19.5343,,,,-22.3035,,,,-20.145,,,,-21.0694,,,,-19.434,,,,-20.5689,,,,-19.868,,,,-20.3353,,,,-19.935
,,,,-19.734,,,,-17.1636,,,,-18.287,,,,-16.6291,,,,-18.633,,,,-18.6998,,,,-19.512,,,,-19.5343,,,,-22.3035,,,,-20.179,,,,-21.0694,,,,-19.422,,,,-20.5689,,,,-19.857,,,,-20.3019,,,,-19.918
,,,,-19.7,,,,-17.0967,,,,-18.254,,,,-16.5956,,,,-18.61,,,,-18.6998,,,,-19.523,,,,-19.5343,,,,-22.3035,,,,-20.157,,,,-21.0694,,,,-19.4,,,,-20.5355,,,,-19.857,,,,-20.3353,,,,-19.935
,,,,-19.683,,,,-17.0634,,,,-18.209,,,,-16.5289,,,,-18.566,,,,-18.6664,,,,-19.501,,,,-19.5343,,,,-22.3035,,,,-20.134,,,,-21.036,,,,-19.356,,,,-20.5021,,,,-19.823,,,,-20.3019,,,,-19.918
,,,,-19.7,,,,-17.0967,,,,-18.243,,,,-16.5956,,,,-18.61,,,,-18.6998,,,,-19.512,,,,-19.5343,,,,-22.3035,,,,-20.145,,,,-21.036,,,,-19.389,,,,-20.5355,,,,-19.846,,,,-20.3019,,,,-19.918
,,,,-19.683,,,,-17.0967,,,,-18.232,,,,-16.5956,,,,-18.599,,,,-18.6664,,,,-19.501,,,,-19.5343,,,,-22.2701,,,,-20.123,,,,-21.0026,,,,-19.378,,,,-20.5355,,,,-19.835,,,,-20.3019,,,,-19.918
,,,,-19.667,,,,-17.0634,,,,-18.232,,,,-16.6291,,,,-18.61,,,,-18.6664,,,,-19.501,,,,-19.5343,,,,-22.2701,,,,-20.112,,,,-21.0026,,,,-19.389,,,,-20.5355,,,,-19.835,,,,-20.3019,,,,-19.918
,,,,-19.667,,,,-17.0967,,,,-18.221,,,,-16.5956,,,,-18.599,,,,-18.6664,,,,-19.49,,,,-19.5009,,,,-22.2368,,,,-20.101,,,,-20.9693,,,,-19.367,,,,-20.5355,,,,-19.835,,,,-20.3019,,,,-19.901
,,,,-19.667,,,,-17.0967,,,,-18.232,,,,-16.5956,,,,-18.599,,,,-18.6664,,,,-19.479,,,,-19.5009,,,,-22.2368,,,,-20.112,,,,-21.0026,,,,-19.378,,,,-20.5355,,,,-19.823,,,,-20.2685,,,,-19.885
,,,,-19.65,,,,-17.0634,,,,-18.243,,,,-16.6625,,,,-18.621,,,,-18.6664,,,,-19.479,,,,-19.5009,,,,-22.2368,,,,-20.101,,,,-21.0026,,,,-19.4,,,,-20.5355,,,,-19.823,,,,-20.2685,,,,-19.885
,,,,-19.633,,,,-17.0634,,,,-18.221,,,,-16.5956,,,,-18.577,,,,-18.633,,,,-19.467,,,,-19.5009,,,,-22.2034,,,,-20.09,,,,-21.0026,,,,-19.367,,,,-20.5021,,,,-19.801,,,,-20.2685,,,,-19.885
,,,,-19.633,,,,-17.0967,,,,-18.221,,,,-16.5956,,,,-18.588,,,,-18.6664,,,,-19.479,,,,-19.5009,,,,-22.1701,,,,-20.079,,,,-20.9693,,,,-19.356,,,,-20.5021,,,,-19.812,,,,-20.2685,,,,-19.885
,,,,-19.667,,,,-17.1302,,,,-18.232,,,,-16.6291,,,,-18.61,,,,-18.6664,,,,-19.467,,,,-19.5009,,,,-22.2034,,,,-20.09,,,,-20.9358,,,,-19.367,,,,-20.5355,,,,-19.812,,,,-20.2352,,,,-19.868
,,,,-19.633,,,,-17.0967,,,,-18.221,,,,-16.6291,,,,-18.599,,,,-18.6664,,,,-19.456,,,,-19.4675,,,,-22.1701,,,,-20.068,,,,-20.9358,,,,-19.356,,,,-20.5021,,,,-19.801,,,,-20.2352,,,,-19.851
,,,,-19.617,,,,-17.0634,,,,-18.187,,,,-16.5623,,,,-18.566,,,,-18.6664,,,,-19.456,,,,-19.4675,,,,-22.1701,,,,-20.056,,,,-20.9358,,,,-19.322,,,,-20.4688,,,,-19.79,,,,-20.2352,,,,-19.851
,,,,-19.583,,,,-17.03,,,,-18.187,,,,-16.5956,,,,-18.588,,,,-18.6664,,,,-19.445,,,,-19.4675,,,,-22.1368,,,,-20.034,,,,-20.9358,,,,-19.344,,,,-20.5021,,,,-19.79,,,,-20.2018,,,,-19.835
,,,,-19.617,,,,-17.0967,,,,-18.176,,,,-16.5289,,,,-18.566,,,,-18.6664,,,,-19.445,,,,-19.4675,,,,-22.1368,,,,-20.045,,,,-20.9025,,,,-19.311,,,,-20.5021,,,,-19.79,,,,-20.2018,,,,-19.835
,,,,-19.65,,,,-17.1636,,,,-18.232,,,,-16.5956,,,,-18.577,,,,-18.633,,,,-19.445,,,,-19.4675,,,,-22.1368,,,,-20.079,,,,-20.9358,,,,-19.344,,,,-20.5021,,,,-19.79,,,,-20.2352,,,,-19.851
,,,,-19.617,,,,-17.1302,,,,-18.232,,,,-16.6291,,,,-18.577,,,,-18.633,,,,-19.445,,,,-19.4675,,,,-22.1034,,,,-20.056,,,,-20.9358,,,,-19.345,,,,-20.4688,,,,-19.779,,,,-20.2352,,,,-19.851
,,,,-19.567,,,,-17.03,,,,-18.176,,,,-16.5956,,,,-18.577,,,,-18.633,,,,-19.423,,,,-19.4341,,,,-22.1034,,,,-20.012,,,,-20.9025,,,,-19.333,,,,-20.5021,,,,-19.779,,,,-20.2018,,,,-19.818
,,,,-19.617,,,,-17.1302,,,,-18.221,,,,-16.6291,,,,-18.577,,,,-18.633,,,,-19.434,,,,-19.4675,,,,-22.1034,,,,-20.045,,,,-20.9025,,,,-19.333,,,,-20.4688,,,,-19.768,,,,-20.2018,,,,-19.835
,,,,-19.567,,,,-17.0634,,,,-18.187,,,,-16.5623,,,,-18.544,,,,-18.5995,,,,-19.412,,,,-19.4341,,,,-22.0701,,,,-20.023,,,,-20.9358,,,,-19.322,,,,-20.4688,,,,-19.757,,,,-20.2018,,,,-19.818
,,,,-19.533,,,,-17.03,,,,-18.165,,,,-16.5956,,,,-18.566,,,,-18.633,,,,-19.412,,,,-19.4341,,,,-22.0367,,,,-19.979,,,,-20.8692,,,,-19.311,,,,-20.4688,,,,-19.757,,,,-20.1684,,,,-19.801
,,,,-19.567,,,,-17.0967,,,,-18.209,,,,-16.6291,,,,-18.566,,,,-18.5995,,,,-19.401,,,,-19.4341,,,,-22.0367,,,,-20.012,,,,-20.9025,,,,-19.333,,,,-20.4688,,,,-19.746,,,,-20.1684,,,,-19.801
,,,,-19.6,,,,-17.1636,,,,-18.221,,,,-16.6291,,,,-18.566,,,,-18.5995,,,,-19.401,,,,-19.4341,,,,-22.0367,,,,-20.023,,,,-20.8692,,,,-19.322,,,,-20.4688,,,,-19.746,,,,-20.1684,,,,-19.801
,,,,-19.567,,,,-17.1636,,,,-18.221,,,,-16.6291,,,,-18.555,,,,-18.5995,,,,-19.401,,,,-19.4341,,,,-21.97,,,,-20.001,,,,-20.8692,,,,-19.311,,,,-20.4353,,,,-19.734,,,,-20.1684,,,,-19.801
,,,,-19.567,,,,-17.1302,,,,-18.198,,,,-16.6291,,,,-18.577,,,,-18.633,,,,-19.39,,,,-19.4008,,,,-22.0034,,,,-19.99,,,,-20.8358,,,,-19.311,,,,-20.4688,,,,-19.746,,,,-20.135,,,,-19.768
,,,,-19.55,,,,-17.1302,,,,-18.176,,,,-16.5623,,,,-18.544,,,,-18.5995,,,,-19.378,,,,-19.4008,,,,-21.97,,,,-19.979,,,,-20.8358,,,,-19.289,,,,-20.4688,,,,-19.734,,,,-20.135,,,,-19.768
,,,,-19.567,,,,-17.1636,,,,-18.21,,,,-16.6291,,,,-18.555,,,,-18.5995,,,,-19.401,,,,-19.4341,,,,-21.97,,,,-19.99,,,,-20.8358,,,,-19.3,,,,-20.4353,,,,-19.734,,,,-20.1684,,,,-19.801
,,,,-19.584,,,,-17.197,,,,-18.209,,,,-16.5956,,,,-18.543,,,,-18.5995,,,,-19.378,,,,-19.4008,,,,-21.97,,,,-20.001,,,,-20.8358,,,,-19.289,,,,-20.4353,,,,-19.723,,,,-20.135,,,,-19.768
,,,,-19.517,,,,-17.0967,,,,-18.165,,,,-16.5956,,,,-18.532,,,,-18.5662,,,,-19.367,,,,-19.4008,,,,-21.9366,,,,-19.945,,,,-20.8024,,,,-19.278,,,,-20.4353,,,,-19.712,,,,-20.135,,,,-19.768
,,,,-19.517,,,,-17.0967,,,,-18.154,,,,-16.5623,,,,-18.532,,,,-18.5995,,,,-19.378,,,,-19.4008,,,,-21.9366,,,,-19.945,,,,-20.8024,,,,-19.267,,,,-20.4353,,,,-19.723,,,,-20.135,,,,-19.768
,,,,-19.55,,,,-17.197,,,,-18.21,,,,-16.6291,,,,-18.555,,,,-18.5995,,,,-19.378,,,,-19.4341,,,,-21.9033,,,,-19.968,,,,-20.8024,,,,-19.289,,,,-20.4353,,,,-19.712,,,,-20.1016,,,,-19.768
,,,,-19.55,,,,-17.197,,,,-18.21,,,,-16.6291,,,,-18.544,,,,-18.5662,,,,-19.345,,,,-19.3675,,,,-21.9033,,,,-19.968,,,,-20.8024,,,,-19.289,,,,-20.4353,,,,-19.701,,,,-20.1016,,,,-19.735
,,,,-19.517,,,,-17.1302,,,,-18.198,,,,-16.6625,,,,-18.566,,,,-18.5995,,,,-19.356,,,,-19.3675,,,,-21.9033,,,,-19.945,,,,-20.8024,,,,-19.3,,,,-20.4353,,,,-19.712,,,,-20.1016,,,,-19.735
,,,,-19.533,,,,-17.197,,,,-18.176,,,,-16.5623,,,,-18.532,,,,-18.5995,,,,-19.367,,,,-19.4008,,,,-21.8699,,,,-19.945,,,,-20.769,,,,-19.256,,,,-20.4353,,,,-19.712,,,,-20.1016,,,,-19.751
,,,,-19.483,,,,-17.0967,,,,-18.154,,,,-16.5956,,,,-18.521,,,,-18.5662,,,,-19.345,,,,-19.4008,,,,-21.8699,,,,-19.912,,,,-20.769,,,,-19.256,,,,-20.4021,,,,-19.679,,,,-20.0684,,,,-19.735
,,,,-19.483,,,,-17.1302,,,,-18.176,,,,-16.6291,,,,-18.532,,,,-18.5662,,,,-19.356,,,,-19.4008,,,,-21.8366,,,,-19.912,,,,-20.769,,,,-19.267,,,,-20.4021,,,,-19.69,,,,-20.1016,,,,-19.751
,,,,-19.483,,,,-17.1302,,,,-18.176,,,,-16.6291,,,,-18.532,,,,-18.5662,,,,-19.356,,,,-19.4008,,,,-21.8366,,,,-19.912,,,,-20.769,,,,-19.267,,,,-20.4021,,,,-19.69,,,,-20.1016,,,,-19.751
,,,,-19.483,,,,-17.1302,,,,-18.165,,,,-16.6291,,,,-18.544,,,,-18.5662,,,,-19.345,,,,-19.3675,,,,-21.8366,,,,-19.901,,,,-20.7357,,,,-19.267,,,,-20.4353,,,,-19.701,,,,-20.1016,,,,-19.735
,,,,-19.534,,,,-17.2304,,,,-18.198,,,,-16.6291,,,,-18.521,,,,-18.5662,,,,-19.334,,,,-19.3675,,,,-21.8366,,,,-19.934,,,,-20.7357,,,,-19.244,,,,-20.3687,,,,-19.668,,,,-20.0684,,,,-19.718
,,,,-19.467,,,,-17.1302,,,,-18.165,,,,-16.6291,,,,-18.532,,,,-18.5662,,,,-19.345,,,,-19.4008,,,,-21.8032,,,,-19.89,,,,-20.7357,,,,-19.256,,,,-20.4021,,,,-19.679,,,,-20.0684,,,,-19.735
,,,,-19.483,,,,-17.197,,,,-18.176,,,,-16.6291,,,,-18.532,,,,-18.5662,,,,-19.334,,,,-19.3675,,,,-21.7698,,,,-19.89,,,,-20.7024,,,,-19.245,,,,-20.4021,,,,-19.679,,,,-20.0684,,,,-19.718
,,,,-19.467,,,,-17.1302,,,,-18.154,,,,-16.6291,,,,-18.51,,,,-18.5328,,,,-19.323,,,,-19.3675,,,,-21.8032,,,,-19.879,,,,-20.7024,,,,-19.233,,,,-20.3687,,,,-19.657,,,,-20.0684,,,,-19.718
,,,,-19.467,,,,-17.1636,,,,-18.165,,,,-16.5956,,,,-18.51,,,,-18.5662,,,,-19.334,,,,-19.3675,,,,-21.7698,,,,-19.89,,,,-20.7357,,,,-19.233,,,,-20.3687,,,,-19.668,,,,-20.0684,,,,-19.718
,,,,-19.467,,,,-17.1636,,,,-18.176,,,,-16.6625,,,,-18.532,,,,-18.5328,,,,-19.323,,,,-19.3675,,,,-21.7698,,,,-19.879,,,,-20.7024,,,,-19.256,,,,-20.4021,,,,-19.668,,,,-20.0684,,,,-19.718
,,,,-19.483,,,,-17.197,,,,-18.176,,,,-16.6291,,,,-18.521,,,,-18.5662,,,,-19.312,,,,-19.3341,,,,-21.7698,,,,-19.89,,,,-20.7024,,,,-19.233,,,,-20.3687,,,,-19.657,,,,-20.035,,,,-19.685
,,,,-19.467,,,,-17.197,,,,-18.176,,,,-16.6625,,,,-18.532,,,,-18.5662,,,,-19.323,,,,-19.3341,,,,-21.7365,,,,-19.868,,,,-20.669,,,,-19.233,,,,-20.3687,,,,-19.668,,,,-20.0684,,,,-19.701
,,,,-19.433,,,,-17.1302,,,,-18.143,,,,-16.6291,,,,-18.51,,,,-18.5328,,,,-19.301,,,,-19.3341,,,,-21.7365,,,,-19.845,,,,-20.669,,,,-19.222,,,,-20.3687,,,,-19.646,,,,-20.035,,,,-19.685
,,,,-19.433,,,,-17.1636,,,,-18.165,,,,-16.6625,,,,-18.521,,,,-18.5328,,,,-19.301,,,,-19.3341,,,,-21.7032,,,,-19.845,,,,-20.669,,,,-19.233,,,,-20.3687,,,,-19.646,,,,-20.035,,,,-19.685
,,,,-19.4,,,,-17.0967,,,,-18.143,,,,-16.6625,,,,-18.521,,,,-18.5328,,,,-19.301,,,,-19.3341,,,,-21.7032,,,,-19.823,,,,-20.669,,,,-19.233,,,,-20.3687,,,,-19.646,,,,-20.035,,,,-19.685
,,,,-19.433,,,,-17.1636,,,,-18.143,,,,-16.5956,,,,-18.499,,,,-18.5328,,,,-19.301,,,,-19.3341,,,,-21.7032,,,,-19.845,,,,-20.669,,,,-19.211,,,,-20.3687,,,,-19.646,,,,-20.035,,,,-19.685
,,,,-19.417,,,,-17.1636,,,,-18.132,,,,-16.5956,,,,-18.499,,,,-18.5328,,,,-19.301,,,,-19.3341,,,,-21.6698,,,,-19.823,,,,-20.6356,,,,-19.2,,,,-20.3687,,,,-19.646,,,,-20.035,,,,-19.685
,,,,-19.45,,,,-17.2304,,,,-18.165,,,,-16.6291,,,,-18.51,,,,-18.5328,,,,-19.301,,,,-19.3341,,,,-21.6698,,,,-19.845,,,,-20.6356,,,,-19.211,,,,-20.3687,,,,-19.646,,,,-20.035,,,,-19.685
,,,,-19.4,,,,-17.1636,,,,-18.143,,,,-16.6291,,,,-18.51,,,,-18.5328,,,,-19.29,,,,-19.3341,,,,-21.6365,,,,-19.812,,,,-20.6356,,,,-19.211,,,,-20.3687,,,,-19.634,,,,-20.0016,,,,-19.668
,,,,-19.433,,,,-17.197,,,,-18.154,,,,-16.5956,,,,-18.499,,,,-18.5328,,,,-19.301,,,,-19.3341,,,,-21.6698,,,,-19.845,,,,-20.669,,,,-19.211,,,,-20.3687,,,,-19.646,,,,-20.035,,,,-19.685
,,,,-19.433,,,,-17.197,,,,-18.165,,,,-16.6625,,,,-18.51,,,,-18.5328,,,,-19.29,,,,-19.3341,,,,-21.6698,,,,-19.834,,,,-20.6356,,,,-19.211,,,,-20.3353,,,,-19.623,,,,-20.0016,,,,-19.668
,,,,-19.433,,,,-17.2304,,,,-18.165,,,,-16.6291,,,,-18.488,,,,-18.4994,,,,-19.278,,,,-19.3341,,,,-21.6365,,,,-19.834,,,,-20.6356,,,,-19.2,,,,-20.3353,,,,-19.612,,,,-20.0016,,,,-19.668
,,,,-19.417,,,,-17.197,,,,-18.165,,,,-16.6625,,,,-18.499,,,,-18.4994,,,,-19.278,,,,-19.3341,,,,-21.6365,,,,-19.823,,,,-20.6356,,,,-19.211,,,,-20.3353,,,,-19.612,,,,-20.0016,,,,-19.668
,,,,-19.417,,,,-17.2304,,,,-18.165,,,,-16.6291,,,,-18.488,,,,-18.4994,,,,-19.267,,,,-19.3007,,,,-21.603,,,,-19.823,,,,-20.6356,,,,-19.2,,,,-20.3353,,,,-19.612,,,,-20.0016,,,,-19.651
,,,,-19.433,,,,-17.2637,,,,-18.165,,,,-16.6291,,,,-18.488,,,,-18.4994,,,,-19.278,,,,-19.3341,,,,-21.603,,,,-19.823,,,,-20.6022,,,,-19.189,,,,-20.3353,,,,-19.612,,,,-20.0016,,,,-19.668
,,,,-19.383,,,,-17.197,,,,-18.143,,,,-16.6291,,,,-18.477,,,,-18.4994,,,,-19.278,,,,-19.3341,,,,-21.5697,,,,-19.79,,,,-20.6022,,,,-19.178,,,,-20.3019,,,,-19.601,,,,-20.0016,,,,-19.668
,,,,-19.4,,,,-17.197,,,,-18.165,,,,-16.6625,,,,-18.499,,,,-18.4994,,,,-19.256,,,,-19.3007,,,,-21.603,,,,-19.812,,,,-20.6356,,,,-19.211,,,,-20.3353,,,,-19.601,,,,-19.9682,,,,-19.634
,,,,-19.4,,,,-17.2304,,,,-18.154,,,,-16.6291,,,,-18.477,,,,-18.4994,,,,-19.267,,,,-19.3007,,,,-21.5697,,,,-19.801,,,,-20.6022,,,,-19.178,,,,-20.3019,,,,-19.601,,,,-20.0016,,,,-19.651
,,,,-19.367,,,,-17.197,,,,-18.132,,,,-16.6291,,,,-18.466,,,,-18.466,,,,-19.256,,,,-19.3007,,,,-21.5364,,,,-19.767,,,,-20.5689,,,,-19.167,,,,-20.3019,,,,-19.59,,,,-20.0016,,,,-19.651
,,,,-19.4,,,,-17.2637,,,,-18.176,,,,-16.6625,,,,-18.499,,,,-18.5328,,,,-19.267,,,,-19.3007,,,,-21.5364,,,,-19.801,,,,-20.6022,,,,-19.189,,,,-20.3019,,,,-19.601,,,,-19.9682,,,,-19.634
,,,,-19.383,,,,-17.2304,,,,-18.165,,,,-16.6625,,,,-18.488,,,,-18.4994,,,,-19.267,,,,-19.3341,,,,-21.5364,,,,-19.79,,,,-20.6022,,,,-19.189,,,,-20.3019,,,,-19.59,,,,-19.9682,,,,-19.651
,,,,-19.4,,,,-17.2637,,,,-18.165,,,,-16.6625,,,,-18.488,,,,-18.4994,,,,-19.256,,,,-19.3007,,,,-21.5364,,,,-19.79,,,,-20.5689,,,,-19.178,,,,-20.3019,,,,-19.59,,,,-19.9682,,,,-19.634
,,,,-19.367,,,,-17.197,,,,-18.143,,,,-16.6625,,,,-18.499,,,,-18.4994,,,,-19.256,,,,-19.3007,,,,-21.5364,,,,-19.767,,,,-20.5689,,,,-19.189,,,,-20.3353,,,,-19.601,,,,-19.9682,,,,-19.634
,,,,-19.383,,,,-17.2637,,,,-18.176,,,,-16.696,,,,-18.51,,,,-18.5328,,,,-19.267,,,,-19.3007,,,,-21.503,,,,-19.779,,,,-20.5689,,,,-19.189,,,,-20.3019,,,,-19.601,,,,-19.9682,,,,-19.634
,,,,-19.367,,,,-17.2304,,,,-18.154,,,,-16.6625,,,,-18.477,,,,-18.4994,,,,-19.245,,,,-19.2672,,,,-21.503,,,,-19.767,,,,-20.5689,,,,-19.167,,,,-20.2685,,,,-19.579,,,,-19.9682,,,,-19.618
,,,,-19.367,,,,-17.2637,,,,-18.176,,,,-16.696,,,,-18.499,,,,-18.4994,,,,-19.245,,,,-19.3007,,,,-21.4697,,,,-19.767,,,,-20.5689,,,,-19.189,,,,-20.3019,,,,-19.579,,,,-19.9348,,,,-19.618
,,,,-19.367,,,,-17.2304,,,,-18.143,,,,-16.6625,,,,-18.488,,,,-18.4994,,,,-19.245,,,,-19.3007,,,,-21.503,,,,-19.756,,,,-20.5355,,,,-19.167,,,,-20.3019,,,,-19.579,,,,-19.9348,,,,-19.618
,,,,-19.367,,,,-17.2637,,,,-18.154,,,,-16.6625,,,,-18.488,,,,-18.4994,,,,-19.245,,,,-19.3007,,,,-21.4697,,,,-19.756,,,,-20.5355,,,,-19.167,,,,-20.3019,,,,-19.579,,,,-19.9348,,,,-19.618
,,,,-19.35,,,,-17.2304,,,,-18.143,,,,-16.6625,,,,-18.488,,,,-18.466,,,,-19.245,,,,-19.3007,,,,-21.4697,,,,-19.745,,,,-20.5355,,,,-19.178,,,,-20.3353,,,,-19.59,,,,-19.9682,,,,-19.634
,,,,-19.367,,,,-17.2637,,,,-18.143,,,,-16.6625,,,,-18.477,,,,-18.4994,,,,-19.245,,,,-19.3007,,,,-21.4697,,,,-19.745,,,,-20.5021,,,,-19.144,,,,-20.2685,,,,-19.568,,,,-19.9348,,,,-19.618
,,,,-19.333,,,,-17.2304,,,,-18.154,,,,-16.696,,,,-18.477,,,,-18.466,,,,-19.223,,,,-19.2672,,,,-21.4362,,,,-19.734,,,,-20.5355,,,,-19.167,,,,-20.2685,,,,-19.556,,,,-19.9348,,,,-19.601
,,,,-19.383,,,,-17.3306,,,,-18.165,,,,-16.6625,,,,-18.466,,,,-18.466,,,,-19.223,,,,-19.2672,,,,-21.4362,,,,-19.756,,,,-20.5021,,,,-19.144,,,,-20.2685,,,,-19.556,,,,-19.9348,,,,-19.601
,,,,-19.333,,,,-17.2304,,,,-18.143,,,,-16.696,,,,-18.477,,,,-18.466,,,,-19.212,,,,-19.2672,,,,-21.4362,,,,-19.723,,,,-20.5021,,,,-19.156,,,,-20.2685,,,,-19.545,,,,-19.9015,,,,-19.584
,,,,-19.367,,,,-17.3306,,,,-18.176,,,,-16.696,,,,-18.488,,,,-18.466,,,,-19.212,,,,-19.2672,,,,-21.403,,,,-19.745,,,,-20.5021,,,,-19.167,,,,-20.3019,,,,-19.556,,,,-19.9015,,,,-19.584
,,,,-19.35,,,,-17.2972,,,,-18.176,,,,-16.7293,,,,-18.488,,,,-18.466,,,,-19.223,,,,-19.2672,,,,-21.403,,,,-19.734,,,,-20.5021,,,,-19.167,,,,-20.2685,,,,-19.556,,,,-19.9348,,,,-19.601
,,,,-19.35,,,,-17.2972,,,,-18.165,,,,-16.696,,,,-18.477,,,,-18.4994,,,,-19.234,,,,-19.2672,,,,-21.403,,,,-19.734,,,,-20.5021,,,,-19.144,,,,-20.2352,,,,-19.556,,,,-19.9348,,,,-19.601
,,,,-19.35,,,,-17.2972,,,,-18.165,,,,-16.7293,,,,-18.488,,,,-18.466,,,,-19.234,,,,-19.3007,,,,-21.403,,,,-19.723,,,,-20.4688,,,,-19.156,,,,-20.2685,,,,-19.556,,,,-19.9348,,,,-19.618
,,,,-19.367,,,,-17.3306,,,,-18.165,,,,-16.6291,,,,-18.455,,,,-18.466,,,,-19.223,,,,-19.2672,,,,-21.403,,,,-19.756,,,,-20.5355,,,,-19.144,,,,-20.2685,,,,-19.556,,,,-19.9348,,,,-19.601
,,,,-19.35,,,,-17.2637,,,,-18.165,,,,-16.696,,,,-18.466,,,,-18.466,,,,-19.234,,,,-19.3007,,,,-21.4362,,,,-19.745,,,,-20.5355,,,,-19.156,,,,-20.2352,,,,-19.545,,,,-19.9348,,,,-19.618
,,,,-19.4,,,,-17.364,,,,-18.221,,,,-16.7293,,,,-18.488,,,,-18.466,,,,-19.234,,,,-19.2672,,,,-21.4362,,,,-19.79,,,,-20.5689,,,,-19.189,,,,-20.2685,,,,-19.568,,,,-19.9682,,,,-19.618
,,,,-19.417,,,,-17.3306,,,,-18.254,,,,-16.7961,,,,-18.521,,,,-18.466,,,,-19.256,,,,-19.3007,,,,-21.503,,,,-19.823,,,,-20.6356,,,,-19.245,,,,-20.3019,,,,-19.59,,,,-20.0016,,,,-19.651
,,,,-19.417,,,,-17.2972,,,,-18.232,,,,-16.7293,,,,-18.488,,,,-18.466,,,,-19.256,,,,-19.3007,,,,-21.5364,,,,-19.834,,,,-20.669,,,,-19.222,,,,-20.2685,,,,-19.579,,,,-20.0016,,,,-19.651
,,,,-19.45,,,,-17.2972,,,,-18.276,,,,-16.7961,,,,-18.51,,,,-18.466,,,,-19.278,,,,-19.3007,,,,-21.603,,,,-19.879,,,,-20.7357,,,,-19.267,,,,-20.2685,,,,-19.601,,,,-20.0684,,,,-19.685
,,,,-19.5,,,,-17.364,,,,-18.276,,,,-16.7293,,,,-18.499,,,,-18.466,,,,-19.29,,,,-19.3341,,,,-21.6365,,,,-19.912,,,,-20.7357,,,,-19.256,,,,-20.3019,,,,-19.612,,,,-20.0684,,,,-19.701
,,,,-19.467,,,,-17.2972,,,,-18.276,,,,-16.7627,,,,-18.532,,,,-18.4994,,,,-19.312,,,,-19.3341,,,,-21.6365,,,,-19.901,,,,-20.769,,,,-19.289,,,,-20.3353,,,,-19.645,,,,-20.1016,,,,-19.718
,,,,-19.534,,,,-17.3974,,,,-18.321,,,,-16.7627,,,,-18.532,,,,-18.4994,,,,-19.334,,,,-19.3675,,,,-21.6698,,,,-19.957,,,,-20.8024,,,,-19.3,,,,-20.3353,,,,-19.657,,,,-20.135,,,,-19.751
,,,,-19.55,,,,-17.3974,,,,-18.354,,,,-16.8296,,,,-18.555,,,,-18.4994,,,,-19.345,,,,-19.3675,,,,-21.7032,,,,-19.979,,,,-20.8358,,,,-19.334,,,,-20.3353,,,,-19.668,,,,-20.1684,,,,-19.768
,,,,-19.584,,,,-17.4307,,,,-18.376,,,,-16.863,,,,-18.566,,,,-18.4994,,,,-19.356,,,,-19.3675,,,,-21.7365,,,,-20.001,,,,-20.8358,,,,-19.345,,,,-20.3353,,,,-19.679,,,,-20.2018,,,,-19.785
,,,,-19.634,,,,-17.4642,,,,-18.399,,,,-16.863,,,,-18.577,,,,-18.4994,,,,-19.367,,,,-19.4008,,,,-21.8032,,,,-20.046,,,,-20.8692,,,,-19.367,,,,-20.3687,,,,-19.69,,,,-20.2018,,,,-19.801
,,,,-19.617,,,,-17.4307,,,,-18.41,,,,-16.8964,,,,-18.599,,,,-18.5328,,,,-19.378,,,,-19.3675,,,,-21.8032,,,,-20.045,,,,-20.9025,,,,-19.389,,,,-20.3687,,,,-19.712,,,,-20.2352,,,,-19.801
,,,,-19.65,,,,-17.4307,,,,-18.421,,,,-16.8964,,,,-18.61,,,,-18.5328,,,,-19.39,,,,-19.4008,,,,-21.8699,,,,-20.079,,,,-20.9358,,,,-19.411,,,,-20.4021,,,,-19.723,,,,-20.2352,,,,-19.818
,,,,-19.684,,,,-17.4642,,,,-18.466,,,,-16.9297,,,,-18.633,,,,-18.5328,,,,-19.423,,,,-19.4341,,,,-21.9033,,,,-20.123,,,,-21.0026,,,,-19.456,,,,-20.4353,,,,-19.757,,,,-20.3019,,,,-19.868
,,,,-19.684,,,,-17.4642,,,,-18.477,,,,-16.9632,,,,-18.644,,,,-18.5328,,,,-19.434,,,,-19.4341,,,,-21.9033,,,,-20.123,,,,-21.0026,,,,-19.467,,,,-20.4353,,,,-19.768,,,,-20.3353,,,,-19.885
,,,,-19.717,,,,-17.4976,,,,-18.51,,,,-16.9966,,,,-18.677,,,,-18.5662,,,,-19.467,,,,-19.4675,,,,-21.9366,,,,-20.157,,,,-21.036,,,,-19.5,,,,-20.4688,,,,-19.801,,,,-20.3687,,,,-19.918
,,,,-19.734,,,,-17.4642,,,,-18.521,,,,-17.03,,,,-18.688,,,,-18.5662,,,,-19.467,,,,-19.4341,,,,-22.0034,,,,-20.179,,,,-21.0694,,,,-19.523,,,,-20.4688,,,,-19.812,,,,-20.4021,,,,-19.918
,,,,-19.75,,,,-17.4976,,,,-18.532,,,,-16.9966,,,,-18.688,,,,-18.5995,,,,-19.501,,,,-19.4675,,,,-22.0034,,,,-20.201,,,,-21.1026,,,,-19.523,,,,-20.4688,,,,-19.835,,,,-20.4353,,,,-19.951
,,,,-19.784,,,,-17.4976,,,,-18.543,,,,-16.9966,,,,-18.688,,,,-18.5995,,,,-19.512,,,,-19.5009,,,,-22.0701,,,,-20.235,,,,-21.136,,,,-19.534,,,,-20.4688,,,,-19.835,,,,-20.4353,,,,-19.968
,,,,-19.801,,,,-17.5644,,,,-18.599,,,,-17.0634,,,,-18.711,,,,-18.5995,,,,-19.523,,,,-19.5009,,,,-22.0367,,,,-20.257,,,,-21.1694,,,,-19.567,,,,-20.4688,,,,-19.846,,,,-20.4688,,,,-19.985
,,,,-19.817,,,,-17.5644,,,,-18.61,,,,-17.0967,,,,-18.744,,,,-18.633,,,,-19.556,,,,-19.5343,,,,-22.0701,,,,-20.268,,,,-21.1694,,,,-19.589,,,,-20.5021,,,,-19.879,,,,-20.5021,,,,-20.018
,,,,-19.834,,,,-17.5644,,,,-18.61,,,,-17.0634,,,,-18.733,,,,-18.5995,,,,-19.545,,,,-19.5343,,,,-22.1034,,,,-20.29,,,,-21.2028,,,,-19.601,,,,-20.5355,,,,-19.879,,,,-20.5021,,,,-20.018
,,,,-19.901,,,,-17.6312,,,,-18.644,,,,-17.0634,,,,-18.744,,,,-18.633,,,,-19.59,,,,-19.5677,,,,-22.1701,,,,-20.346,,,,-21.2361,,,,-19.612,,,,-20.5355,,,,-19.912,,,,-20.5689,,,,-20.068
,,,,-19.917,,,,-17.6312,,,,-18.677,,,,-17.1302,,,,-18.777,,,,-18.5995,,,,-19.579,,,,-19.5677,,,,-22.2034,,,,-20.368,,,,-21.2694,,,,-19.667,,,,-20.6022,,,,-19.924,,,,-20.5689,,,,-20.068
,,,,-19.951,,,,-17.698,,,,-18.71,,,,-17.1302,,,,-18.777,,,,-18.633,,,,-19.601,,,,-19.5677,,,,-22.2034,,,,-20.401,,,,-21.3029,,,,-19.667,,,,-20.5689,,,,-19.935,,,,-20.6022,,,,-20.085
,,,,-19.934,,,,-17.6312,,,,-18.699,,,,-17.1636,,,,-18.8,,,,-18.6664,,,,-19.634,,,,-19.6345,,,,-22.2368,,,,-20.39,,,,-21.3029,,,,-19.678,,,,-20.5689,,,,-19.946,,,,-20.6022,,,,-20.118
,,,,-19.934,,,,-17.6312,,,,-18.71,,,,-17.1636,,,,-18.8,,,,-18.6664,,,,-19.645,,,,-19.601,,,,-22.2368,,,,-20.401,,,,-21.3363,,,,-19.69,,,,-20.5689,,,,-19.968,,,,-20.669,,,,-20.135
,,,,-19.967,,,,-17.6646,,,,-18.755,,,,-17.2304,,,,-18.833,,,,-18.6664,,,,-19.668,,,,-19.6345,,,,-22.2701,,,,-20.435,,,,-21.3696,,,,-19.734,,,,-20.6022,,,,-19.99,,,,-20.7024,,,,-20.168
,,,,-20.017,,,,-17.7314,,,,-18.777,,,,-17.197,,,,-18.833,,,,-18.6998,,,,-19.69,,,,-19.6679,,,,-22.3035,,,,-20.479,,,,-21.403,,,,-19.734,,,,-20.6022,,,,-20.001,,,,-20.7024,,,,-20.185
,,,,-20.034,,,,-17.7647,,,,-18.799,,,,-17.2304,,,,-18.866,,,,-18.6998,,,,-19.701,,,,-19.6679,,,,-22.3035,,,,-20.49,,,,-21.403,,,,-19.767,,,,-20.669,,,,-20.035,,,,-20.7357,,,,-20.202
,,,,-20.017,,,,-17.698,,,,-18.799,,,,-17.2637,,,,-18.889,,,,-18.7332,,,,-19.712,,,,-19.6679,,,,-22.3369,,,,-20.49,,,,-21.4362,,,,-19.79,,,,-20.669,,,,-20.046,,,,-20.7357,,,,-20.202
,,,,-20.067,,,,-17.7647,,,,-18.822,,,,-17.2637,,,,-18.877,,,,-18.6998,,,,-19.712,,,,-19.6679,,,,-22.3702,,,,-20.524,,,,-21.4362,,,,-19.79,,,,-20.669,,,,-20.046,,,,-20.769,,,,-20.218
,,,,-20.084,,,,-17.7982,,,,-18.855,,,,-17.2972,,,,-18.889,,,,-18.6998,,,,-19.723,,,,-19.7012,,,,-22.3702,,,,-20.546,,,,-21.4697,,,,-19.812,,,,-20.669,,,,-20.046,,,,-20.769,,,,-20.235
,,,,-20.101,,,,-17.7982,,,,-18.855,,,,-17.2972,,,,-18.911,,,,-18.7332,,,,-19.757,,,,-19.7012,,,,-22.4036,,,,-20.557,,,,-21.4697,,,,-19.823,,,,-20.7024,,,,-20.09,,,,-20.8358,,,,-20.268
,,,,-20.051,,,,-17.6646,,,,-18.844,,,,-17.364,,,,-18.933,,,,-18.7332,,,,-19.768,,,,-19.7346,,,,-22.4369,,,,-20.535,,,,-21.503,,,,-19.856,,,,-20.7024,,,,-20.09,,,,-20.8358,,,,-20.285
,,,,-20.118,,,,-17.7982,,,,-18.877,,,,-17.2972,,,,-18.911,,,,-18.7664,,,,-19.801,,,,-19.7679,,,,-22.4369,,,,-20.591,,,,-21.5364,,,,-19.834,,,,-20.669,,,,-20.102,,,,-20.8692,,,,-20.319
,,,,-20.118,,,,-17.7982,,,,-18.888,,,,-17.3306,,,,-18.944,,,,-18.7664,,,,-19.801,,,,-19.7679,,,,-22.4369,,,,-20.591,,,,-21.5364,,,,-19.868,,,,-20.7357,,,,-20.124,,,,-20.8692,,,,-20.319
,,,,-20.134,,,,-17.7982,,,,-18.911,,,,-17.364,,,,-18.944,,,,-18.7664,,,,-19.812,,,,-19.7679,,,,-22.4703,,,,-20.613,,,,-21.5697,,,,-19.879,,,,-20.7024,,,,-20.124,,,,-20.9025,,,,-20.335
,,,,-20.168,,,,-17.865,,,,-18.966,,,,-17.4307,,,,-18.989,,,,-18.7664,,,,-19.823,,,,-19.8013,,,,-22.4703,,,,-20.646,,,,-21.603,,,,-19.934,,,,-20.769,,,,-20.146,,,,-20.9025,,,,-20.352
,,,,-20.151,,,,-17.7982,,,,-18.944,,,,-17.4307,,,,-19.0,,,,-18.7999,,,,-19.846,,,,-19.8013,,,,-22.5036,,,,-20.635,,,,-21.603,,,,-19.934,,,,-20.769,,,,-20.168,,,,-20.9358,,,,-20.369
,,,,-20.168,,,,-17.8316,,,,-18.955,,,,-17.4307,,,,-19.0,,,,-18.7999,,,,-19.857,,,,-19.8013,,,,-22.5036,,,,-20.646,,,,-21.603,,,,-19.934,,,,-20.769,,,,-20.179,,,,-20.9693,,,,-20.385
,,,,-20.201,,,,-17.865,,,,-18.977,,,,-17.4307,,,,-19.0,,,,-18.7999,,,,-19.857,,,,-19.8013,,,,-22.5369,,,,-20.679,,,,-21.6365,,,,-19.945,,,,-20.769,,,,-20.179,,,,-20.9693,,,,-20.385
,,,,-20.218,,,,-17.865,,,,-18.988,,,,-17.4307,,,,-19.011,,,,-18.7999,,,,-19.868,,,,-19.8013,,,,-22.5703,,,,-20.702,,,,-21.6698,,,,-19.968,,,,-20.8024,,,,-20.202,,,,-21.0026,,,,-20.402
,,,,-20.234,,,,-17.8984,,,,-18.989,,,,-17.3974,,,,-19.022,,,,-18.8333,,,,-19.901,,,,-19.8681,,,,-22.5703,,,,-20.713,,,,-21.6698,,,,-19.968,,,,-20.8358,,,,-20.224,,,,-21.0026,,,,-20.435
,,,,-20.234,,,,-17.865,,,,-19.0,,,,-17.4642,,,,-19.033,,,,-18.8333,,,,-19.901,,,,-19.8347,,,,-22.6036,,,,-20.713,,,,-21.6698,,,,-19.979,,,,-20.8024,,,,-20.224,,,,-21.036,,,,-20.435
,,,,-20.251,,,,-17.8984,,,,-19.011,,,,-17.4642,,,,-19.056,,,,-18.8667,,,,-19.924,,,,-19.8681,,,,-22.6036,,,,-20.724,,,,-21.6698,,,,-19.99,,,,-20.8358,,,,-20.246,,,,-21.036,,,,-20.452
,,,,-20.268,,,,-17.8984,,,,-19.022,,,,-17.4642,,,,-19.056,,,,-18.8667,,,,-19.935,,,,-19.8681,,,,-22.637,,,,-20.746,,,,-21.7032,,,,-20.001,,,,-20.8358,,,,-20.257,,,,-21.0694,,,,-20.469
,,,,-20.268,,,,-17.8984,,,,-19.044,,,,-17.4976,,,,-19.078,,,,-18.8667,,,,-19.957,,,,-19.9015,,,,-22.637,,,,-20.757,,,,-21.7365,,,,-20.034,,,,-20.8692,,,,-20.28,,,,-21.1026,,,,-20.502
,,,,-20.301,,,,-17.9317,,,,-19.044,,,,-17.4642,,,,-19.067,,,,-18.8667,,,,-19.946,,,,-19.9015,,,,-22.6703,,,,-20.78,,,,-21.7365,,,,-20.023,,,,-20.8692,,,,-20.268,,,,-21.0694,,,,-20.485
,,,,-20.318,,,,-17.9652,,,,-19.089,,,,-17.531,,,,-19.089,,,,-18.8667,,,,-19.968,,,,-19.9348,,,,-22.6703,,,,-20.802,,,,-21.7698,,,,-20.057,,,,-20.8692,,,,-20.28,,,,-21.1026,,,,-20.519
,,,,-20.334,,,,-17.9652,,,,-19.089,,,,-17.531,,,,-19.1,,,,-18.9001,,,,-19.99,,,,-19.9348,,,,-22.7037,,,,-20.813,,,,-21.7698,,,,-20.057,,,,-20.8692,,,,-20.302,,,,-21.136,,,,-20.535
,,,,-20.334,,,,-17.9652,,,,-19.089,,,,-17.531,,,,-19.122,,,,-18.9334,,,,-20.024,,,,-19.9682,,,,-22.7037,,,,-20.813,,,,-21.7698,,,,-20.068,,,,-20.9025,,,,-20.335,,,,-21.1694,,,,-20.569
,,,,-20.385,,,,-18.0653,,,,-19.144,,,,-17.5644,,,,-19.111,,,,-18.9001,,,,-20.001,,,,-19.9348,,,,-22.7037,,,,-20.857,,,,-21.8032,,,,-20.079,,,,-20.8692,,,,-20.313,,,,-21.1694,,,,-20.552
,,,,-20.351,,,,-17.9652,,,,-19.1,,,,-17.531,,,,-19.111,,,,-18.9001,,,,-20.013,,,,-19.9348,,,,-22.737,,,,-20.835,,,,-21.8032,,,,-20.079,,,,-20.9025,,,,-20.335,,,,-21.2028,,,,-20.569
,,,,-20.384,,,,-17.9986,,,,-19.155,,,,-17.6646,,,,-19.167,,,,-18.9334,,,,-20.035,,,,-19.9682,,,,-22.7703,,,,-20.857,,,,-21.8032,,,,-20.123,,,,-20.9025,,,,-20.346,,,,-21.2028,,,,-20.586
,,,,-20.384,,,,-17.9986,,,,-19.144,,,,-17.5644,,,,-19.122,,,,-18.9001,,,,-20.035,,,,-19.9682,,,,-22.7703,,,,-20.88,,,,-21.8699,,,,-20.112,,,,-20.9025,,,,-20.346,,,,-21.2361,,,,-20.602
,,,,-20.384,,,,-17.9986,,,,-19.155,,,,-17.5977,,,,-19.167,,,,-18.9669,,,,-20.068,,,,-20.0016,,,,-22.7703,,,,-20.88,,,,-21.8699,,,,-20.134,,,,-20.9358,,,,-20.38,,,,-21.2361,,,,-20.619
,,,,-20.401,,,,-18.0653,,,,-19.178,,,,-17.5977,,,,-19.156,,,,-18.9334,,,,-20.068,,,,-20.0016,,,,-22.737,,,,-20.891,,,,-21.8699,,,,-20.134,,,,-20.9358,,,,-20.38,,,,-21.2694,,,,-20.636
,,,,-20.434,,,,-18.0653,,,,-19.189,,,,-17.6312,,,,-19.189,,,,-18.9669,,,,-20.09,,,,-20.035,,,,-22.8037,,,,-20.913,,,,-21.8699,,,,-20.157,,,,-20.9693,,,,-20.402,,,,-21.2694,,,,-20.652
,,,,-20.434,,,,-18.032,,,,-19.189,,,,-17.6312,,,,-19.189,,,,-18.9669,,,,-20.09,,,,-20.0016,,,,-22.837,,,,-20.924,,,,-21.9033,,,,-20.168,,,,-20.9693,,,,-20.413,,,,-21.3029,,,,-20.652
,,,,-20.434,,,,-18.032,,,,-19.189,,,,-17.5977,,,,-19.178,,,,-18.9669,,,,-20.113,,,,-20.035,,,,-22.837,,,,-20.935,,,,-21.9366,,,,-20.168,,,,-20.9693,,,,-20.424,,,,-21.3363,,,,-20.686
,,,,-20.501,,,,-18.1321,,,,-19.244,,,,-17.6646,,,,-19.222,,,,-19.0003,,,,-20.124,,,,-20.035,,,,-22.8704,,,,-20.98,,,,-21.9366,,,,-20.201,,,,-21.0026,,,,-20.446,,,,-21.3363,,,,-20.686
,,,,-20.501,,,,-18.1321,,,,-19.267,,,,-17.698,,,,-19.234,,,,-19.0003,,,,-20.135,,,,-20.0684,,,,-22.8704,,,,-20.991,,,,-21.97,,,,-20.224,,,,-21.0026,,,,-20.446,,,,-21.3363,,,,-20.702
,,,,-20.484,,,,-18.0986,,,,-19.233,,,,-17.6646,,,,-19.222,,,,-19.0003,,,,-20.135,,,,-20.0684,,,,-22.8704,,,,-20.969,,,,-21.9366,,,,-20.201,,,,-21.0026,,,,-20.446,,,,-21.3363,,,,-20.702
,,,,-20.518,,,,-18.1321,,,,-19.267,,,,-17.698,,,,-19.245,,,,-19.0003,,,,-20.135,,,,-20.0684,,,,-22.9037,,,,-21.002,,,,-21.97,,,,-20.235,,,,-21.036,,,,-20.458,,,,-21.3363,,,,-20.702
,,,,-20.535,,,,-18.1655,,,,-19.3,,,,-17.7314,,,,-19.256,,,,-19.0003,,,,-20.157,,,,-20.1016,,,,-22.9037,,,,-21.024,,,,-22.0034,,,,-20.257,,,,-21.036,,,,-20.469,,,,-21.3696,,,,-20.736
,,,,-20.535,,,,-18.1655,,,,-19.278,,,,-17.698,,,,-19.245,,,,-19.0336,,,,-20.179,,,,-20.1016,,,,-22.9037,,,,-21.013,,,,-21.97,,,,-20.224,,,,-21.0026,,,,-20.48,,,,-21.403,,,,-20.752
,,,,-20.535,,,,-18.1321,,,,-19.278,,,,-17.698,,,,-19.256,,,,-19.0336,,,,-20.179,,,,-20.1016,,,,-22.937,,,,-21.024,,,,-22.0034,,,,-20.246,,,,-21.036,,,,-20.491,,,,-21.403,,,,-20.752
,,,,-20.551,,,,-18.1655,,,,-19.322,,,,-17.7647,,,,-19.278,,,,-19.0336,,,,-20.179,,,,-20.1016,,,,-22.937,,,,-21.046,,,,-22.0367,,,,-20.279,,,,-21.036,,,,-20.491,,,,-21.403,,,,-20.752
,,,,-20.551,,,,-18.1655,,,,-19.322,,,,-17.7647,,,,-19.3,,,,-19.067,,,,-20.213,,,,-20.135,,,,-22.937,,,,-21.046,,,,-22.0367,,,,-20.29,,,,-21.0694,,,,-20.524,,,,-21.4362,,,,-20.786
,,,,-20.551,,,,-18.1655,,,,-19.333,,,,-17.7647,,,,-19.289,,,,-19.0336,,,,-20.202,,,,-20.135,,,,-22.937,,,,-21.058,,,,-22.0701,,,,-20.301,,,,-21.0694,,,,-20.513,,,,-21.4362,,,,-20.786
,,,,-20.601,,,,-18.2323,,,,-19.367,,,,-17.7982,,,,-19.312,,,,-19.067,,,,-20.224,,,,-20.135,,,,-22.9704,,,,-21.091,,,,-22.0701,,,,-20.313,,,,-21.0694,,,,-20.535,,,,-21.4697,,,,-20.802
,,,,-20.585,,,,-18.1989,,,,-19.333,,,,-17.7314,,,,-19.3,,,,-19.067,,,,-20.235,,,,-20.1684,,,,-22.9704,,,,-21.08,,,,-22.0701,,,,-20.301,,,,-21.1026,,,,-20.546,,,,-21.4697,,,,-20.819
,,,,-20.601,,,,-18.1989,,,,-19.345,,,,-17.7314,,,,-19.3,,,,-19.067,,,,-20.246,,,,-20.1684,,,,-23.0038,,,,-21.102,,,,-22.1034,,,,-20.312,,,,-21.1026,,,,-20.558,,,,-21.503,,,,-20.836
,,,,-20.568,,,,-18.1655,,,,-19.345,,,,-17.7314,,,,-19.3,,,,-19.067,,,,-20.257,,,,-20.2018,,,,-22.9704,,,,-21.091,,,,-22.1368,,,,-20.324,,,,-21.1026,,,,-20.558,,,,-21.503,,,,-20.852
,,,,-20.601,,,,-18.1989,,,,-19.389,,,,-17.8316,,,,-19.356,,,,-19.1003,,,,-20.257,,,,-20.1684,,,,-23.0038,,,,-21.113,,,,-22.1368,,,,-20.368,,,,-21.136,,,,-20.58,,,,-21.503,,,,-20.836
,,,,-20.635,,,,-18.2323,,,,-19.389,,,,-17.7982,,,,-19.334,,,,-19.1003,,,,-20.28,,,,-20.2018,,,,-23.0371,,,,-21.135,,,,-22.1368,,,,-20.346,,,,-21.1026,,,,-20.58,,,,-21.5364,,,,-20.869
,,,,-20.635,,,,-18.2323,,,,-19.411,,,,-17.865,,,,-19.367,,,,-19.1003,,,,-20.28,,,,-20.2018,,,,-23.0371,,,,-21.135,,,,-22.1368,,,,-20.379,,,,-21.136,,,,-20.591,,,,-21.5364,,,,-20.869
,,,,-20.668,,,,-18.2991,,,,-19.445,,,,-17.865,,,,-19.378,,,,-19.1337,,,,-20.313,,,,-20.2352,,,,-23.0371,,,,-21.169,,,,-22.1701,,,,-20.39,,,,-21.136,,,,-20.613,,,,-21.5697,,,,-20.902
,,,,-20.685,,,,-18.2991,,,,-19.434,,,,-17.8316,,,,-19.356,,,,-19.1003,,,,-20.302,,,,-20.2352,,,,-23.0705,,,,-21.18,,,,-22.1701,,,,-20.379,,,,-21.136,,,,-20.602,,,,-21.5697,,,,-20.902
,,,,-20.651,,,,-18.2323,,,,-19.422,,,,-17.865,,,,-19.389,,,,-19.1337,,,,-20.302,,,,-20.2352,,,,-23.0705,,,,-21.158,,,,-22.1701,,,,-20.402,,,,-21.1694,,,,-20.613,,,,-21.5364,,,,-20.886
,,,,-20.668,,,,-18.2656,,,,-19.445,,,,-17.8984,,,,-19.4,,,,-19.1337,,,,-20.313,,,,-20.2352,,,,-23.0705,,,,-21.169,,,,-22.1701,,,,-20.413,,,,-21.1694,,,,-20.624,,,,-21.5697,,,,-20.902
,,,,-20.668,,,,-18.2656,,,,-19.434,,,,-17.865,,,,-19.389,,,,-19.1337,,,,-20.324,,,,-20.2352,,,,-23.0705,,,,-21.169,,,,-22.1701,,,,-20.402,,,,-21.1694,,,,-20.635,,,,-21.603,,,,-20.919
,,,,-20.701,,,,-18.2991,,,,-19.456,,,,-17.865,,,,-19.412,,,,-19.1671,,,,-20.335,,,,-20.2352,,,,-23.1038,,,,-21.202,,,,-22.2034,,,,-20.424,,,,-21.2028,,,,-20.658,,,,-21.603,,,,-20.919
,,,,-20.685,,,,-18.2656,,,,-19.445,,,,-17.865,,,,-19.4,,,,-19.1337,,,,-20.346,,,,-20.2685,,,,-23.1038,,,,-21.191,,,,-22.2034,,,,-20.424,,,,-21.2028,,,,-20.658,,,,-21.6365,,,,-20.952
,,,,-20.701,,,,-18.2991,,,,-19.467,,,,-17.8984,,,,-19.423,,,,-19.1671,,,,-20.357,,,,-20.3019,,,,-23.1038,,,,-21.202,,,,-22.2034,,,,-20.435,,,,-21.2028,,,,-20.658,,,,-21.603,,,,-20.952
,,,,-20.735,,,,-18.3325,,,,-19.5,,,,-17.9652,,,,-19.445,,,,-19.1671,,,,-20.357,,,,-20.2685,,,,-23.1372,,,,-21.224,,,,-22.2034,,,,-20.457,,,,-21.2028,,,,-20.669,,,,-21.6365,,,,-20.952
,,,,-20.785,,,,-18.4326,,,,-19.534,,,,-17.9317,,,,-19.434,,,,-19.1671,,,,-20.368,,,,-20.3019,,,,-23.1372,,,,-21.269,,,,-22.2368,,,,-20.457,,,,-21.2028,,,,-20.669,,,,-21.6365,,,,-20.969
,,,,-20.768,,,,-18.3993,,,,-19.511,,,,-17.8984,,,,-19.434,,,,-19.2005,,,,-20.38,,,,-20.3019,,,,-23.1372,,,,-21.258,,,,-22.2368,,,,-20.446,,,,-21.2028,,,,-20.68,,,,-21.6365,,,,-20.969
,,,,-20.735,,,,-18.2991,,,,-19.511,,,,-17.9652,,,,-19.456,,,,-19.2005,,,,-20.402,,,,-20.3019,,,,-23.1704,,,,-21.247,,,,-22.2701,,,,-20.479,,,,-21.2028,,,,-20.702,,,,-21.7032,,,,-21.003
,,,,-20.735,,,,-18.2991,,,,-19.523,,,,-17.9986,,,,-19.467,,,,-19.1671,,,,-20.391,,,,-20.3353,,,,-23.1704,,,,-21.247,,,,-22.2701,,,,-20.502,,,,-21.2361,,,,-20.691,,,,-21.6698,,,,-21.003
,,,,-20.802,,,,-18.4326,,,,-19.567,,,,-17.9652,,,,-19.467,,,,-19.2005,,,,-20.391,,,,-20.3019,,,,-23.1704,,,,-21.302,,,,-22.3035,,,,-20.502,,,,-21.2361,,,,-20.702,,,,-21.6698,,,,-20.986
,,,,-20.785,,,,-18.3659,,,,-19.545,,,,-17.9986,,,,-19.478,,,,-19.2005,,,,-20.424,,,,-20.3687,,,,-23.2038,,,,-21.28,,,,-22.2701,,,,-20.502,,,,-21.2361,,,,-20.713,,,,-21.7032,,,,-21.036
,,,,-20.818,,,,-18.4326,,,,-19.545,,,,-17.9317,,,,-19.467,,,,-19.2005,,,,-20.424,,,,-20.3353,,,,-23.2038,,,,-21.302,,,,-22.2701,,,,-20.49,,,,-21.2694,,,,-20.735,,,,-21.7365,,,,-21.036
,,,,-20.802,,,,-18.4326,,,,-19.578,,,,-17.9986,,,,-19.501,,,,-19.2339,,,,-20.435,,,,-20.3687,,,,-23.1704,,,,-21.302,,,,-22.3035,,,,-20.524,,,,-21.2694,,,,-20.736,,,,-21.7032,,,,-21.036
,,,,-20.835,,,,-18.4326,,,,-19.578,,,,-17.9652,,,,-19.49,,,,-19.2339,,,,-20.446,,,,-20.3687,,,,-23.2371,,,,-21.336,,,,-22.3369,,,,-20.524,,,,-21.2694,,,,-20.747,,,,-21.7365,,,,-21.053
,,,,-20.802,,,,-18.3659,,,,-19.567,,,,-17.9986,,,,-19.501,,,,-19.2339,,,,-20.458,,,,-20.4021,,,,-23.2371,,,,-21.313,,,,-22.3369,,,,-20.535,,,,-21.2694,,,,-20.747,,,,-21.7365,,,,-21.069
,,,,-20.818,,,,-18.3993,,,,-19.578,,,,-17.9986,,,,-19.512,,,,-19.2672,,,,-20.469,,,,-20.4021,,,,-23.2371,,,,-21.324,,,,-22.3369,,,,-20.535,,,,-21.2694,,,,-20.758,,,,-21.7365,,,,-21.069
,,,,-20.835,,,,-18.466,,,,-19.612,,,,-18.032,,,,-19.534,,,,-19.2672,,,,-20.48,,,,-20.4021,,,,-23.2038,,,,-21.336,,,,-22.3369,,,,-20.557,,,,-21.3029,,,,-20.78,,,,-21.7698,,,,-21.086
,,,,-20.885,,,,-18.4994,,,,-19.645,,,,-18.0986,,,,-19.556,,,,-19.2672,,,,-20.48,,,,-20.4021,,,,-23.2704,,,,-21.369,,,,-22.3369,,,,-20.579,,,,-21.3029,,,,-20.78,,,,-21.7698,,,,-21.086
,,,,-20.885,,,,-18.4994,,,,-19.634,,,,-18.032,,,,-19.556,,,,-19.3007,,,,-20.502,,,,-20.4021,,,,-23.2704,,,,-21.38,,,,-22.3702,,,,-20.58,,,,-21.3363,,,,-20.813,,,,-21.8032,,,,-21.103
,,,,-20.868,,,,-18.466,,,,-19.612,,,,-17.9986,,,,-19.534,,,,-19.2672,,,,-20.491,,,,-20.4021,,,,-23.2704,,,,-21.369,,,,-22.3702,,,,-20.568,,,,-21.3363,,,,-20.802,,,,-21.8032,,,,-21.103
,,,,-20.885,,,,-18.4994,,,,-19.656,,,,-18.0986,,,,-19.567,,,,-19.2672,,,,-20.502,,,,-20.4353,,,,-23.2704,,,,-21.38,,,,-22.3702,,,,-20.602,,,,-21.3363,,,,-20.802,,,,-21.8032,,,,-21.119
,,,,-20.918,,,,-18.5328,,,,-19.678,,,,-18.0986,,,,-19.59,,,,-19.3007,,,,-20.513,,,,-20.4353,,,,-23.3038,,,,-21.413,,,,-22.4036,,,,-20.624,,,,-21.3696,,,,-20.824,,,,-21.8032,,,,-21.119
,,,,-20.885,,,,-18.466,,,,-19.645,,,,-18.0653,,,,-19.556,,,,-19.2672,,,,-20.513,,,,-20.4353,,,,-23.3038,,,,-21.391,,,,-22.4036,,,,-20.602,,,,-21.3363,,,,-20.813,,,,-21.8366,,,,-21.136
,,,,-20.885,,,,-18.466,,,,-19.667,,,,-18.1321,,,,-19.59,,,,-19.3007,,,,-20.535,,,,-20.4688,,,,-23.3038,,,,-21.391,,,,-22.4036,,,,-20.624,,,,-21.3363,,,,-20.825,,,,-21.8366,,,,-21.153
,,,,-20.885,,,,-18.466,,,,-19.645,,,,-18.0653,,,,-19.579,,,,-19.3007,,,,-20.524,,,,-20.4353,,,,-23.3038,,,,-21.391,,,,-22.4036,,,,-20.613,,,,-21.3696,,,,-20.836,,,,-21.8366,,,,-21.136
,,,,-20.935,,,,-18.5662,,,,-19.712,,,,-18.1321,,,,-19.601,,,,-19.3007,,,,-20.524,,,,-20.4353,,,,-23.3038,,,,-21.436,,,,-22.4369,,,,-20.646,,,,-21.3696,,,,-20.836,,,,-21.8366,,,,-21.136
,,,,-20.918,,,,-18.4994,,,,-19.689,,,,-18.1321,,,,-19.612,,,,-19.3007,,,,-20.546,,,,-20.4688,,,,-23.3372,,,,-21.425,,,,-22.4369,,,,-20.657,,,,-21.403,,,,-20.858,,,,-21.8699,,,,-21.169
,,,,-20.968,,,,-18.5662,,,,-19.712,,,,-18.0986,,,,-19.612,,,,-19.3341,,,,-20.558,,,,-20.4688,,,,-23.3705,,,,-21.469,,,,-22.4703,,,,-20.657,,,,-21.403,,,,-20.869,,,,-21.8699,,,,-21.169
,,,,-20.935,,,,-18.5328,,,,-19.701,,,,-18.0986,,,,-19.601,,,,-19.3341,,,,-20.58,,,,-20.5021,,,,-23.3372,,,,-21.447,,,,-22.4703,,,,-20.646,,,,-21.3696,,,,-20.869,,,,-21.9033,,,,-21.203
,,,,-20.968,,,,-18.5662,,,,-19.745,,,,-18.1989,,,,-19.645,,,,-19.3341,,,,-20.569,,,,-20.5021,,,,-23.3705,,,,-21.469,,,,-22.4703,,,,-20.691,,,,-21.403,,,,-20.869,,,,-21.8699,,,,-21.186
,,,,-21.002,,,,-18.6664,,,,-19.79,,,,-18.1989,,,,-19.656,,,,-19.3341,,,,-20.58,,,,-20.5021,,,,-23.3372,,,,-21.502,,,,-22.5036,,,,-20.713,,,,-21.4362,,,,-20.891,,,,-21.9033,,,,-21.203
,,,,-21.002,,,,-18.5995,,,,-19.745,,,,-18.1321,,,,-19.623,,,,-19.3341,,,,-20.58,,,,-20.5021,,,,-23.4039,,,,-21.502,,,,-22.5036,,,,-20.68,,,,-21.403,,,,-20.88,,,,-21.9033,,,,-21.203
,,,,-20.985,,,,-18.5662,,,,-19.734,,,,-18.1321,,,,-19.623,,,,-19.3341,,,,-20.58,,,,-20.5021,,,,-23.4039,,,,-21.491,,,,-22.5036,,,,-20.68,,,,-21.403,,,,-20.88,,,,-21.9033,,,,-21.203
,,,,-20.952,,,,-18.5328,,,,-19.734,,,,-18.1655,,,,-19.656,,,,-19.3675,,,,-20.591,,,,-20.5021,,,,-23.3705,,,,-21.469,,,,-22.5036,,,,-20.702,,,,-21.4362,,,,-20.902,,,,-21.9033,,,,-21.203
,,,,-21.002,,,,-18.5995,,,,-19.767,,,,-18.1655,,,,-19.656,,,,-19.3675,,,,-20.602,,,,-20.5355,,,,-23.4039,,,,-21.513,,,,-22.5369,,,,-20.713,,,,-21.4362,,,,-20.902,,,,-21.9033,,,,-21.219
,,,,-21.018,,,,-18.633,,,,-19.801,,,,-18.1989,,,,-19.668,,,,-19.3675,,,,-20.624,,,,-20.5355,,,,-23.4039,,,,-21.536,,,,-22.5703,,,,-20.735,,,,-21.4362,,,,-20.925,,,,-21.97,,,,-21.253
,,,,-20.985,,,,-18.5662,,,,-19.767,,,,-18.1989,,,,-19.668,,,,-19.3675,,,,-20.624,,,,-20.5689,,,,-23.4039,,,,-21.502,,,,-22.5369,,,,-20.724,,,,-21.4362,,,,-20.913,,,,-21.9366,,,,-21.253
,,,,-21.018,,,,-18.5995,,,,-19.801,,,,-18.2323,,,,-19.69,,,,-19.3675,,,,-20.624,,,,-20.5355,,,,-23.4371,,,,-21.536,,,,-22.5703,,,,-20.757,,,,-21.4697,,,,-20.936,,,,-21.97,,,,-21.253
,,,,-21.068,,,,-18.6664,,,,-19.812,,,,-18.1989,,,,-19.679,,,,-19.3675,,,,-20.635,,,,-20.5689,,,,-23.4706,,,,-21.569,,,,-22.5703,,,,-20.746,,,,-21.4697,,,,-20.936,,,,-21.97,,,,-21.269
,,,,-21.018,,,,-18.5995,,,,-19.801,,,,-18.2323,,,,-19.712,,,,-19.4008,,,,-20.647,,,,-20.5689,,,,-23.4371,,,,-21.536,,,,-22.5703,,,,-20.769,,,,-21.503,,,,-20.958,,,,-21.97,,,,-21.269
,,,,-21.035,,,,-18.633,,,,-19.823,,,,-18.2323,,,,-19.723,,,,-19.4341,,,,-20.669,,,,-20.5689,,,,-23.4371,,,,-21.558,,,,-22.6036,,,,-20.78,,,,-21.503,,,,-20.98,,,,-22.0034,,,,-21.286
,,,,-21.052,,,,-18.633,,,,-19.823,,,,-18.2323,,,,-19.723,,,,-19.4341,,,,-20.669,,,,-20.5689,,,,-23.4706,,,,-21.569,,,,-22.6036,,,,-20.78,,,,-21.503,,,,-20.98,,,,-22.0034,,,,-21.286
,,,,-21.085,,,,-18.6998,,,,-19.856,,,,-18.2656,,,,-19.723,,,,-19.4341,,,,-20.68,,,,-20.6022,,,,-23.4706,,,,-21.591,,,,-22.6036,,,,-20.78,,,,-21.4697,,,,-20.969,,,,-22.0034,,,,-21.303
,,,,-21.068,,,,-18.633,,,,-19.834,,,,-18.2656,,,,-19.745,,,,-19.4341,,,,-20.68,,,,-20.5689,,,,-23.5038,,,,-21.58,,,,-22.6036,,,,-20.802,,,,-21.5364,,,,-21.002,,,,-22.0367,,,,-21.303
,,,,-21.102,,,,-18.6998,,,,-19.868,,,,-18.2991,,,,-19.757,,,,-19.4341,,,,-20.691,,,,-20.6022,,,,-23.5038,,,,-21.602,,,,-22.6036,,,,-20.813,,,,-21.5364,,,,-21.002,,,,-22.0367,,,,-21.319
,,,,-21.118,,,,-18.7332,,,,-19.879,,,,-18.2991,,,,-19.757,,,,-19.4341,,,,-20.691,,,,-20.6022,,,,-23.5038,,,,-21.614,,,,-22.6036,,,,-20.813,,,,-21.5364,,,,-21.002,,,,-22.0367,,,,-21.319
,,,,-21.085,,,,-18.6664,,,,-19.868,,,,-18.2991,,,,-19.757,,,,-19.4341,,,,-20.702,,,,-20.6356,,,,-23.5038,,,,-21.602,,,,-22.637,,,,-20.824,,,,-21.5364,,,,-21.002,,,,-22.0367,,,,-21.336
,,,,-21.102,,,,-18.6998,,,,-19.89,,,,-18.3325,,,,-19.768,,,,-19.4341,,,,-20.702,,,,-20.6356,,,,-23.5038,,,,-21.614,,,,-22.637,,,,-20.835,,,,-21.5364,,,,-21.002,,,,-22.0367,,,,-21.336
,,,,-21.102,,,,-18.6998,,,,-19.89,,,,-18.3325,,,,-19.768,,,,-19.4341,,,,-20.713,,,,-20.6356,,,,-23.5038,,,,-21.614,,,,-22.637,,,,-20.835,,,,-21.5364,,,,-21.014,,,,-22.0701,,,,-21.353
,,,,-21.169,,,,-18.7999,,,,-19.912,,,,-18.2991,,,,-19.779,,,,-19.4675,,,,-20.713,,,,-20.6356,,,,-23.5372,,,,-21.658,,,,-22.637,,,,-20.835,,,,-21.5697,,,,-21.025,,,,-22.0367,,,,-21.336
,,,,-21.118,,,,-18.7332,,,,-19.912,,,,-18.3325,,,,-19.779,,,,-19.4341,,,,-20.702,,,,-20.6356,,,,-23.5038,,,,-21.636,,,,-22.6703,,,,-20.858,,,,-21.5697,,,,-21.014,,,,-22.0367,,,,-21.336
,,,,-21.152,,,,-18.7664,,,,-19.901,,,,-18.2991,,,,-19.779,,,,-19.4341,,,,-20.713,,,,-20.6356,,,,-23.5372,,,,-21.647,,,,-22.637,,,,-20.846,,,,-21.603,,,,-21.036,,,,-22.0701,,,,-21.353
,,,,-21.168,,,,-18.7664,,,,-19.923,,,,-18.3325,,,,-19.801,,,,-19.4675,,,,-20.713,,,,-20.6356,,,,-23.5705,,,,-21.669,,,,-22.6703,,,,-20.869,,,,-21.603,,,,-21.036,,,,-22.0367,,,,-21.336
,,,,-21.135,,,,-18.7332,,,,-19.912,,,,-18.3325,,,,-19.801,,,,-19.4675,,,,-20.736,,,,-20.669,,,,-23.5372,,,,-21.647,,,,-22.6703,,,,-20.869,,,,-21.603,,,,-21.047,,,,-22.0701,,,,-21.37
,,,,-21.185,,,,-18.7999,,,,-19.934,,,,-18.3325,,,,-19.801,,,,-19.4675,,,,-20.747,,,,-20.669,,,,-23.5705,,,,-21.68,,,,-22.6703,,,,-20.869,,,,-21.603,,,,-21.058,,,,-22.1034,,,,-21.386
,,,,-21.168,,,,-18.7664,,,,-19.923,,,,-18.2991,,,,-19.79,,,,-19.4675,,,,-20.747,,,,-20.669,,,,-23.5705,,,,-21.68,,,,-22.7037,,,,-20.869,,,,-21.603,,,,-21.058,,,,-22.1034,,,,-21.386
,,,,-21.185,,,,-18.7999,,,,-19.945,,,,-18.3659,,,,-19.823,,,,-19.5009,,,,-20.758,,,,-20.669,,,,-23.5705,,,,-21.68,,,,-22.6703,,,,-20.88,,,,-21.603,,,,-21.069,,,,-22.1034,,,,-21.386
,,,,-21.168,,,,-18.7664,,,,-19.934,,,,-18.3325,,,,-19.801,,,,-19.4675,,,,-20.758,,,,-20.7024,,,,-23.5705,,,,-21.68,,,,-22.7037,,,,-20.88,,,,-21.603,,,,-21.058,,,,-22.1034,,,,-21.403
,,,,-21.168,,,,-18.7664,,,,-19.945,,,,-18.3659,,,,-19.823,,,,-19.5009,,,,-20.769,,,,-20.7024,,,,-23.5705,,,,-21.68,,,,-22.7037,,,,-20.891,,,,-21.603,,,,-21.069,,,,-22.1034,,,,-21.403
,,,,-21.185,,,,-18.7664,,,,-19.956,,,,-18.3993,,,,-19.846,,,,-19.5009,,,,-20.769,,,,-20.669,,,,-23.6038,,,,-21.691,,,,-22.7037,,,,-20.913,,,,-21.6365,,,,-21.091,,,,-22.1368,,,,-21.403
,,,,-21.219,,,,-18.8333,,,,-19.968,,,,-18.3659,,,,-19.834,,,,-19.5009,,,,-20.769,,,,-20.669,,,,-23.6038,,,,-21.714,,,,-22.7037,,,,-20.902,,,,-21.6365,,,,-21.091,,,,-22.1368,,,,-21.403
,,,,-21.202,,,,-18.7999,,,,-20.001,,,,-18.4326,,,,-19.857,,,,-19.5009,,,,-20.769,,,,-20.669,,,,-23.6038,,,,-21.725,,,,-22.7703,,,,-20.946,,,,-21.6365,,,,-21.091,,,,-22.1368,,,,-21.403
,,,,-21.219,,,,-18.8333,,,,-19.99,,,,-18.3993,,,,-19.846,,,,-19.5009,,,,-20.78,,,,-20.7024,,,,-23.6038,,,,-21.725,,,,-22.737,,,,-20.924,,,,-21.6365,,,,-21.091,,,,-22.1368,,,,-21.42
,,,,-21.235,,,,-18.8333,,,,-20.001,,,,-18.4326,,,,-19.879,,,,-19.5343,,,,-20.802,,,,-20.7024,,,,-23.6372,,,,-21.736,,,,-22.737,,,,-20.946,,,,-21.6698,,,,-21.125,,,,-22.1701,,,,-21.436
,,,,-21.235,,,,-18.8667,,,,-20.023,,,,-18.4326,,,,-19.868,,,,-19.5343,,,,-20.813,,,,-20.7357,,,,-23.6038,,,,-21.747,,,,-22.7703,,,,-20.946,,,,-21.6365,,,,-21.114,,,,-22.1701,,,,-21.453
,,,,-21.252,,,,-18.8667,,,,-20.001,,,,-18.3659,,,,-19.857,,,,-19.5343,,,,-20.813,,,,-20.7357,,,,-23.6372,,,,-21.758,,,,-22.7703,,,,-20.935,,,,-21.6698,,,,-21.125,,,,-22.1701,,,,-21.453
,,,,-21.269,,,,-18.8667,,,,-20.023,,,,-18.4326,,,,-19.879,,,,-19.5343,,,,-20.813,,,,-20.7357,,,,-23.6705,,,,-21.769,,,,-22.7703,,,,-20.958,,,,-21.6698,,,,-21.125,,,,-22.1701,,,,-21.453
,,,,-21.252,,,,-18.8667,,,,-20.023,,,,-18.4326,,,,-19.89,,,,-19.5677,,,,-20.836,,,,-20.769,,,,-23.6372,,,,-21.758,,,,-22.7703,,,,-20.958,,,,-21.6698,,,,-21.136,,,,-22.1701,,,,-21.47
,,,,-21.269,,,,-18.8667,,,,-20.012,,,,-18.3993,,,,-19.879,,,,-19.5677,,,,-20.836,,,,-20.7357,,,,-23.6705,,,,-21.769,,,,-22.7703,,,,-20.946,,,,-21.6698,,,,-21.147,,,,-22.2034,,,,-21.47
,,,,-21.269,,,,-18.8667,,,,-20.034,,,,-18.466,,,,-19.901,,,,-19.5343,,,,-20.824,,,,-20.7357,,,,-23.6705,,,,-21.769,,,,-22.7703,,,,-20.98,,,,-21.7032,,,,-21.147,,,,-22.2034,,,,-21.47
,,,,-21.269,,,,-18.8667,,,,-20.045,,,,-18.466,,,,-19.912,,,,-19.5677,,,,-20.847,,,,-20.769,,,,-23.6705,,,,-21.78,,,,-22.8037,,,,-20.991,,,,-21.7032,,,,-21.158,,,,-22.2034,,,,-21.486
,,,,-21.302,,,,-18.9334,,,,-20.068,,,,-18.466,,,,-19.901,,,,-19.5343,,,,-20.836,,,,-20.769,,,,-23.6705,,,,-21.803,,,,-22.8037,,,,-20.991,,,,-21.7032,,,,-21.147,,,,-22.2034,,,,-21.486
,,,,-21.269,,,,-18.8667,,,,-20.045,,,,-18.466,,,,-19.923,,,,-19.5677,,,,-20.847,,,,-20.769,,,,-23.6705,,,,-21.78,,,,-22.8037,,,,-21.002,,,,-21.7365,,,,-21.169,,,,-22.2034,,,,-21.486
,,,,-21.269,,,,-18.8667,,,,-20.068,,,,-18.4994,,,,-19.935,,,,-19.5677,,,,-20.858,,,,-20.8024,,,,-23.6705,,,,-21.791,,,,-22.837,,,,-21.024,,,,-21.7365,,,,-21.169,,,,-22.2034,,,,-21.503
,,,,-21.319,,,,-18.9001,,,,-20.09,,,,-18.5328,,,,-19.946,,,,-19.5677,,,,-20.858,,,,-20.8024,,,,-23.7372,,,,-21.825,,,,-22.837,,,,-21.035,,,,-21.7365,,,,-21.169,,,,-22.2034,,,,-21.503
,,,,-21.285,,,,-18.8667,,,,-20.057,,,,-18.4994,,,,-19.935,,,,-19.5677,,,,-20.869,,,,-20.8024,,,,-23.7039,,,,-21.791,,,,-22.8037,,,,-21.013,,,,-21.7365,,,,-21.18,,,,-22.2368,,,,-21.52
,,,,-21.335,,,,-18.9334,,,,-20.068,,,,-18.466,,,,-19.934,,,,-19.601,,,,-20.88,,,,-20.8024,,,,-23.7372,,,,-21.825,,,,-22.8037,,,,-21.002,,,,-21.7365,,,,-21.191,,,,-22.2368,,,,-21.52
,,,,-21.352,,,,-18.9669,,,,-20.101,,,,-18.4994,,,,-19.946,,,,-19.5677,,,,-20.88,,,,-20.8024,,,,-23.7372,,,,-21.847,,,,-22.837,,,,-21.035,,,,-21.7698,,,,-21.203,,,,-22.2701,,,,-21.536
,,,,-21.319,,,,-18.9334,,,,-20.09,,,,-18.4994,,,,-19.957,,,,-19.601,,,,-20.891,,,,-20.8024,,,,-23.7039,,,,-21.825,,,,-22.837,,,,-21.035,,,,-21.7698,,,,-21.214,,,,-22.2701,,,,-21.536
,,,,-21.335,,,,-18.9334,,,,-20.112,,,,-18.5328,,,,-19.957,,,,-19.601,,,,-20.88,,,,-20.8024,,,,-23.7372,,,,-21.847,,,,-22.8704,,,,-21.047,,,,-21.7365,,,,-21.191,,,,-22.2368,,,,-21.52
,,,,-21.352,,,,-18.9669,,,,-20.101,,,,-18.4994,,,,-19.968,,,,-19.6345,,,,-20.902,,,,-20.8024,,,,-23.7372,,,,-21.847,,,,-22.837,,,,-21.035,,,,-21.7698,,,,-21.225,,,,-22.2701,,,,-21.536
,,,,-21.352,,,,-18.9334,,,,-20.101,,,,-18.4994,,,,-19.968,,,,-19.601,,,,-20.891,,,,-20.8358,,,,-23.7705,,,,-21.858,,,,-22.8704,,,,-21.058,,,,-21.8032,,,,-21.214,,,,-22.2368,,,,-21.536
,,,,-21.369,,,,-18.9669,,,,-20.123,,,,-18.5328,,,,-19.979,,,,-19.6345,,,,-20.913,,,,-20.8024,,,,-23.7705,,,,-21.869,,,,-22.8704,,,,-21.058,,,,-21.7698,,,,-21.236,,,,-22.3035,,,,-21.553
,,,,-21.385,,,,-19.0003,,,,-20.146,,,,-18.5328,,,,-19.923,,,,-19.6345,,,,-20.925,,,,-20.8692,,,,-23.7705,,,,-21.891,,,,-22.9037,,,,-21.013,,,,-21.603,,,,-21.169,,,,-22.2701,,,,-21.57
,,,,-21.385,,,,-18.9669,,,,-20.168,,,,-18.633,,,,-20.024,,,,-19.6345,,,,-20.925,,,,-20.8358,,,,-23.8039,,,,-21.891,,,,-22.9037,,,,-21.113,,,,-21.8032,,,,-21.247,,,,-22.3035,,,,-21.57
,,,,-21.402,,,,-19.0003,,,,-20.19,,,,-18.633,,,,-20.024,,,,-19.6345,,,,-20.947,,,,-20.8692,,,,-23.8039,,,,-21.914,,,,-22.937,,,,-21.124,,,,-21.8032,,,,-21.258,,,,-22.3369,,,,-21.603
,,,,-21.419,,,,-19.0336,,,,-20.19,,,,-18.5995,,,,-20.035,,,,-19.6679,,,,-20.958,,,,-20.8692,,,,-23.8039,,,,-21.925,,,,-22.937,,,,-21.124,,,,-21.8366,,,,-21.28,,,,-22.3369,,,,-21.603
,,,,-21.452,,,,-19.1003,,,,-20.201,,,,-18.5662,,,,-20.012,,,,-19.6345,,,,-20.947,,,,-20.8692,,,,-23.8039,,,,-21.947,,,,-22.937,,,,-21.113,,,,-21.8366,,,,-21.269,,,,-22.3369,,,,-21.603
,,,,-21.419,,,,-19.0336,,,,-20.19,,,,-18.5995,,,,-20.035,,,,-19.6679,,,,-20.98,,,,-20.9025,,,,-23.8039,,,,-21.925,,,,-22.937,,,,-21.124,,,,-21.8366,,,,-21.292,,,,-22.3702,,,,-21.636
,,,,-21.452,,,,-19.067,,,,-20.201,,,,-18.5995,,,,-20.046,,,,-19.6679,,,,-20.969,,,,-20.9025,,,,-23.8372,,,,-21.947,,,,-22.937,,,,-21.135,,,,-21.8699,,,,-21.292,,,,-22.3369,,,,-21.62
,,,,-21.469,,,,-19.1003,,,,-20.223,,,,-18.5995,,,,-20.046,,,,-19.6679,,,,-20.969,,,,-20.9025,,,,-23.8372,,,,-21.969,,,,-22.9704,,,,-21.147,,,,-21.8699,,,,-21.292,,,,-22.3369,,,,-21.62
,,,,-21.452,,,,-19.067,,,,-20.212,,,,-18.5995,,,,-20.046,,,,-19.6679,,,,-20.969,,,,-20.8692,,,,-23.8372,,,,-21.958,,,,-22.9704,,,,-21.147,,,,-21.8699,,,,-21.303,,,,-22.3702,,,,-21.62
,,,,-21.469,,,,-19.067,,,,-20.223,,,,-18.633,,,,-20.057,,,,-19.6679,,,,-20.98,,,,-20.9025,,,,-23.8705,,,,-21.969,,,,-22.9704,,,,-21.158,,,,-21.8699,,,,-21.303,,,,-22.3702,,,,-21.636
,,,,-21.485,,,,-19.1003,,,,-20.235,,,,-18.633,,,,-20.057,,,,-19.6679,,,,-20.969,,,,-20.9025,,,,-23.8705,,,,-21.98,,,,-22.9704,,,,-21.158,,,,-21.8699,,,,-21.292,,,,-22.3369,,,,-21.62
,,,,-21.485,,,,-19.1003,,,,-20.235,,,,-18.633,,,,-20.068,,,,-19.7012,,,,-21.002,,,,-20.9358,,,,-23.8705,,,,-21.98,,,,-22.9704,,,,-21.158,,,,-21.8699,,,,-21.314,,,,-22.3702,,,,-21.653
,,,,-21.485,,,,-19.1003,,,,-20.257,,,,-18.6664,,,,-20.09,,,,-19.7012,,,,-21.002,,,,-20.9025,,,,-23.8705,,,,-21.992,,,,-23.0038,,,,-21.191,,,,-21.9033,,,,-21.336,,,,-22.4036,,,,-21.653
,,,,-21.519,,,,-19.1671,,,,-20.257,,,,-18.633,,,,-20.079,,,,-19.7012,,,,-21.014,,,,-20.9358,,,,-23.8705,,,,-22.003,,,,-22.9704,,,,-21.169,,,,-21.9033,,,,-21.336,,,,-22.4036,,,,-21.67
,,,,-21.519,,,,-19.1337,,,,-20.268,,,,-18.6998,,,,-20.101,,,,-19.7012,,,,-21.014,,,,-20.9358,,,,-23.9039,,,,-22.003,,,,-22.9704,,,,-21.191,,,,-21.9033,,,,-21.336,,,,-22.4036,,,,-21.67
,,,,-21.552,,,,-19.2005,,,,-20.29,,,,-18.6664,,,,-20.09,,,,-19.7012,,,,-21.014,,,,-20.9358,,,,-23.9039,,,,-22.036,,,,-23.0038,,,,-21.191,,,,-21.9033,,,,-21.336,,,,-22.4036,,,,-21.67
,,,,-21.536,,,,-19.1671,,,,-20.301,,,,-18.7332,,,,-20.124,,,,-19.7012,,,,-21.036,,,,-20.9693,,,,-23.9039,,,,-22.025,,,,-23.0038,,,,-21.225,,,,-21.9366,,,,-21.358,,,,-22.4369,,,,-21.703
,,,,-21.502,,,,-19.1003,,,,-20.279,,,,-18.7332,,,,-20.135,,,,-19.7346,,,,-21.025,,,,-20.9358,,,,-23.9039,,,,-22.003,,,,-23.0038,,,,-21.225,,,,-21.9366,,,,-21.358,,,,-22.4036,,,,-21.67
,,,,-21.519,,,,-19.1337,,,,-20.301,,,,-18.7332,,,,-20.124,,,,-19.7012,,,,-21.025,,,,-20.9358,,,,-23.9039,,,,-22.025,,,,-23.0371,,,,-21.236,,,,-21.9366,,,,-21.358,,,,-22.4369,,,,-21.686
,,,,-21.552,,,,-19.1671,,,,-20.301,,,,-18.6998,,,,-20.135,,,,-19.7346,,,,-21.047,,,,-20.9693,,,,-23.9371,,,,-22.047,,,,-23.0371,,,,-21.236,,,,-21.97,,,,-21.38,,,,-22.4369,,,,-21.703
,,,,-21.569,,,,-19.1337,,,,-20.29,,,,-18.6664,,,,-20.113,,,,-19.7346,,,,-21.069,,,,-21.0026,,,,-24.0039,,,,-22.069,,,,-23.0705,,,,-21.224,,,,-21.9366,,,,-21.38,,,,-22.4703,,,,-21.736
,,,,-21.602,,,,-19.1671,,,,-20.346,,,,-18.7332,,,,-20.157,,,,-19.7346,,,,-21.08,,,,-20.9693,,,,-24.0372,,,,-22.114,,,,-23.1372,,,,-21.291,,,,-22.0034,,,,-21.425,,,,-22.5369,,,,-21.753
,,,,-21.652,,,,-19.1671,,,,-20.412,,,,-18.8333,,,,-20.19,,,,-19.7346,,,,-21.091,,,,-20.9693,,,,-24.1372,,,,-22.18,,,,-23.2371,,,,-21.358,,,,-22.0034,,,,-21.436,,,,-22.5703,,,,-21.77
,,,,-21.736,,,,-19.2339,,,,-20.446,,,,-18.7664,,,,-20.19,,,,-19.7679,,,,-21.125,,,,-21.0026,,,,-24.2372,,,,-22.269,,,,-23.3372,,,,-21.38,,,,-22.0367,,,,-21.469,,,,-22.6036,,,,-21.803
,,,,-21.752,,,,-19.2005,,,,-20.468,,,,-18.8333,,,,-20.213,,,,-19.7679,,,,-21.147,,,,-21.036,,,,-24.3038,,,,-22.292,,,,-23.3705,,,,-21.414,,,,-22.0367,,,,-21.481,,,,-22.637,,,,-21.836
,,,,-21.786,,,,-19.2339,,,,-20.524,,,,-18.8667,,,,-20.235,,,,-19.7679,,,,-21.18,,,,-21.0694,,,,-24.3372,,,,-22.347,,,,-23.4706,,,,-21.469,,,,-22.0701,,,,-21.514,,,,-22.7037,,,,-21.887
,,,,-21.852,,,,-19.2672,,,,-20.546,,,,-18.8667,,,,-20.268,,,,-19.8347,,,,-21.225,,,,-21.0694,,,,-24.4371,,,,-22.403,,,,-23.5038,,,,-21.491,,,,-22.1034,,,,-21.569,,,,-22.7703,,,,-21.92
,,,,-21.902,,,,-19.3007,,,,-20.568,,,,-18.8667,,,,-20.268,,,,-19.8013,,,,-21.225,,,,-21.1026,,,,-24.5038,,,,-22.447,,,,-23.5372,,,,-21.514,,,,-22.1368,,,,-21.569,,,,-22.7703,,,,-21.936
,,,,-21.936,,,,-19.3341,,,,-20.59,,,,-18.8667,,,,-20.291,,,,-19.8347,,,,-21.269,,,,-21.136,,,,-24.5371,,,,-22.481,,,,-23.5705,,,,-21.536,,,,-22.1701,,,,-21.614,,,,-22.837,,,,-21.986
,,,,-21.969,,,,-19.3341,,,,-20.613,,,,-18.9001,,,,-20.324,,,,-19.8681,,,,-21.28,,,,-21.136,,,,-24.6037,,,,-22.514,,,,-23.6038,,,,-21.569,,,,-22.2034,,,,-21.636,,,,-22.837,,,,-21.986
,,,,-22.019,,,,-19.3675,,,,-20.657,,,,-18.9669,,,,-20.335,,,,-19.8347,,,,-21.314,,,,-21.2028,,,,-24.6704,,,,-22.558,,,,-23.6372,,,,-21.602,,,,-22.2034,,,,-21.647,,,,-22.9037,,,,-22.053
,,,,-21.986,,,,-19.2672,,,,-20.646,,,,-19.0003,,,,-20.368,,,,-19.8681,,,,-21.314,,,,-21.1694,,,,-24.7038,,,,-22.547,,,,-23.6705,,,,-21.636,,,,-22.2368,,,,-21.67,,,,-22.9037,,,,-22.037
,,,,-22.086,,,,-19.4008,,,,-20.757,,,,-19.067,,,,-20.413,,,,-19.9015,,,,-21.369,,,,-21.2361,,,,-24.7703,,,,-22.658,,,,-23.8039,,,,-21.714,,,,-22.2701,,,,-21.714,,,,-22.9704,,,,-22.103
,,,,-22.152,,,,-19.4341,,,,-20.757,,,,-19.0003,,,,-20.413,,,,-19.9348,,,,-21.403,,,,-21.2361,,,,-24.8703,,,,-22.714,,,,-23.8372,,,,-21.714,,,,-22.3035,,,,-21.758,,,,-23.0371,,,,-22.137
,,,,-22.236,,,,-19.5009,,,,-20.868,,,,-19.1337,,,,-20.48,,,,-19.9682,,,,-21.436,,,,-21.2694,,,,-24.9703,,,,-22.814,,,,-23.9705,,,,-21.814,,,,-22.3369,,,,-21.792,,,,-23.0705,,,,-22.17
,,,,-22.252,,,,-19.4675,,,,-20.846,,,,-19.067,,,,-20.468,,,,-19.9682,,,,-21.469,,,,-21.3029,,,,-25.037,,,,-22.836,,,,-24.0039,,,,-21.814,,,,-22.3702,,,,-21.825,,,,-23.1372,,,,-22.22
,,,,-22.286,,,,-19.4675,,,,-20.879,,,,-19.1337,,,,-20.502,,,,-19.9682,,,,-21.492,,,,-21.3363,,,,-25.1036,,,,-22.869,,,,-24.0372,,,,-21.858,,,,-22.4036,,,,-21.847,,,,-23.1704,,,,-22.253
,,,,-22.302,,,,-19.4675,,,,-20.924,,,,-19.2005,,,,-20.546,,,,-20.0016,,,,-21.525,,,,-21.3696,,,,-25.137,,,,-22.903,,,,-24.1038,,,,-21.914,,,,-22.4369,,,,-21.881,,,,-23.2038,,,,-22.287
,,,,-22.486,,,,-19.5343,,,,-21.057,,,,-19.3007,,,,-20.613,,,,-20.0684,,,,-21.625,,,,-21.4697,,,,-25.4367,,,,-23.103,,,,-24.3372,,,,-22.036,,,,-22.4703,,,,-21.959,,,,-23.3372,,,,-22.403
,,,,-22.602,,,,-19.6345,,,,-21.135,,,,-19.3675,,,,-20.691,,,,-20.1016,,,,-21.692,,,,-21.503,,,,-25.57,,,,-23.203,,,,-24.4038,,,,-22.125,,,,-22.6036,,,,-22.059,,,,-23.4706,,,,-22.487
,,,,-22.686,,,,-19.7346,,,,-21.191,,,,-19.3675,,,,-20.735,,,,-20.1684,,,,-21.77,,,,-21.5697,,,,-25.6367,,,,-23.281,,,,-24.4705,,,,-22.169,,,,-22.6703,,,,-22.136,,,,-23.5705,,,,-22.57
,,,,-22.719,,,,-19.7346,,,,-21.224,,,,-19.4008,,,,-20.758,,,,-20.1684,,,,-21.781,,,,-21.5697,,,,-25.7033,,,,-23.325,,,,-24.5371,,,,-22.214,,,,-22.7037,,,,-22.159,,,,-23.6038,,,,-22.587
,,,,-22.786,,,,-19.8013,,,,-21.291,,,,-19.5343,,,,-20.813,,,,-20.1684,,,,-21.792,,,,-21.603,,,,-25.7699,,,,-23.369,,,,-24.5371,,,,-22.269,,,,-22.737,,,,-22.17,,,,-23.6038,,,,-22.603
,,,,-22.802,,,,-19.8013,,,,-21.291,,,,-19.5009,,,,-20.824,,,,-20.2018,,,,-21.836,,,,-21.6365,,,,-25.8033,,,,-23.392,,,,-24.5704,,,,-22.281,,,,-22.7703,,,,-22.214,,,,-23.6705,,,,-22.654
,,,,-22.786,,,,-19.7346,,,,-21.291,,,,-19.5343,,,,-20.835,,,,-20.2018,,,,-21.847,,,,-21.6365,,,,-25.8366,,,,-23.392,,,,-24.6037,,,,-22.303,,,,-22.7703,,,,-22.225,,,,-23.7039,,,,-22.67
,,,,-22.836,,,,-19.8013,,,,-21.324,,,,-19.5343,,,,-20.858,,,,-20.2352,,,,-21.87,,,,-21.6698,,,,-25.8699,,,,-23.436,,,,-24.6371,,,,-22.325,,,,-22.8037,,,,-22.248,,,,-23.7039,,,,-22.687
,,,,-22.852,,,,-19.8013,,,,-21.346,,,,-19.601,,,,-20.913,,,,-20.2685,,,,-21.903,,,,-21.6698,,,,-25.9032,,,,-23.447,,,,-24.6371,,,,-22.37,,,,-22.8704,,,,-22.303,,,,-23.7705,,,,-22.72
,,,,-22.886,,,,-19.8347,,,,-21.369,,,,-19.601,,,,-20.913,,,,-20.2685,,,,-21.925,,,,-21.7032,,,,-25.9364,,,,-23.481,,,,-24.6704,,,,-22.381,,,,-22.8704,,,,-22.314,,,,-23.8039,,,,-22.754
,,,,-22.902,,,,-19.8013,,,,-21.369,,,,-19.601,,,,-20.913,,,,-20.2685,,,,-21.947,,,,-21.7365,,,,-26.0031,,,,-23.503,,,,-24.7038,,,,-22.392,,,,-22.8704,,,,-22.325,,,,-23.8372,,,,-22.787
,,,,-22.936,,,,-19.8347,,,,-21.38,,,,-19.5677,,,,-20.936,,,,-20.3019,,,,-21.981,,,,-21.7698,,,,-26.0364,,,,-23.536,,,,-24.7371,,,,-22.414,,,,-22.937,,,,-22.37,,,,-23.8705,,,,-22.82
,,,,-23.002,,,,-19.9348,,,,-21.435,,,,-19.601,,,,-20.969,,,,-20.3353,,,,-21.992,,,,-21.7698,,,,-26.0697,,,,-23.592,,,,-24.7703,,,,-22.447,,,,-22.9704,,,,-22.392,,,,-23.8705,,,,-22.82
,,,,-23.036,,,,-19.9348,,,,-21.469,,,,-19.6679,,,,-21.013,,,,-20.3687,,,,-22.025,,,,-21.8032,,,,-26.1364,,,,-23.625,,,,-24.8037,,,,-22.492,,,,-23.0038,,,,-22.425,,,,-23.9039,,,,-22.854
,,,,-23.036,,,,-19.9348,,,,-21.469,,,,-19.6679,,,,-21.013,,,,-20.3687,,,,-22.047,,,,-21.8366,,,,-26.1364,,,,-23.625,,,,-24.8037,,,,-22.492,,,,-23.0038,,,,-22.437,,,,-23.9371,,,,-22.887
,,,,-23.052,,,,-19.9348,,,,-21.491,,,,-19.7012,,,,-21.036,,,,-20.3687,,,,-22.047,,,,-21.8032,,,,-26.1697,,,,-23.647,,,,-24.8371,,,,-22.525,,,,-23.0371,,,,-22.459,,,,-23.9705,,,,-22.887
,,,,-23.236,,,,-20.1016,,,,-21.669,,,,-19.8681,,,,-21.158,,,,-20.5021,,,,-22.17,,,,-22.0034,,,,-26.3695,,,,-23.836,,,,-25.037,,,,-22.67,,,,-23.1038,,,,-22.537,,,,-24.0039,,,,-23.004
,,,,-23.219,,,,-20.0684,,,,-21.658,,,,-19.8681,,,,-21.191,,,,-20.5021,,,,-22.225,,,,-21.97,,,,-26.3695,,,,-23.825,,,,-25.037,,,,-22.703,,,,-23.2038,,,,-22.637,,,,-24.2038,,,,-23.087
,,,,-23.252,,,,-20.1016,,,,-21.68,,,,-19.8681,,,,-21.214,,,,-20.5355,,,,-22.259,,,,-22.0034,,,,-26.4028,,,,-23.858,,,,-25.0703,,,,-22.725,,,,-23.2371,,,,-22.67,,,,-24.2372,,,,-23.12
,,,,-23.269,,,,-20.1016,,,,-21.691,,,,-19.9015,,,,-21.225,,,,-20.5355,,,,-22.281,,,,-22.0367,,,,-26.4361,,,,-23.869,,,,-25.0703,,,,-22.736,,,,-23.2371,,,,-22.681,,,,-24.2704,,,,-23.154
,,,,-23.269,,,,-20.1016,,,,-21.669,,,,-19.8347,,,,-21.214,,,,-20.5355,,,,-22.281,,,,-22.0367,,,,-26.4361,,,,-23.869,,,,-25.0703,,,,-22.725,,,,-23.2704,,,,-22.692,,,,-24.2704,,,,-23.154
,,,,-23.302,,,,-20.135,,,,-21.724,,,,-19.9348,,,,-21.269,,,,-20.5689,,,,-22.303,,,,-22.0701,,,,-26.4695,,,,-23.903,,,,-25.1036,,,,-22.781,,,,-23.3038,,,,-22.714,,,,-24.2704,,,,-23.17
,,,,-23.319,,,,-20.1684,,,,-21.736,,,,-19.9015,,,,-21.258,,,,-20.5689,,,,-22.325,,,,-22.0701,,,,-26.4695,,,,-23.925,,,,-25.137,,,,-22.781,,,,-23.3038,,,,-22.737,,,,-24.3372,,,,-23.204
,,,,-23.302,,,,-20.1016,,,,-21.724,,,,-19.9348,,,,-21.291,,,,-20.6022,,,,-22.325,,,,-22.0701,,,,-26.5028,,,,-23.914,,,,-25.137,,,,-22.803,,,,-23.3372,,,,-22.748,,,,-24.3038,,,,-23.187
,,,,-23.319,,,,-20.135,,,,-21.736,,,,-19.9348,,,,-21.302,,,,-20.6022,,,,-22.348,,,,-22.1034,,,,-26.5028,,,,-23.925,,,,-25.137,,,,-22.814,,,,-23.3705,,,,-22.77,,,,-24.3372,,,,-23.22
,,,,-23.319,,,,-20.135,,,,-21.747,,,,-19.9348,,,,-21.314,,,,-20.6356,,,,-22.37,,,,-22.1034,,,,-26.5028,,,,-23.936,,,,-25.1703,,,,-22.825,,,,-23.3705,,,,-22.792,,,,-24.3705,,,,-23.237
,,,,-23.352,,,,-20.2018,,,,-21.78,,,,-19.9348,,,,-21.302,,,,-20.6022,,,,-22.37,,,,-22.1368,,,,-26.5028,,,,-23.969,,,,-25.2035,,,,-22.836,,,,-23.3705,,,,-22.781,,,,-24.3705,,,,-23.254
,,,,-23.369,,,,-20.2018,,,,-21.813,,,,-20.035,,,,-21.358,,,,-20.6356,,,,-22.381,,,,-22.1034,,,,-26.5361,,,,-23.98,,,,-25.2035,,,,-22.881,,,,-23.4039,,,,-22.814,,,,-24.4038,,,,-23.254
,,,,-23.352,,,,-20.1684,,,,-21.791,,,,-20.0016,,,,-21.347,,,,-20.6356,,,,-22.392,,,,-22.1368,,,,-26.5361,,,,-23.969,,,,-25.2035,,,,-22.87,,,,-23.4039,,,,-22.814,,,,-24.4038,,,,-23.27
,,,,-23.402,,,,-20.2352,,,,-21.825,,,,-20.0016,,,,-21.358,,,,-20.669,,,,-22.425,,,,-22.1701,,,,-26.5693,,,,-24.014,,,,-25.2369,,,,-22.881,,,,-23.4039,,,,-22.837,,,,-24.4371,,,,-23.304
,,,,-23.386,,,,-20.2352,,,,-21.836,,,,-20.0016,,,,-21.369,,,,-20.669,,,,-22.437,,,,-22.1701,,,,-26.5361,,,,-24.014,,,,-25.2701,,,,-22.903,,,,-23.4371,,,,-22.859,,,,-24.4705,,,,-23.32
,,,,-23.436,,,,-20.3353,,,,-21.869,,,,-20.035,,,,-21.38,,,,-20.6356,,,,-22.436,,,,-22.2034,,,,-26.5361,,,,-24.036,,,,-25.2369,,,,-22.914,,,,-23.4706,,,,-22.859,,,,-24.4705,,,,-23.337
,,,,-23.436,,,,-20.2685,,,,-21.869,,,,-20.0684,,,,-21.425,,,,-20.7024,,,,-22.459,,,,-22.2034,,,,-26.6026,,,,-24.047,,,,-25.2701,,,,-22.947,,,,-23.5038,,,,-22.892,,,,-24.4705,,,,-23.337
,,,,-23.469,,,,-20.3353,,,,-21.902,,,,-20.0684,,,,-21.425,,,,-20.7024,,,,-22.481,,,,-22.2034,,,,-26.6026,,,,-24.08,,,,-25.3035,,,,-22.959,,,,-23.5038,,,,-22.914,,,,-24.5371,,,,-23.37
,,,,-23.469,,,,-20.3019,,,,-21.936,,,,-20.135,,,,-21.414,,,,-20.7357,,,,-22.481,,,,-22.2368,,,,-26.6359,,,,-24.103,,,,-25.3702,,,,-22.959,,,,-23.3705,,,,-22.859,,,,-24.4705,,,,-23.354
,,,,-23.469,,,,-20.3019,,,,-21.925,,,,-20.1016,,,,-21.469,,,,-20.7357,,,,-22.514,,,,-22.2368,,,,-26.6359,,,,-24.103,,,,-25.3702,,,,-23.014,,,,-23.5705,,,,-22.959,,,,-24.5704,,,,-23.404
,,,,-23.469,,,,-20.3019,,,,-21.936,,,,-20.135,,,,-21.503,,,,-20.8024,,,,-22.548,,,,-22.2701,,,,-26.6359,,,,-24.103,,,,-25.3702,,,,-23.025,,,,-23.5705,,,,-22.981,,,,-24.5704,,,,-23.42
,,,,-23.519,,,,-20.4021,,,,-21.958,,,,-20.1016,,,,-21.491,,,,-20.769,,,,-22.548,,,,-22.2701,,,,-26.6359,,,,-24.136,,,,-25.3702,,,,-23.025,,,,-23.6038,,,,-22.992,,,,-24.6037,,,,-23.437
,,,,-23.519,,,,-20.4021,,,,-21.958,,,,-20.0684,,,,-21.492,,,,-20.769,,,,-22.559,,,,-22.2701,,,,-26.6359,,,,-24.147,,,,-25.4035,,,,-23.036,,,,-23.6372,,,,-23.014,,,,-24.6371,,,,-23.454
,,,,-23.519,,,,-20.4021,,,,-21.991,,,,-20.135,,,,-21.525,,,,-20.8024,,,,-22.581,,,,-22.3035,,,,-26.6359,,,,-24.158,,,,-25.4367,,,,-23.07,,,,-23.6372,,,,-23.026,,,,-24.6371,,,,-23.47
,,,,-23.552,,,,-20.4353,,,,-22.013,,,,-20.1684,,,,-21.547,,,,-20.8024,,,,-22.581,,,,-22.3035,,,,-26.6693,,,,-24.18,,,,-25.4367,,,,-23.092,,,,-23.6705,,,,-23.037,,,,-24.6371,,,,-23.47
,,,,-23.552,,,,-20.4021,,,,-22.002,,,,-20.135,,,,-21.536,,,,-20.8024,,,,-22.603,,,,-22.3369,,,,-26.7026,,,,-24.192,,,,-25.4701,,,,-23.092,,,,-23.6705,,,,-23.048,,,,-24.6704,,,,-23.504
,,,,-23.552,,,,-20.4021,,,,-22.014,,,,-20.1684,,,,-21.569,,,,-20.8358,,,,-22.614,,,,-22.3369,,,,-26.7026,,,,-24.192,,,,-25.4701,,,,-23.114,,,,-23.7039,,,,-23.07,,,,-24.6704,,,,-23.504
,,,,-23.552,,,,-20.4021,,,,-22.036,,,,-20.2018,,,,-21.58,,,,-20.8358,,,,-22.626,,,,-22.3369,,,,-26.7026,,,,-24.203,,,,-25.5035,,,,-23.136,,,,-23.7039,,,,-23.081,,,,-24.7038,,,,-23.52
,,,,-23.569,,,,-20.4353,,,,-22.069,,,,-20.2685,,,,-21.625,,,,-20.8358,,,,-22.659,,,,-22.3702,,,,-26.7026,,,,-24.214,,,,-25.5035,,,,-23.181,,,,-23.7705,,,,-23.126,,,,-24.7703,,,,-23.57
,,,,-23.569,,,,-20.4688,,,,-22.058,,,,-20.2018,,,,-21.603,,,,-20.8692,,,,-22.67,,,,-22.4036,,,,-26.6693,,,,-24.214,,,,-25.5035,,,,-23.147,,,,-23.7372,,,,-23.115,,,,-24.7371,,,,-23.57
,,,,-23.602,,,,-20.4688,,,,-22.047,,,,-20.1684,,,,-21.603,,,,-20.8692,,,,-22.681,,,,-22.4036,,,,-26.7359,,,,-24.236,,,,-25.5035,,,,-23.147,,,,-23.7705,,,,-23.137,,,,-24.7703,,,,-23.587
,,,,-23.636,,,,-20.5355,,,,-22.114,,,,-20.2685,,,,-21.636,,,,-20.8692,,,,-22.67,,,,-22.3702,,,,-26.7359,,,,-24.269,,,,-25.5368,,,,-23.192,,,,-23.7705,,,,-23.137,,,,-24.7703,,,,-23.57
,,,,-23.619,,,,-20.4688,,,,-22.091,,,,-20.2352,,,,-21.647,,,,-20.9025,,,,-22.692,,,,-22.4036,,,,-26.7691,,,,-24.269,,,,-25.57,,,,-23.203,,,,-23.8039,,,,-23.159,,,,-24.7703,,,,-23.587
,,,,-23.619,,,,-20.5021,,,,-22.102,,,,-20.2352,,,,-21.669,,,,-20.9358,,,,-22.725,,,,-22.4369,,,,-26.7359,,,,-24.269,,,,-25.57,,,,-23.214,,,,-23.8372,,,,-23.192,,,,-24.8037,,,,-23.62
,,,,-23.652,,,,-20.5689,,,,-22.147,,,,-20.3019,,,,-21.669,,,,-20.8692,,,,-22.692,,,,-22.4036,,,,-26.7359,,,,-24.292,,,,-25.57,,,,-23.236,,,,-23.8372,,,,-23.17,,,,-24.8037,,,,-23.604
,,,,-23.652,,,,-20.5355,,,,-22.147,,,,-20.3019,,,,-21.703,,,,-20.9358,,,,-22.737,,,,-22.4369,,,,-26.7691,,,,-24.303,,,,-25.6033,,,,-23.259,,,,-23.8705,,,,-23.214,,,,-24.8371,,,,-23.637
,,,,-23.636,,,,-20.5355,,,,-22.169,,,,-20.3353,,,,-21.725,,,,-20.9358,,,,-22.737,,,,-22.4369,,,,-26.7359,,,,-24.303,,,,-25.6367,,,,-23.292,,,,-23.9039,,,,-23.226,,,,-24.8371,,,,-23.637
,,,,-23.652,,,,-20.5355,,,,-22.169,,,,-20.3019,,,,-21.725,,,,-20.9693,,,,-22.759,,,,-22.4369,,,,-26.7691,,,,-24.325,,,,-25.67,,,,-23.292,,,,-23.9039,,,,-23.248,,,,-24.8703,,,,-23.654
,,,,-23.652,,,,-20.5355,,,,-22.18,,,,-20.3353,,,,-21.725,,,,-20.9358,,,,-22.77,,,,-22.4703,,,,-26.7691,,,,-24.325,,,,-25.67,,,,-23.303,,,,-23.9039,,,,-23.248,,,,-24.9037,,,,-23.687
,,,,-23.686,,,,-20.6022,,,,-22.214,,,,-20.3687,,,,-21.769,,,,-21.0026,,,,-22.803,,,,-22.4703,,,,-26.7691,,,,-24.347,,,,-25.67,,,,-23.325,,,,-23.9371,,,,-23.292,,,,-24.9369,,,,-23.704
,,,,-23.686,,,,-20.6022,,,,-22.236,,,,-20.4021,,,,-21.792,,,,-21.0026,,,,-22.826,,,,-22.5036,,,,-26.7691,,,,-24.358,,,,-25.7033,,,,-23.359,,,,-23.9705,,,,-23.314,,,,-24.9703,,,,-23.737
,,,,-23.702,,,,-20.6356,,,,-22.236,,,,-20.3687,,,,-21.792,,,,-21.0026,,,,-22.814,,,,-22.5036,,,,-26.7691,,,,-24.369,,,,-25.7033,,,,-23.359,,,,-24.0039,,,,-23.314,,,,-24.9369,,,,-23.72
,,,,-23.736,,,,-20.7024,,,,-22.28,,,,-20.4021,,,,-21.814,,,,-21.036,,,,-22.848,,,,-22.5036,,,,-26.7691,,,,-24.403,,,,-25.7366,,,,-23.381,,,,-24.0039,,,,-23.348,,,,-25.0037,,,,-23.754
,,,,-23.719,,,,-20.6356,,,,-22.258,,,,-20.4021,,,,-21.792,,,,-21.0026,,,,-22.837,,,,-22.5369,,,,-26.8025,,,,-24.392,,,,-25.7366,,,,-23.37,,,,-23.9705,,,,-23.314,,,,-24.9703,,,,-23.754
,,,,-23.702,,,,-20.6356,,,,-22.269,,,,-20.4021,,,,-21.825,,,,-21.036,,,,-22.87,,,,-22.5703,,,,-26.7691,,,,-24.392,,,,-25.7699,,,,-23.403,,,,-24.0372,,,,-23.359,,,,-25.0037,,,,-23.787
,,,,-23.736,,,,-20.669,,,,-22.291,,,,-20.4353,,,,-21.858,,,,-21.0694,,,,-22.881,,,,-22.5703,,,,-26.8025,,,,-24.414,,,,-25.7699,,,,-23.425,,,,-24.0705,,,,-23.381,,,,-25.0037,,,,-23.787
,,,,-23.786,,,,-20.769,,,,-22.314,,,,-20.4021,,,,-21.847,,,,-21.0694,,,,-22.881,,,,-22.5369,,,,-26.8025,,,,-24.447,,,,-25.7699,,,,-23.414,,,,-24.0705,,,,-23.392,,,,-25.037,,,,-23.787
,,,,-23.769,,,,-20.7357,,,,-22.336,,,,-20.4688,,,,-21.858,,,,-21.036,,,,-22.87,,,,-22.5369,,,,-26.8025,,,,-24.447,,,,-25.8033,,,,-23.448,,,,-24.0705,,,,-23.381,,,,-25.037,,,,-23.787
,,,,-23.752,,,,-20.7024,,,,-22.325,,,,-20.4353,,,,-21.814,,,,-21.0694,,,,-22.87,,,,-22.6036,,,,-26.8025,,,,-24.447,,,,-25.8366,,,,-23.403,,,,-23.9371,,,,-23.314,,,,-24.9369,,,,-23.77
,,,,-23.786,,,,-20.8024,,,,-22.403,,,,-20.5689,,,,-21.947,,,,-21.1026,,,,-22.948,,,,-22.6036,,,,-26.7691,,,,-24.469,,,,-25.8366,,,,-23.525,,,,-24.1705,,,,-23.47,,,,-25.137,,,,-23.87
,,,,-23.786,,,,-20.769,,,,-22.369,,,,-20.5021,,,,-21.936,,,,-21.1026,,,,-22.959,,,,-22.637,,,,-26.8025,,,,-24.469,,,,-25.8366,,,,-23.514,,,,-24.2038,,,,-23.481,,,,-25.137,,,,-23.887
,,,,-23.786,,,,-20.769,,,,-22.403,,,,-20.5355,,,,-21.947,,,,-21.1026,,,,-22.959,,,,-22.637,,,,-26.8025,,,,-24.492,,,,-25.9032,,,,-23.548,,,,-24.2038,,,,-23.481,,,,-25.137,,,,-23.887
,,,,-23.786,,,,-20.769,,,,-22.403,,,,-20.5689,,,,-21.97,,,,-21.1026,,,,-22.97,,,,-22.637,,,,-26.8025,,,,-24.48,,,,-25.8699,,,,-23.559,,,,-24.2372,,,,-23.503,,,,-25.1703,,,,-23.904
,,,,-23.802,,,,-20.8024,,,,-22.425,,,,-20.6022,,,,-21.981,,,,-21.136,,,,-22.992,,,,-22.6703,,,,-26.8025,,,,-24.492,,,,-25.8699,,,,-23.559,,,,-24.2038,,,,-23.503,,,,-25.1703,,,,-23.92
,,,,-23.819,,,,-20.8358,,,,-22.447,,,,-20.5689,,,,-21.981,,,,-21.136,,,,-23.003,,,,-22.6703,,,,-26.8025,,,,-24.525,,,,-25.9364,,,,-23.581,,,,-24.2372,,,,-23.526,,,,-25.2035,,,,-23.937
,,,,-23.869,,,,-20.9358,,,,-22.48,,,,-20.6022,,,,-21.992,,,,-21.136,,,,-23.003,,,,-22.6703,,,,-26.8025,,,,-24.547,,,,-25.9032,,,,-23.581,,,,-24.2372,,,,-23.526,,,,-25.2035,,,,-23.937
,,,,-23.852,,,,-20.9025,,,,-22.458,,,,-20.5689,,,,-22.003,,,,-21.1694,,,,-23.037,,,,-22.7037,,,,-26.8025,,,,-24.536,,,,-25.9032,,,,-23.581,,,,-24.2704,,,,-23.559,,,,-25.2369,,,,-23.97
,,,,-23.869,,,,-20.9025,,,,-22.492,,,,-20.6022,,,,-22.025,,,,-21.1694,,,,-23.048,,,,-22.7037,,,,-26.8358,,,,-24.569,,,,-25.9698,,,,-23.625,,,,-24.3038,,,,-23.581,,,,-25.2701,,,,-23.987
,,,,-23.869,,,,-20.9358,,,,-22.514,,,,-20.6356,,,,-22.036,,,,-21.1694,,,,-23.048,,,,-22.7037,,,,-26.8025,,,,-24.569,,,,-25.9698,,,,-23.636,,,,-24.3038,,,,-23.581,,,,-25.2701,,,,-23.987
,,,,-23.869,,,,-20.9025,,,,-22.492,,,,-20.6022,,,,-22.047,,,,-21.2028,,,,-23.059,,,,-22.7037,,,,-26.8358,,,,-24.569,,,,-25.9698,,,,-23.636,,,,-24.3372,,,,-23.603,,,,-25.2701,,,,-23.987
,,,,-23.869,,,,-20.9025,,,,-22.503,,,,-20.6356,,,,-22.07,,,,-21.2028,,,,-23.081,,,,-22.737,,,,-26.8358,,,,-24.569,,,,-25.9698,,,,-23.659,,,,-24.3705,,,,-23.626,,,,-25.3035,,,,-24.02
,,,,-23.869,,,,-20.9025,,,,-22.503,,,,-20.6022,,,,-22.058,,,,-21.2028,,,,-23.092,,,,-22.7703,,,,-26.8358,,,,-24.58,,,,-26.0031,,,,-23.659,,,,-24.3705,,,,-23.626,,,,-25.3035,,,,-24.037
,,,,-23.903,,,,-20.9693,,,,-22.547,,,,-20.669,,,,-22.081,,,,-21.2028,,,,-23.103,,,,-22.7703,,,,-26.8358,,,,-24.603,,,,-26.0031,,,,-23.681,,,,-24.3705,,,,-23.637,,,,-25.3368,,,,-24.054
,,,,-23.919,,,,-21.0026,,,,-22.558,,,,-20.669,,,,-22.092,,,,-21.2028,,,,-23.114,,,,-22.7703,,,,-26.8358,,,,-24.614,,,,-26.0031,,,,-23.692,,,,-24.4038,,,,-23.659,,,,-25.3702,,,,-24.07
,,,,-23.919,,,,-21.0026,,,,-22.569,,,,-20.7024,,,,-22.092,,,,-21.1694,,,,-23.092,,,,-22.7703,,,,-26.8358,,,,-24.614,,,,-26.0031,,,,-23.703,,,,-24.4038,,,,-23.637,,,,-25.3368,,,,-24.054
,,,,-23.919,,,,-20.9693,,,,-22.547,,,,-20.6356,,,,-22.092,,,,-21.2028,,,,-23.126,,,,-22.8037,,,,-26.8691,,,,-24.625,,,,-26.0364,,,,-23.703,,,,-24.4371,,,,-23.67,,,,-25.3702,,,,-24.087
,,,,-23.953,,,,-21.036,,,,-22.58,,,,-20.669,,,,-22.103,,,,-21.2028,,,,-23.148,,,,-22.837,,,,-26.8691,,,,-24.647,,,,-26.0364,,,,-23.714,,,,-24.4371,,,,-23.681,,,,-25.4035,,,,-24.12
,,,,-23.953,,,,-21.036,,,,-22.603,,,,-20.7024,,,,-22.125,,,,-21.2361,,,,-23.148,,,,-22.8037,,,,-26.8691,,,,-24.658,,,,-26.0697,,,,-23.736,,,,-24.4371,,,,-23.692,,,,-25.4035,,,,-24.104
,,,,-23.953,,,,-21.036,,,,-22.58,,,,-20.669,,,,-22.136,,,,-21.2361,,,,-23.159,,,,-22.837,,,,-26.8691,,,,-24.647,,,,-26.0364,,,,-23.736,,,,-24.5038,,,,-23.714,,,,-25.4035,,,,-24.12
,,,,-23.953,,,,-21.0694,,,,-22.614,,,,-20.7024,,,,-22.147,,,,-21.2694,,,,-23.181,,,,-22.837,,,,-26.8358,,,,-24.658,,,,-26.0697,,,,-23.748,,,,-24.4705,,,,-23.726,,,,-25.4367,,,,-24.137
,,,,-23.919,,,,-21.0026,,,,-22.58,,,,-20.7024,,,,-22.17,,,,-21.2694,,,,-23.181,,,,-22.837,,,,-26.8358,,,,-24.625,,,,-26.0364,,,,-23.759,,,,-24.5371,,,,-23.748,,,,-25.4367,,,,-24.137
,,,,-23.969,,,,-21.1026,,,,-22.647,,,,-20.769,,,,-22.181,,,,-21.2694,,,,-23.181,,,,-22.837,,,,-26.8358,,,,-24.669,,,,-26.0697,,,,-23.781,,,,-24.5038,,,,-23.737,,,,-25.4367,,,,-24.137
,,,,-23.969,,,,-21.0694,,,,-22.647,,,,-20.769,,,,-22.214,,,,-21.3029,,,,-23.203,,,,-22.837,,,,-26.8691,,,,-24.68,,,,-26.103,,,,-23.814,,,,-24.5704,,,,-23.781,,,,-25.4701,,,,-24.154
,,,,-23.969,,,,-21.0694,,,,-22.625,,,,-20.7357,,,,-22.192,,,,-21.2694,,,,-23.203,,,,-22.8704,,,,-26.8691,,,,-24.669,,,,-26.0697,,,,-23.792,,,,-24.5704,,,,-23.77,,,,-25.4701,,,,-24.17
,,,,-23.969,,,,-21.0694,,,,-22.647,,,,-20.769,,,,-22.214,,,,-21.3029,,,,-23.226,,,,-22.9037,,,,-26.8691,,,,-24.68,,,,-26.103,,,,-23.814,,,,-24.5704,,,,-23.781,,,,-25.4701,,,,-24.187
,,,,-24.003,,,,-21.136,,,,-22.692,,,,-20.8024,,,,-22.225,,,,-21.3029,,,,-23.226,,,,-22.8704,,,,-26.8691,,,,-24.714,,,,-26.1364,,,,-23.836,,,,-24.5704,,,,-23.792,,,,-25.5035,,,,-24.187
,,,,-24.003,,,,-21.136,,,,-22.692,,,,-20.8024,,,,-22.236,,,,-21.3029,,,,-23.237,,,,-22.9037,,,,-26.8691,,,,-24.714,,,,-26.1364,,,,-23.847,,,,-24.6037,,,,-23.803,,,,-25.5035,,,,-24.204
,,,,-24.036,,,,-21.2028,,,,-22.703,,,,-20.8024,,,,-22.236,,,,-21.3029,,,,-23.248,,,,-22.9037,,,,-26.8691,,,,-24.725,,,,-26.103,,,,-23.836,,,,-24.6037,,,,-23.814,,,,-25.5368,,,,-24.22
,,,,-24.036,,,,-21.2028,,,,-22.714,,,,-20.8024,,,,-22.259,,,,-21.3363,,,,-23.27,,,,-22.937,,,,-26.8691,,,,-24.736,,,,-26.1364,,,,-23.859,,,,-24.6371,,,,-23.837,,,,-25.5368,,,,-24.237
,,,,-24.003,,,,-21.136,,,,-22.703,,,,-20.8024,,,,-22.259,,,,-21.3363,,,,-23.281,,,,-22.937,,,,-26.8691,,,,-24.725,,,,-26.1697,,,,-23.87,,,,-24.6371,,,,-23.848,,,,-25.57,,,,-24.254
,,,,-24.036,,,,-21.2028,,,,-22.714,,,,-20.8024,,,,-22.27,,,,-21.3363,,,,-23.27,,,,-22.937,,,,-26.8691,,,,-24.736,,,,-26.1364,,,,-23.87,,,,-24.6704,,,,-23.848,,,,-25.5368,,,,-24.237
,,,,-24.053,,,,-21.2361,,,,-22.758,,,,-20.8692,,,,-22.303,,,,-21.3696,,,,-23.292,,,,-22.937,,,,-26.8691,,,,-24.758,,,,-26.1697,,,,-23.903,,,,-24.6704,,,,-23.87,,,,-25.57,,,,-24.254
,,,,-24.053,,,,-21.2361,,,,-22.758,,,,-20.8692,,,,-22.314,,,,-21.3696,,,,-23.314,,,,-22.9704,,,,-26.8691,,,,-24.758,,,,-26.1697,,,,-23.914,,,,-24.7038,,,,-23.892,,,,-25.6033,,,,-24.287
,,,,-24.069,,,,-21.2694,,,,-22.781,,,,-20.9025,,,,-22.348,,,,-21.403,,,,-23.337,,,,-22.9704,,,,-26.8691,,,,-24.769,,,,-26.1697,,,,-23.936,,,,-24.7371,,,,-23.926,,,,-25.6367,,,,-24.304
,,,,-24.086,,,,-21.3029,,,,-22.803,,,,-20.9025,,,,-22.359,,,,-21.403,,,,-23.348,,,,-23.0038,,,,-26.8691,,,,-24.792,,,,-26.203,,,,-23.959,,,,-24.7703,,,,-23.937,,,,-25.6367,,,,-24.32
,,,,-24.103,,,,-21.3363,,,,-22.825,,,,-20.9025,,,,-22.381,,,,-21.4362,,,,-23.381,,,,-23.0038,,,,-26.8691,,,,-24.814,,,,-26.2363,,,,-23.981,,,,-24.8037,,,,-23.981,,,,-25.7033,,,,-24.354
,,,,-24.103,,,,-21.3363,,,,-22.847,,,,-20.9693,,,,-22.414,,,,-21.4362,,,,-23.37,,,,-23.0038,,,,-26.8691,,,,-24.814,,,,-26.2363,,,,-24.014,,,,-24.8371,,,,-23.981,,,,-25.67,,,,-24.337
,,,,-24.119,,,,-21.3363,,,,-22.836,,,,-20.9358,,,,-22.403,,,,-21.4362,,,,-23.392,,,,-23.0371,,,,-26.9023,,,,-24.825,,,,-26.2363,,,,-24.003,,,,-24.8371,,,,-23.992,,,,-25.7033,,,,-24.37
,,,,-24.136,,,,-21.403,,,,-22.892,,,,-21.0026,,,,-22.425,,,,-21.4362,,,,-23.392,,,,-23.0371,,,,-26.8691,,,,-24.847,,,,-26.2695,,,,-24.036,,,,-24.8371,,,,-23.992,,,,-25.7033,,,,-24.37
,,,,-24.153,,,,-21.4362,,,,-22.892,,,,-20.9693,,,,-22.425,,,,-21.4697,,,,-23.426,,,,-23.0705,,,,-26.8691,,,,-24.858,,,,-26.2695,,,,-24.025,,,,-24.8371,,,,-24.014,,,,-25.7366,,,,-24.404
,,,,-24.119,,,,-21.3696,,,,-22.847,,,,-20.9358,,,,-22.425,,,,-21.4697,,,,-23.426,,,,-23.0705,,,,-26.8691,,,,-24.825,,,,-26.2363,,,,-24.014,,,,-24.8703,,,,-24.026,,,,-25.7366,,,,-24.404
,,,,-24.136,,,,-21.403,,,,-22.881,,,,-20.9693,,,,-22.448,,,,-21.4697,,,,-23.437,,,,-23.1038,,,,-26.8691,,,,-24.847,,,,-26.2695,,,,-24.048,,,,-24.9037,,,,-24.037,,,,-25.7366,,,,-24.42
,,,,-24.169,,,,-21.403,,,,-22.903,,,,-21.036,,,,-22.47,,,,-21.4697,,,,-23.437,,,,-23.0705,,,,-26.9356,,,,-24.869,,,,-26.2695,,,,-24.07,,,,-24.9037,,,,-24.048,,,,-25.7699,,,,-24.42
,,,,-24.136,,,,-21.3696,,,,-22.892,,,,-21.0026,,,,-22.459,,,,-21.4697,,,,-23.448,,,,-23.1038,,,,-26.9023,,,,-24.858,,,,-26.3029,,,,-24.07,,,,-24.9037,,,,-24.048,,,,-25.7699,,,,-24.437
,,,,-24.169,,,,-21.4362,,,,-22.914,,,,-21.036,,,,-22.47,,,,-21.4697,,,,-23.448,,,,-23.1038,,,,-26.9023,,,,-24.869,,,,-26.2695,,,,-24.07,,,,-24.9037,,,,-24.048,,,,-25.7699,,,,-24.437
,,,,-24.186,,,,-21.503,,,,-22.947,,,,-21.036,,,,-22.492,,,,-21.503,,,,-23.47,,,,-23.1038,,,,-26.8691,,,,-24.892,,,,-26.3029,,,,-24.092,,,,-24.9369,,,,-24.081,,,,-25.8033,,,,-24.454
,,,,-24.203,,,,-21.4697,,,,-22.947,,,,-21.0694,,,,-22.514,,,,-21.503,,,,-23.481,,,,-23.1372,,,,-26.9356,,,,-24.903,,,,-26.3029,,,,-24.114,,,,-24.9703,,,,-24.092,,,,-25.8033,,,,-24.47
,,,,-24.169,,,,-21.4362,,,,-22.936,,,,-21.0694,,,,-22.514,,,,-21.503,,,,-23.492,,,,-23.1372,,,,-26.9023,,,,-24.88,,,,-26.3029,,,,-24.114,,,,-24.9703,,,,-24.103,,,,-25.8366,,,,-24.487
,,,,-24.186,,,,-21.4697,,,,-22.947,,,,-21.0694,,,,-22.525,,,,-21.5364,,,,-23.503,,,,-23.1704,,,,-26.9023,,,,-24.892,,,,-26.3029,,,,-24.114,,,,-24.9703,,,,-24.103,,,,-25.8033,,,,-24.487
,,,,-24.203,,,,-21.503,,,,-22.958,,,,-21.0694,,,,-22.525,,,,-21.5364,,,,-23.514,,,,-23.1704,,,,-26.9023,,,,-24.903,,,,-26.3029,,,,-24.114,,,,-24.9703,,,,-24.114,,,,-25.8366,,,,-24.504
,,,,-24.203,,,,-21.4697,,,,-22.981,,,,-21.136,,,,-22.57,,,,-21.5364,,,,-23.503,,,,-23.1372,,,,-26.9356,,,,-24.914,,,,-26.3362,,,,-24.17,,,,-25.037,,,,-24.137,,,,-25.8366,,,,-24.487
,,,,-24.253,,,,-21.603,,,,-23.047,,,,-21.1694,,,,-22.592,,,,-21.5697,,,,-23.559,,,,-23.2038,,,,-26.9023,,,,-24.958,,,,-26.3695,,,,-24.192,,,,-25.037,,,,-24.17,,,,-25.9032,,,,-24.554
,,,,-24.269,,,,-21.603,,,,-23.025,,,,-21.1026,,,,-22.581,,,,-21.5697,,,,-23.559,,,,-23.2038,,,,-26.9356,,,,-24.969,,,,-26.3695,,,,-24.181,,,,-25.0703,,,,-24.181,,,,-25.9032,,,,-24.554
,,,,-24.236,,,,-21.5697,,,,-23.036,,,,-21.2028,,,,-22.614,,,,-21.5697,,,,-23.57,,,,-23.2371,,,,-26.9023,,,,-24.936,,,,-26.3362,,,,-24.203,,,,-25.0703,,,,-24.181,,,,-25.9032,,,,-24.57
,,,,-24.269,,,,-21.6365,,,,-23.07,,,,-21.2028,,,,-22.625,,,,-21.5697,,,,-23.581,,,,-23.2371,,,,-26.9023,,,,-24.969,,,,-26.3695,,,,-24.225,,,,-25.1036,,,,-24.203,,,,-25.9364,,,,-24.587
,,,,-24.303,,,,-21.6698,,,,-23.092,,,,-21.2361,,,,-22.636,,,,-21.5697,,,,-23.592,,,,-23.2704,,,,-26.9356,,,,-24.992,,,,-26.3695,,,,-24.236,,,,-25.1036,,,,-24.203,,,,-25.9364,,,,-24.603
,,,,-24.303,,,,-21.6698,,,,-23.081,,,,-21.1694,,,,-22.625,,,,-21.603,,,,-23.603,,,,-23.2704,,,,-26.9356,,,,-25.003,,,,-26.4028,,,,-24.225,,,,-25.1036,,,,-24.214,,,,-25.9364,,,,-24.603
,,,,-24.286,,,,-21.6698,,,,-23.092,,,,-21.2361,,,,-22.67,,,,-21.6365,,,,-23.614,,,,-23.2704,,,,-26.9023,,,,-24.981,,,,-26.3695,,,,-24.248,,,,-25.137,,,,-24.237,,,,-25.9364,,,,-24.603
,,,,-24.269,,,,-21.603,,,,-23.047,,,,-21.1694,,,,-22.659,,,,-21.6365,,,,-23.637,,,,-23.3038,,,,-26.9356,,,,-24.969,,,,-26.3695,,,,-24.236,,,,-25.1703,,,,-24.259,,,,-25.9698,,,,-24.637
,,,,-24.286,,,,-21.6365,,,,-23.07,,,,-21.2028,,,,-22.659,,,,-21.603,,,,-23.614,,,,-23.2704,,,,-26.9356,,,,-24.981,,,,-26.3695,,,,-24.248,,,,-25.1703,,,,-24.248,,,,-25.9698,,,,-24.62
,,,,-24.286,,,,-21.6365,,,,-23.103,,,,-21.2694,,,,-22.692,,,,-21.6365,,,,-23.648,,,,-23.3038,,,,-26.9356,,,,-24.992,,,,-26.4028,,,,-24.281,,,,-25.1703,,,,-24.27,,,,-26.0031,,,,-24.653
,,,,-24.336,,,,-21.7365,,,,-23.125,,,,-21.2361,,,,-22.681,,,,-21.6365,,,,-23.659,,,,-23.3372,,,,-26.9356,,,,-25.025,,,,-26.4028,,,,-24.27,,,,-25.1703,,,,-24.27,,,,-26.0031,,,,-24.67
,,,,-24.336,,,,-21.7365,,,,-23.147,,,,-21.2694,,,,-22.703,,,,-21.6365,,,,-23.659,,,,-23.3372,,,,-26.9356,,,,-25.036,,,,-26.4361,,,,-24.303,,,,-25.2035,,,,-24.281,,,,-26.0031,,,,-24.67
,,,,-24.319,,,,-21.6698,,,,-23.114,,,,-21.2694,,,,-22.725,,,,-21.6698,,,,-23.681,,,,-23.3372,,,,-26.969,,,,-25.014,,,,-26.4028,,,,-24.303,,,,-25.2369,,,,-24.314,,,,-26.0364,,,,-24.687
,,,,-24.369,,,,-21.7698,,,,-23.17,,,,-21.3029,,,,-22.737,,,,-21.6698,,,,-23.67,,,,-23.3372,,,,-26.969,,,,-25.058,,,,-26.4361,,,,-24.325,,,,-25.2369,,,,-24.303,,,,-26.0031,,,,-24.67
,,,,-24.386,,,,-21.7698,,,,-23.147,,,,-21.2694,,,,-22.725,,,,-21.6698,,,,-23.681,,,,-23.3372,,,,-27.0023,,,,-25.058,,,,-26.4028,,,,-24.303,,,,-25.2369,,,,-24.314,,,,-26.0364,,,,-24.687
,,,,-24.369,,,,-21.7698,,,,-23.192,,,,-21.3696,,,,-22.781,,,,-21.6698,,,,-23.692,,,,-23.3705,,,,-26.969,,,,-25.058,,,,-26.4361,,,,-24.37,,,,-25.3035,,,,-24.337,,,,-26.0364,,,,-24.703
,,,,-24.353,,,,-21.7698,,,,-23.192,,,,-21.3696,,,,-22.781,,,,-21.7032,,,,-23.703,,,,-23.3705,,,,-26.9356,,,,-25.047,,,,-26.4361,,,,-24.359,,,,-25.2701,,,,-24.337,,,,-26.0364,,,,-24.703
,,,,-24.403,,,,-21.8032,,,,-23.203,,,,-21.3696,,,,-22.803,,,,-21.7032,,,,-23.737,,,,-23.4039,,,,-27.0023,,,,-25.081,,,,-26.4361,,,,-24.381,,,,-25.3368,,,,-24.381,,,,-26.103,,,,-24.753
,,,,-24.403,,,,-21.8032,,,,-23.203,,,,-21.3363,,,,-22.792,,,,-21.7032,,,,-23.737,,,,-23.4371,,,,-27.0023,,,,-25.092,,,,-26.4695,,,,-24.381,,,,-25.3368,,,,-24.37,,,,-26.0697,,,,-24.753
,,,,-24.419,,,,-21.8366,,,,-23.225,,,,-21.3696,,,,-22.814,,,,-21.7365,,,,-23.759,,,,-23.4371,,,,-27.0023,,,,-25.103,,,,-26.4695,,,,-24.392,,,,-25.3368,,,,-24.392,,,,-26.103,,,,-24.77
,,,,-24.436,,,,-21.8699,,,,-23.225,,,,-21.3696,,,,-22.814,,,,-21.7365,,,,-23.759,,,,-23.4371,,,,-27.0023,,,,-25.103,,,,-26.4361,,,,-24.381,,,,-25.3368,,,,-24.392,,,,-26.103,,,,-24.77
,,,,-24.436,,,,-21.8699,,,,-23.236,,,,-21.403,,,,-22.837,,,,-21.7365,,,,-23.77,,,,-23.4371,,,,-27.0023,,,,-25.103,,,,-26.4361,,,,-24.403,,,,-25.3702,,,,-24.414,,,,-26.1364,,,,-24.787
,,,,-24.453,,,,-21.9033,,,,-23.281,,,,-21.4362,,,,-22.87,,,,-21.7698,,,,-23.781,,,,-23.4371,,,,-27.0023,,,,-25.136,,,,-26.5028,,,,-24.448,,,,-25.4035,,,,-24.437,,,,-26.1364,,,,-24.787
,,,,-24.469,,,,-21.9366,,,,-23.27,,,,-21.403,,,,-22.848,,,,-21.7365,,,,-23.781,,,,-23.4706,,,,-27.0023,,,,-25.136,,,,-26.4695,,,,-24.425,,,,-25.4035,,,,-24.425,,,,-26.1364,,,,-24.804
,,,,-24.503,,,,-21.97,,,,-23.281,,,,-21.403,,,,-22.859,,,,-21.7698,,,,-23.792,,,,-23.4706,,,,-27.0356,,,,-25.158,,,,-26.4695,,,,-24.425,,,,-25.4035,,,,-24.437,,,,-26.1364,,,,-24.804
,,,,-24.486,,,,-21.9366,,,,-23.292,,,,-21.4697,,,,-22.892,,,,-21.7698,,,,-23.814,,,,-23.5038,,,,-27.0356,,,,-25.147,,,,-26.4695,,,,-24.459,,,,-25.4367,,,,-24.459,,,,-26.1697,,,,-24.837
,,,,-24.503,,,,-21.97,,,,-23.314,,,,-21.503,,,,-22.903,,,,-21.7698,,,,-23.814,,,,-23.5038,,,,-27.0356,,,,-25.158,,,,-26.4695,,,,-24.47,,,,-25.4367,,,,-24.459,,,,-26.1697,,,,-24.837
,,,,-24.486,,,,-21.9366,,,,-23.303,,,,-21.4697,,,,-22.903,,,,-21.7698,,,,-23.814,,,,-23.5038,,,,-27.0356,,,,-25.158,,,,-26.5028,,,,-24.481,,,,-25.4701,,,,-24.47,,,,-26.1697,,,,-24.837
,,,,-24.486,,,,-21.9366,,,,-23.303,,,,-21.4697,,,,-22.903,,,,-21.7698,,,,-23.814,,,,-23.5038,,,,-27.0356,,,,-25.158,,,,-26.5028,,,,-24.481,,,,-25.4701,,,,-24.47,,,,-26.1697,,,,-24.837
,,,,-24.503,,,,-21.97,,,,-23.314,,,,-21.4697,,,,-22.903,,,,-21.7698,,,,-23.837,,,,-23.5372,,,,-27.0356,,,,-25.169,,,,-26.5028,,,,-24.481,,,,-25.4701,,,,-24.481,,,,-26.203,,,,-24.87
,,,,-24.536,,,,-22.0367,,,,-23.314,,,,-21.4362,,,,-22.903,,,,-21.8032,,,,-23.848,,,,-23.5372,,,,-27.0356,,,,-25.181,,,,-26.4695,,,,-24.459,,,,-25.4701,,,,-24.492,,,,-26.203,,,,-24.87
,,,,-24.503,,,,-21.97,,,,-23.314,,,,-21.4697,,,,-22.925,,,,-21.8032,,,,-23.848,,,,-23.5372,,,,-27.0356,,,,-25.169,,,,-26.5028,,,,-24.492,,,,-25.5035,,,,-24.503,,,,-26.203,,,,-24.87
,,,,-24.553,,,,-22.0367,,,,-23.347,,,,-21.503,,,,-22.925,,,,-21.7698,,,,-23.848,,,,-23.5705,,,,-27.0689,,,,-25.203,,,,-26.5028,,,,-24.503,,,,-25.5035,,,,-24.492,,,,-26.203,,,,-24.887
,,,,-24.569,,,,-22.0701,,,,-23.381,,,,-21.5364,,,,-22.959,,,,-21.8032,,,,-23.859,,,,-23.5372,,,,-27.0689,,,,-25.225,,,,-26.5361,,,,-24.536,,,,-25.5368,,,,-24.525,,,,-26.2363,,,,-24.887
,,,,-24.553,,,,-22.0701,,,,-23.37,,,,-21.5364,,,,-22.97,,,,-21.8366,,,,-23.881,,,,-23.5705,,,,-27.0356,,,,-25.203,,,,-26.5028,,,,-24.525,,,,-25.5368,,,,-24.537,,,,-26.2363,,,,-24.903
,,,,-24.586,,,,-22.1368,,,,-23.403,,,,-21.5364,,,,-22.959,,,,-21.8032,,,,-23.892,,,,-23.6038,,,,-27.0356,,,,-25.236,,,,-26.5361,,,,-24.536,,,,-25.5368,,,,-24.536,,,,-26.2695,,,,-24.937
,,,,-24.536,,,,-22.0034,,,,-23.359,,,,-21.5364,,,,-22.97,,,,-21.8032,,,,-23.892,,,,-23.6038,,,,-27.0689,,,,-25.203,,,,-26.5361,,,,-24.548,,,,-25.57,,,,-24.548,,,,-26.2695,,,,-24.937
,,,,-24.586,,,,-22.1034,,,,-23.403,,,,-21.603,,,,-23.003,,,,-21.8366,,,,-23.892,,,,-23.6038,,,,-27.0689,,,,-25.225,,,,-26.5028,,,,-24.559,,,,-25.57,,,,-24.548,,,,-26.2363,,,,-24.92
,,,,-24.603,,,,-22.1368,,,,-23.403,,,,-21.5364,,,,-22.981,,,,-21.8366,,,,-23.903,,,,-23.6038,,,,-27.0689,,,,-25.247,,,,-26.5361,,,,-24.548,,,,-25.57,,,,-24.559,,,,-26.2695,,,,-24.937
,,,,-24.553,,,,-22.0701,,,,-23.392,,,,-21.5697,,,,-23.003,,,,-21.8699,,,,-23.937,,,,-23.6372,,,,-27.0356,,,,-25.214,,,,-26.5361,,,,-24.559,,,,-25.57,,,,-24.581,,,,-26.3029,,,,-24.97
,,,,-24.586,,,,-22.1034,,,,-23.425,,,,-21.6365,,,,-23.025,,,,-21.8366,,,,-23.914,,,,-23.6372,,,,-27.0689,,,,-25.236,,,,-26.5361,,,,-24.592,,,,-25.6033,,,,-24.57,,,,-26.2695,,,,-24.953
,,,,-24.586,,,,-22.0701,,,,-23.392,,,,-21.603,,,,-23.025,,,,-21.8699,,,,-23.937,,,,-23.6372,,,,-27.1021,,,,-25.225,,,,-26.5028,,,,-24.57,,,,-25.6033,,,,-24.592,,,,-26.3029,,,,-24.97
,,,,-24.603,,,,-22.1034,,,,-23.414,,,,-21.603,,,,-23.037,,,,-21.8699,,,,-23.937,,,,-23.6372,,,,-27.1021,,,,-25.247,,,,-26.5361,,,,-24.592,,,,-25.6367,,,,-24.603,,,,-26.3029,,,,-24.97
,,,,-24.653,,,,-22.1701,,,,-23.448,,,,-21.6365,,,,-23.048,,,,-21.8699,,,,-23.959,,,,-23.6705,,,,-27.1355,,,,-25.281,,,,-26.5361,,,,-24.603,,,,-25.6367,,,,-24.614,,,,-26.3362,,,,-25.003
,,,,-24.653,,,,-22.2034,,,,-23.481,,,,-21.6698,,,,-23.059,,,,-21.8699,,,,-23.959,,,,-23.6705,,,,-27.1021,,,,-25.292,,,,-26.5693,,,,-24.625,,,,-25.6367,,,,-24.614,,,,-26.3362,,,,-25.003
,,,,-24.669,,,,-22.2368,,,,-23.481,,,,-21.6698,,,,-23.07,,,,-21.9033,,,,-23.97,,,,-23.6705,,,,-27.1021,,,,-25.292,,,,-26.5361,,,,-24.614,,,,-25.6367,,,,-24.625,,,,-26.3362,,,,-25.003
,,,,-24.653,,,,-22.2034,,,,-23.481,,,,-21.6698,,,,-23.081,,,,-21.9033,,,,-23.981,,,,-23.7039,,,,-27.1021,,,,-25.292,,,,-26.5693,,,,-24.636,,,,-25.67,,,,-24.636,,,,-26.3362,,,,-25.02
,,,,-24.669,,,,-22.2368,,,,-23.503,,,,-21.7032,,,,-23.092,,,,-21.9033,,,,-23.992,,,,-23.7039,,,,-27.1021,,,,-25.303,,,,-26.5693,,,,-24.647,,,,-25.67,,,,-24.648,,,,-26.3695,,,,-25.037
,,,,-24.653,,,,-22.2034,,,,-23.492,,,,-21.7032,,,,-23.103,,,,-21.9033,,,,-23.992,,,,-23.7039,,,,-27.1021,,,,-25.292,,,,-26.5693,,,,-24.659,,,,-25.7033,,,,-24.659,,,,-26.3695,,,,-25.037
,,,,-24.653,,,,-22.2034,,,,-23.492,,,,-21.7032,,,,-23.125,,,,-21.9366,,,,-24.003,,,,-23.7039,,,,-27.1021,,,,-25.292,,,,-26.5693,,,,-24.67,,,,-25.7366,,,,-24.681,,,,-26.3695,,,,-25.037
,,,,-24.686,,,,-22.2368,,,,-23.514,,,,-21.7032,,,,-23.114,,,,-21.9366,,,,-24.014,,,,-23.7039,,,,-27.1355,,,,-25.325,,,,-26.6026,,,,-24.67,,,,-25.7033,,,,-24.681,,,,-26.4028,,,,-25.053
,,,,-24.703,,,,-22.3035,,,,-23.548,,,,-21.7698,,,,-23.148,,,,-21.9366,,,,-24.026,,,,-23.7372,,,,-27.1021,,,,-25.325,,,,-26.5693,,,,-24.692,,,,-25.7366,,,,-24.692,,,,-26.4028,,,,-25.07
,,,,-24.703,,,,-22.2701,,,,-23.548,,,,-21.7698,,,,-23.159,,,,-21.97,,,,-24.037,,,,-23.7372,,,,-27.1355,,,,-25.336,,,,-26.6026,,,,-24.703,,,,-25.7366,,,,-24.703,,,,-26.4028,,,,-25.07
,,,,-24.736,,,,-22.3369,,,,-23.548,,,,-21.7365,,,,-23.148,,,,-21.9366,,,,-24.037,,,,-23.7372,,,,-27.1355,,,,-25.347,,,,-26.5693,,,,-24.692,,,,-25.7699,,,,-24.714,,,,-26.4361,,,,-25.087
,,,,-24.753,,,,-22.3702,,,,-23.559,,,,-21.7365,,,,-23.159,,,,-21.97,,,,-24.059,,,,-23.7705,,,,-27.1355,,,,-25.358,,,,-26.5693,,,,-24.692,,,,-25.7699,,,,-24.725,,,,-26.4361,,,,-25.103
,,,,-24.736,,,,-22.3369,,,,-23.536,,,,-21.7365,,,,-23.17,,,,-21.97,,,,-24.059,,,,-23.7705,,,,-27.1355,,,,-25.336,,,,-26.5361,,,,-24.692,,,,-25.8033,,,,-24.736,,,,-26.4361,,,,-25.103
,,,,-24.753,,,,-22.3369,,,,-23.581,,,,-21.8032,,,,-23.17,,,,-21.9366,,,,-24.07,,,,-23.8039,,,,-27.1688,,,,-25.369,,,,-26.6026,,,,-24.725,,,,-25.7699,,,,-24.725,,,,-26.4695,,,,-25.137
,,,,-24.77,,,,-22.3702,,,,-23.592,,,,-21.8032,,,,-23.192,,,,-21.97,,,,-24.081,,,,-23.8039,,,,-27.1688,,,,-25.381,,,,-26.6026,,,,-24.736,,,,-25.8033,,,,-24.748,,,,-26.4695,,,,-25.137
,,,,-24.77,,,,-22.3702,,,,-23.592,,,,-21.8032,,,,-23.214,,,,-22.0034,,,,-24.114,,,,-23.8372,,,,-27.1688,,,,-25.381,,,,-26.6026,,,,-24.747,,,,-25.8366,,,,-24.781,,,,-26.5028,,,,-25.17
,,,,-24.753,,,,-22.3369,,,,-23.592,,,,-21.8366,,,,-23.226,,,,-22.0034,,,,-24.092,,,,-23.8039,,,,-27.1688,,,,-25.369,,,,-26.6026,,,,-24.759,,,,-25.8366,,,,-24.77,,,,-26.4695,,,,-25.137
,,,,-24.77,,,,-22.3702,,,,-23.592,,,,-21.8032,,,,-23.214,,,,-22.0034,,,,-24.103,,,,-23.8039,,,,-27.1688,,,,-25.381,,,,-26.6026,,,,-24.747,,,,-25.8366,,,,-24.781,,,,-26.5028,,,,-25.153
,,,,-24.786,,,,-22.4036,,,,-23.614,,,,-21.8366,,,,-23.226,,,,-22.0034,,,,-24.126,,,,-23.8705,,,,-27.1688,,,,-25.392,,,,-26.6026,,,,-24.759,,,,-25.8366,,,,-24.781,,,,-26.5028,,,,-25.187
,,,,-24.82,,,,-22.4369,,,,-23.625,,,,-21.8366,,,,-23.237,,,,-22.0034,,,,-24.137,,,,-23.8705,,,,-27.2021,,,,-25.414,,,,-26.6026,,,,-24.77,,,,-25.8699,,,,-24.803,,,,-26.5361,,,,-25.203
,,,,-24.82,,,,-22.4369,,,,-23.648,,,,-21.8699,,,,-23.248,,,,-22.0034,,,,-24.114,,,,-23.8372,,,,-27.2021,,,,-25.425,,,,-26.6359,,,,-24.792,,,,-25.8699,,,,-24.792,,,,-26.5028,,,,-25.17
,,,,-24.836,,,,-22.4369,,,,-23.648,,,,-21.8699,,,,-23.259,,,,-22.0034,,,,-24.126,,,,-23.8705,,,,-27.2353,,,,-25.436,,,,-26.6359,,,,-24.803,,,,-25.9032,,,,-24.803,,,,-26.5028,,,,-25.187
,,,,-24.853,,,,-22.4703,,,,-23.67,,,,-21.8699,,,,-23.27,,,,-22.0367,,,,-24.159,,,,-23.8705,,,,-27.2353,,,,-25.458,,,,-26.6693,,,,-24.814,,,,-25.9032,,,,-24.836,,,,-26.5693,,,,-25.22
,,,,-24.869,,,,-22.4703,,,,-23.681,,,,-21.8699,,,,-23.27,,,,-22.0367,,,,-24.181,,,,-23.8705,,,,-27.2686,,,,-25.48,,,,-26.7026,,,,-24.825,,,,-25.9032,,,,-24.859,,,,-26.6359,,,,-25.253
,,,,-24.869,,,,-22.4036,,,,-23.703,,,,-21.9366,,,,-23.303,,,,-22.0367,,,,-24.192,,,,-23.9039,,,,-27.3352,,,,-25.503,,,,-26.7691,,,,-24.881,,,,-25.9364,,,,-24.87,,,,-26.6359,,,,-25.27
,,,,-24.986,,,,-22.5369,,,,-23.77,,,,-21.9366,,,,-23.314,,,,-22.0367,,,,-24.225,,,,-23.9371,,,,-27.4351,,,,-25.603,,,,-26.8358,,,,-24.914,,,,-25.9698,,,,-24.903,,,,-26.7026,,,,-25.32
,,,,-24.986,,,,-22.5369,,,,-23.792,,,,-21.97,,,,-23.337,,,,-22.0701,,,,-24.259,,,,-23.9371,,,,-27.4351,,,,-25.614,,,,-26.8691,,,,-24.936,,,,-25.9698,,,,-24.936,,,,-26.7691,,,,-25.353
,,,,-25.019,,,,-22.5369,,,,-23.836,,,,-22.0367,,,,-23.37,,,,-22.0701,,,,-24.281,,,,-23.9705,,,,-27.5018,,,,-25.658,,,,-26.9356,,,,-24.992,,,,-26.0031,,,,-24.959,,,,-26.8025,,,,-25.386
,,,,-25.086,,,,-22.5703,,,,-23.87,,,,-22.1034,,,,-23.426,,,,-22.1034,,,,-24.314,,,,-24.0039,,,,-27.6015,,,,-25.702,,,,-26.9356,,,,-25.036,,,,-26.0697,,,,-25.003,,,,-26.8358,,,,-25.42
,,,,-25.103,,,,-22.5703,,,,-23.87,,,,-22.0701,,,,-23.437,,,,-22.1368,,,,-24.359,,,,-24.0372,,,,-27.6349,,,,-25.725,,,,-26.969,,,,-25.047,,,,-26.103,,,,-25.047,,,,-26.9023,,,,-25.47
,,,,-25.136,,,,-22.5703,,,,-23.903,,,,-22.1034,,,,-23.448,,,,-22.1368,,,,-24.348,,,,-24.0372,,,,-27.7015,,,,-25.769,,,,-27.0356,,,,-25.081,,,,-26.103,,,,-25.036,,,,-26.8691,,,,-25.453
,,,,-25.186,,,,-22.637,,,,-23.936,,,,-22.1368,,,,-23.481,,,,-22.1701,,,,-24.403,,,,-24.0705,,,,-27.7348,,,,-25.802,,,,-27.0356,,,,-25.103,,,,-26.1364,,,,-25.092,,,,-26.969,,,,-25.52
,,,,-25.236,,,,-22.6703,,,,-23.992,,,,-22.2034,,,,-23.514,,,,-22.2034,,,,-24.425,,,,-24.1038,,,,-27.8014,,,,-25.858,,,,-27.1021,,,,-25.147,,,,-26.1364,,,,-25.103,,,,-26.969,,,,-25.536
,,,,-25.286,,,,-22.737,,,,-24.025,,,,-22.2034,,,,-23.537,,,,-22.2034,,,,-24.459,,,,-24.1372,,,,-27.8347,,,,-25.902,,,,-27.1355,,,,-25.181,,,,-26.203,,,,-25.147,,,,-27.0356,,,,-25.586
,,,,-25.303,,,,-22.7037,,,,-24.059,,,,-22.2701,,,,-23.57,,,,-22.2034,,,,-24.47,,,,-24.1372,,,,-27.9013,,,,-25.936,,,,-27.2021,,,,-25.236,,,,-26.2363,,,,-25.17,,,,-27.0689,,,,-25.603
,,,,-25.336,,,,-22.7037,,,,-24.059,,,,-22.2368,,,,-23.581,,,,-22.2034,,,,-24.492,,,,-24.1705,,,,-27.9678,,,,-25.969,,,,-27.2353,,,,-25.258,,,,-26.3029,,,,-25.203,,,,-27.1021,,,,-25.636
,,,,-25.386,,,,-22.7703,,,,-24.125,,,,-22.3035,,,,-23.626,,,,-22.2701,,,,-24.548,,,,-24.2038,,,,-28.0011,,,,-26.024,,,,-27.3019,,,,-25.303,,,,-26.3029,,,,-25.247,,,,-27.1688,,,,-25.686
,,,,-25.452,,,,-22.8037,,,,-24.181,,,,-22.3702,,,,-23.659,,,,-22.2701,,,,-24.581,,,,-24.2372,,,,-28.1009,,,,-26.091,,,,-27.3685,,,,-25.358,,,,-26.3362,,,,-25.281,,,,-27.2353,,,,-25.736
,,,,-25.452,,,,-22.7703,,,,-24.17,,,,-22.3035,,,,-23.659,,,,-22.3035,,,,-24.614,,,,-24.2704,,,,-28.1343,,,,-26.113,,,,-27.4351,,,,-25.369,,,,-26.3695,,,,-25.314,,,,-27.2686,,,,-25.77
,,,,-25.552,,,,-22.9037,,,,-24.27,,,,-22.4369,,,,-23.726,,,,-22.3369,,,,-24.659,,,,-24.3038,,,,-28.2008,,,,-26.191,,,,-27.4684,,,,-25.436,,,,-26.4028,,,,-25.358,,,,-27.3352,,,,-25.819
,,,,-25.586,,,,-22.937,,,,-24.27,,,,-22.4036,,,,-23.748,,,,-22.3702,,,,-24.67,,,,-24.3038,,,,-28.2341,,,,-26.213,,,,-27.4684,,,,-25.447,,,,-26.4695,,,,-25.392,,,,-27.3352,,,,-25.819
,,,,-25.586,,,,-22.8704,,,,-24.292,,,,-22.5036,,,,-23.781,,,,-22.3702,,,,-24.714,,,,-24.3705,,,,-28.3007,,,,-26.224,,,,-27.5018,,,,-25.492,,,,-26.4695,,,,-25.414,,,,-27.4018,,,,-25.886
,,,,-25.652,,,,-22.9704,,,,-24.336,,,,-22.5036,,,,-23.792,,,,-22.3702,,,,-24.736,,,,-24.4038,,,,-28.334,,,,-26.28,,,,-27.535,,,,-25.514,,,,-26.5028,,,,-25.436,,,,-27.4351,,,,-25.919
,,,,-25.669,,,,-22.9704,,,,-24.37,,,,-22.5369,,,,-23.826,,,,-22.4036,,,,-24.759,,,,-24.4038,,,,-28.3672,,,,-26.313,,,,-27.6015,,,,-25.558,,,,-26.5361,,,,-25.469,,,,-27.4684,,,,-25.936
,,,,-25.719,,,,-23.0371,,,,-24.392,,,,-22.5036,,,,-23.837,,,,-22.4369,,,,-24.803,,,,-24.4371,,,,-28.4005,,,,-26.357,,,,-27.6349,,,,-25.569,,,,-26.5693,,,,-25.514,,,,-27.535,,,,-25.986
,,,,-25.752,,,,-23.0371,,,,-24.425,,,,-22.5369,,,,-23.87,,,,-22.4703,,,,-24.836,,,,-24.4705,,,,-28.4671,,,,-26.402,,,,-27.7015,,,,-25.614,,,,-26.6026,,,,-25.547,,,,-27.5683,,,,-26.019
,,,,-25.785,,,,-23.0705,,,,-24.459,,,,-22.6036,,,,-23.903,,,,-22.4703,,,,-24.859,,,,-24.4705,,,,-28.5004,,,,-26.424,,,,-27.7015,,,,-25.647,,,,-26.6359,,,,-25.58,,,,-27.6349,,,,-26.053
,,,,-25.802,,,,-23.0705,,,,-24.481,,,,-22.637,,,,-23.937,,,,-22.5036,,,,-24.881,,,,-24.5038,,,,-28.5337,,,,-26.446,,,,-27.7348,,,,-25.68,,,,-26.6693,,,,-25.603,,,,-27.6349,,,,-26.069
,,,,-25.819,,,,-23.0705,,,,-24.492,,,,-22.637,,,,-23.959,,,,-22.5369,,,,-24.925,,,,-24.5371,,,,-28.567,,,,-26.469,,,,-27.768,,,,-25.703,,,,-26.7026,,,,-25.647,,,,-27.7015,,,,-26.119
,,,,-25.869,,,,-23.1372,,,,-24.547,,,,-22.7037,,,,-23.981,,,,-22.5369,,,,-24.947,,,,-24.5704,,,,-28.6001,,,,-26.513,,,,-27.8014,,,,-25.736,,,,-26.7026,,,,-25.658,,,,-27.7348,,,,-26.153
,,,,-25.952,,,,-23.2371,,,,-24.581,,,,-22.7037,,,,-23.992,,,,-22.5369,,,,-24.97,,,,-24.6037,,,,-28.6668,,,,-26.568,,,,-27.8014,,,,-25.747,,,,-26.7359,,,,-25.68,,,,-27.768,,,,-26.186
,,,,-25.935,,,,-23.2038,,,,-24.603,,,,-22.737,,,,-24.037,,,,-22.5703,,,,-25.003,,,,-24.6371,,,,-28.6668,,,,-26.58,,,,-27.868,,,,-25.802,,,,-26.8025,,,,-25.725,,,,-27.8014,,,,-26.219
,,,,-25.935,,,,-23.2038,,,,-24.603,,,,-22.737,,,,-24.048,,,,-22.6036,,,,-25.014,,,,-24.6371,,,,-28.6668,,,,-26.58,,,,-27.868,,,,-25.802,,,,-26.8025,,,,-25.736,,,,-27.8014,,,,-26.219
,,,,-25.985,,,,-23.2704,,,,-24.658,,,,-22.8037,,,,-24.081,,,,-22.6036,,,,-25.036,,,,-24.6704,,,,-28.7001,,,,-26.624,,,,-27.9013,,,,-25.847,,,,-26.8358,,,,-25.758,,,,-27.8347,,,,-26.253
,,,,-26.019,,,,-23.3038,,,,-24.681,,,,-22.8037,,,,-24.092,,,,-22.6036,,,,-25.058,,,,-24.7038,,,,-28.7334,,,,-26.657,,,,-27.9344,,,,-25.869,,,,-26.8691,,,,-25.78,,,,-27.868,,,,-26.286
,,,,-26.002,,,,-23.2371,,,,-24.67,,,,-22.837,,,,-24.125,,,,-22.637,,,,-25.092,,,,-24.7038,,,,-28.7666,,,,-26.646,,,,-27.9344,,,,-25.891,,,,-26.9023,,,,-25.825,,,,-27.9344,,,,-26.319
,,,,-26.052,,,,-23.3038,,,,-24.703,,,,-22.8704,,,,-24.159,,,,-22.6703,,,,-25.114,,,,-24.7371,,,,-28.7999,,,,-26.679,,,,-27.9344,,,,-25.913,,,,-26.9356,,,,-25.847,,,,-27.9344,,,,-26.336
,,,,-26.069,,,,-23.3372,,,,-24.747,,,,-22.937,,,,-24.192,,,,-22.6703,,,,-25.147,,,,-24.7703,,,,-28.7999,,,,-26.702,,,,-27.9678,,,,-25.958,,,,-26.969,,,,-25.88,,,,-28.0011,,,,-26.386
,,,,-26.068,,,,-23.3038,,,,-24.736,,,,-22.9037,,,,-24.192,,,,-22.7037,,,,-25.181,,,,-24.8037,,,,-28.8332,,,,-26.713,,,,-28.0011,,,,-25.958,,,,-26.969,,,,-25.902,,,,-28.0344,,,,-26.419
,,,,-26.102,,,,-23.3705,,,,-24.781,,,,-22.937,,,,-24.225,,,,-22.737,,,,-25.203,,,,-24.8037,,,,-28.8332,,,,-26.746,,,,-28.0344,,,,-25.991,,,,-27.0023,,,,-25.936,,,,-28.0677,,,,-26.436
,,,,-26.168,,,,-23.4371,,,,-24.825,,,,-22.9704,,,,-24.27,,,,-22.7703,,,,-25.247,,,,-24.8703,,,,-28.8998,,,,-26.802,,,,-28.0677,,,,-26.036,,,,-27.0689,,,,-25.98,,,,-28.1009,,,,-26.486
,,,,-26.168,,,,-23.4371,,,,-24.847,,,,-23.0371,,,,-24.303,,,,-22.7703,,,,-25.269,,,,-24.8703,,,,-28.8998,,,,-26.802,,,,-28.0677,,,,-26.069,,,,-27.1021,,,,-26.013,,,,-28.1676,,,,-26.519
,,,,-26.202,,,,-23.4706,,,,-24.87,,,,-23.0371,,,,-24.314,,,,-22.8037,,,,-25.303,,,,-24.9037,,,,-28.933,,,,-26.835,,,,-28.1009,,,,-26.08,,,,-27.1021,,,,-26.036,,,,-28.2008,,,,-26.552
,,,,-26.218,,,,-23.4706,,,,-24.881,,,,-23.0371,,,,-24.325,,,,-22.8037,,,,-25.325,,,,-24.9369,,,,-28.9663,,,,-26.857,,,,-28.1343,,,,-26.102,,,,-27.1355,,,,-26.058,,,,-28.2341,,,,-26.586
,,,,-26.235,,,,-23.4706,,,,-24.892,,,,-23.0371,,,,-24.348,,,,-22.837,,,,-25.347,,,,-24.9369,,,,-28.9996,,,,-26.879,,,,-28.1676,,,,-26.124,,,,-27.1688,,,,-26.091,,,,-28.2673,,,,-26.602
,,,,-26.252,,,,-23.5372,,,,-24.925,,,,-23.1038,,,,-24.37,,,,-22.837,,,,-25.369,,,,-24.9703,,,,-28.9663,,,,-26.879,,,,-28.1343,,,,-26.136,,,,-27.1688,,,,-26.102,,,,-28.3007,,,,-26.636
,,,,-26.285,,,,-23.5705,,,,-24.958,,,,-23.1372,,,,-24.392,,,,-22.837,,,,-25.38,,,,-24.9703,,,,-28.9996,,,,-26.913,,,,-28.1676,,,,-26.169,,,,-27.2021,,,,-26.124,,,,-28.334,,,,-26.652
,,,,-26.302,,,,-23.5705,,,,-24.981,,,,-23.1704,,,,-24.425,,,,-22.8704,,,,-25.414,,,,-25.0037,,,,-29.0329,,,,-26.935,,,,-28.2008,,,,-26.202,,,,-27.2353,,,,-26.158,,,,-28.3672,,,,-26.685
,,,,-26.302,,,,-23.5705,,,,-24.981,,,,-23.1704,,,,-24.448,,,,-22.9037,,,,-25.447,,,,-25.037,,,,-29.0329,,,,-26.935,,,,-28.2008,,,,-26.213,,,,-27.2686,,,,-26.191,,,,-28.4005,,,,-26.719
,,,,-26.318,,,,-23.6038,,,,-25.003,,,,-23.1704,,,,-24.47,,,,-22.937,,,,-25.469,,,,-25.0703,,,,-29.0329,,,,-26.957,,,,-28.2341,,,,-26.235,,,,-27.3019,,,,-26.213,,,,-28.4005,,,,-26.735
,,,,-26.335,,,,-23.6372,,,,-25.014,,,,-23.1704,,,,-24.481,,,,-22.937,,,,-25.48,,,,-25.0703,,,,-29.0329,,,,-26.968,,,,-28.2341,,,,-26.247,,,,-27.3352,,,,-26.235,,,,-28.4338,,,,-26.752
,,,,-26.368,,,,-23.6705,,,,-25.058,,,,-23.2371,,,,-24.503,,,,-22.937,,,,-25.514,,,,-25.1036,,,,-29.0662,,,,-27.001,,,,-28.2673,,,,-26.28,,,,-27.3352,,,,-26.258,,,,-28.5004,,,,-26.802
,,,,-26.402,,,,-23.6705,,,,-25.092,,,,-23.3038,,,,-24.559,,,,-22.9704,,,,-25.547,,,,-25.137,,,,-29.1327,,,,-27.035,,,,-28.3007,,,,-26.335,,,,-27.4018,,,,-26.302,,,,-28.5337,,,,-26.835
,,,,-26.435,,,,-23.7372,,,,-25.114,,,,-23.2704,,,,-24.57,,,,-23.0038,,,,-25.591,,,,-25.2035,,,,-29.1327,,,,-27.068,,,,-28.334,,,,-26.346,,,,-27.4351,,,,-26.335,,,,-28.567,,,,-26.885
,,,,-26.452,,,,-23.7372,,,,-25.114,,,,-23.2704,,,,-24.581,,,,-23.0038,,,,-25.591,,,,-25.1703,,,,-29.166,,,,-27.079,,,,-28.334,,,,-26.358,,,,-27.4684,,,,-26.357,,,,-28.6001,,,,-26.885
,,,,-26.468,,,,-23.7705,,,,-25.158,,,,-23.3372,,,,-24.603,,,,-23.0038,,,,-25.614,,,,-25.2035,,,,-29.166,,,,-27.101,,,,-28.3672,,,,-26.391,,,,-27.4684,,,,-26.369,,,,-28.6335,,,,-26.918
,,,,-26.468,,,,-23.7372,,,,-25.147,,,,-23.3372,,,,-24.614,,,,-23.0371,,,,-25.647,,,,-25.2369,,,,-29.1993,,,,-27.101,,,,-28.3672,,,,-26.391,,,,-27.4684,,,,-26.391,,,,-28.6668,,,,-26.952
,,,,-26.518,,,,-23.8372,,,,-25.203,,,,-23.3705,,,,-24.648,,,,-23.0371,,,,-25.669,,,,-25.2701,,,,-29.1993,,,,-27.146,,,,-28.4005,,,,-26.435,,,,-27.535,,,,-26.424,,,,-28.7001,,,,-26.985
,,,,-26.535,,,,-23.8372,,,,-25.203,,,,-23.3705,,,,-24.659,,,,-23.0705,,,,-25.68,,,,-25.2701,,,,-29.2326,,,,-27.157,,,,-28.4005,,,,-26.435,,,,-27.535,,,,-26.435,,,,-28.7001,,,,-26.985
,,,,-26.535,,,,-23.8705,,,,-25.225,,,,-23.4039,,,,-24.681,,,,-23.1038,,,,-25.714,,,,-25.3035,,,,-29.1993,,,,-27.157,,,,-28.4005,,,,-26.446,,,,-27.535,,,,-26.457,,,,-28.7334,,,,-27.018
,,,,-26.552,,,,-23.8705,,,,-25.225,,,,-23.4371,,,,-24.692,,,,-23.0705,,,,-25.714,,,,-25.3035,,,,-29.2326,,,,-27.157,,,,-28.3672,,,,-26.458,,,,-27.5683,,,,-26.468,,,,-28.7666,,,,-27.035
,,,,-26.568,,,,-23.9039,,,,-25.258,,,,-23.4371,,,,-24.725,,,,-23.1372,,,,-25.747,,,,-25.3368,,,,-29.2326,,,,-27.19,,,,-28.4338,,,,-26.491,,,,-27.6015,,,,-26.502,,,,-28.7666,,,,-27.052
,,,,-26.585,,,,-23.9039,,,,-25.281,,,,-23.4706,,,,-24.736,,,,-23.1038,,,,-25.769,,,,-25.3702,,,,-29.2657,,,,-27.212,,,,-28.4671,,,,-26.524,,,,-27.6349,,,,-26.524,,,,-28.8332,,,,-27.102
,,,,-26.618,,,,-23.9705,,,,-25.303,,,,-23.4706,,,,-24.77,,,,-23.1704,,,,-25.791,,,,-25.3702,,,,-29.2657,,,,-27.234,,,,-28.4671,,,,-26.535,,,,-27.6682,,,,-26.557,,,,-28.8332,,,,-27.102
,,,,-26.585,,,,-23.9039,,,,-25.303,,,,-23.5038,,,,-24.77,,,,-23.1372,,,,-25.791,,,,-25.4035,,,,-29.2657,,,,-27.223,,,,-28.5004,,,,-26.557,,,,-27.6682,,,,-26.546,,,,-28.8332,,,,-27.118
,,,,-26.652,,,,-24.0039,,,,-25.358,,,,-23.5705,,,,-24.825,,,,-23.2038,,,,-25.847,,,,-25.4367,,,,-29.2991,,,,-27.268,,,,-28.5004,,,,-26.591,,,,-27.7015,,,,-26.602,,,,-28.8998,,,,-27.168
,,,,-26.685,,,,-24.0372,,,,-25.358,,,,-23.5372,,,,-24.825,,,,-23.2038,,,,-25.869,,,,-25.4701,,,,-29.3324,,,,-27.29,,,,-28.5004,,,,-26.591,,,,-27.7348,,,,-26.624,,,,-28.933,,,,-27.202
,,,,-26.701,,,,-24.0372,,,,-25.369,,,,-23.5372,,,,-24.836,,,,-23.2038,,,,-25.869,,,,-25.4701,,,,-29.3656,,,,-27.312,,,,-28.5337,,,,-26.613,,,,-27.768,,,,-26.635,,,,-28.933,,,,-27.202
,,,,-26.735,,,,-24.1038,,,,-25.425,,,,-23.6038,,,,-24.881,,,,-23.2704,,,,-25.913,,,,-25.5035,,,,-29.3656,,,,-27.345,,,,-28.567,,,,-26.646,,,,-27.768,,,,-26.668,,,,-28.9663,,,,-27.235
,,,,-26.768,,,,-24.1372,,,,-25.425,,,,-23.5705,,,,-24.881,,,,-23.2704,,,,-25.936,,,,-25.5368,,,,-29.3989,,,,-27.368,,,,-28.567,,,,-26.646,,,,-27.8014,,,,-26.69,,,,-28.9996,,,,-27.268
,,,,-26.735,,,,-24.0705,,,,-25.414,,,,-23.6038,,,,-24.892,,,,-23.2704,,,,-25.936,,,,-25.5035,,,,-29.3989,,,,-27.345,,,,-28.567,,,,-26.657,,,,-27.8014,,,,-26.702,,,,-29.0329,,,,-27.268
,,,,-26.751,,,,-24.1038,,,,-25.425,,,,-23.5705,,,,-24.892,,,,-23.2704,,,,-25.947,,,,-25.5368,,,,-29.3989,,,,-27.368,,,,-28.6001,,,,-26.668,,,,-27.8347,,,,-26.713,,,,-29.0329,,,,-27.285
,,,,-26.801,,,,-24.2038,,,,-25.491,,,,-23.6705,,,,-24.936,,,,-23.2704,,,,-25.969,,,,-25.57,,,,-29.3989,,,,-27.401,,,,-28.6001,,,,-26.713,,,,-27.868,,,,-26.735,,,,-29.0662,,,,-27.318
,,,,-26.785,,,,-24.1372,,,,-25.48,,,,-23.7039,,,,-24.97,,,,-23.3038,,,,-25.991,,,,-25.57,,,,-29.4321,,,,-27.39,,,,-28.6001,,,,-26.735,,,,-27.9013,,,,-26.768,,,,-29.0994,,,,-27.335
,,,,-26.801,,,,-24.1705,,,,-25.503,,,,-23.7372,,,,-24.981,,,,-23.3038,,,,-26.013,,,,-25.6033,,,,-29.4321,,,,-27.401,,,,-28.6001,,,,-26.746,,,,-27.9013,,,,-26.779,,,,-29.1327,,,,-27.368
,,,,-26.835,,,,-24.2038,,,,-25.503,,,,-23.6705,,,,-24.981,,,,-23.3372,,,,-26.024,,,,-25.6033,,,,-29.4655,,,,-27.434,,,,-28.6335,,,,-26.746,,,,-27.9344,,,,-26.801,,,,-29.1327,,,,-27.368
,,,,-26.868,,,,-24.2372,,,,-25.536,,,,-23.7372,,,,-25.014,,,,-23.3372,,,,-26.047,,,,-25.6367,,,,-29.4988,,,,-27.457,,,,-28.6335,,,,-26.78,,,,-27.9678,,,,-26.824,,,,-29.166,,,,-27.401
,,,,-26.885,,,,-24.2704,,,,-25.558,,,,-23.7372,,,,-25.025,,,,-23.3705,,,,-26.08,,,,-25.67,,,,-29.4988,,,,-27.479,,,,-28.6668,,,,-26.791,,,,-27.9678,,,,-26.846,,,,-29.1993,,,,-27.435
,,,,-26.901,,,,-24.3038,,,,-25.58,,,,-23.7705,,,,-25.047,,,,-23.3705,,,,-26.069,,,,-25.6367,,,,-29.4988,,,,-27.49,,,,-28.6668,,,,-26.813,,,,-28.0011,,,,-26.857,,,,-29.1993,,,,-27.418
,,,,-26.868,,,,-24.2372,,,,-25.58,,,,-23.8039,,,,-25.058,,,,-23.3705,,,,-26.091,,,,-25.67,,,,-29.4988,,,,-27.479,,,,-28.7001,,,,-26.835,,,,-28.0011,,,,-26.868,,,,-29.2326,,,,-27.451
,,,,-26.935,,,,-24.3372,,,,-25.603,,,,-23.8039,,,,-25.081,,,,-23.4039,,,,-26.124,,,,-25.7033,,,,-29.532,,,,-27.512,,,,-28.6668,,,,-26.835,,,,-28.0344,,,,-26.901,,,,-29.2657,,,,-27.484
,,,,-26.935,,,,-24.3372,,,,-25.614,,,,-23.8039,,,,-25.081,,,,-23.4039,,,,-26.124,,,,-25.7033,,,,-29.532,,,,-27.523,,,,-28.7001,,,,-26.846,,,,-28.0344,,,,-26.901,,,,-29.2657,,,,-27.484
,,,,-26.935,,,,-24.3372,,,,-25.625,,,,-23.8039,,,,-25.092,,,,-23.4039,,,,-26.135,,,,-25.7366,,,,-29.532,,,,-27.534,,,,-28.7334,,,,-26.868,,,,-28.0677,,,,-26.912,,,,-29.2657,,,,-27.501
,,,,-26.984,,,,-24.3705,,,,-25.636,,,,-23.8039,,,,-25.103,,,,-23.4371,,,,-26.169,,,,-25.7699,,,,-29.5985,,,,-27.567,,,,-28.7334,,,,-26.868,,,,-28.0677,,,,-26.935,,,,-29.2991,,,,-27.534
,,,,-26.985,,,,-24.4038,,,,-25.669,,,,-23.8705,,,,-25.136,,,,-23.4371,,,,-26.169,,,,-25.7699,,,,-29.5653,,,,-27.568,,,,-28.7334,,,,-26.902,,,,-28.1009,,,,-26.946,,,,-29.2991,,,,-27.534
,,,,-27.001,,,,-24.4038,,,,-25.658,,,,-23.8372,,,,-25.125,,,,-23.4371,,,,-26.191,,,,-25.8033,,,,-29.5985,,,,-27.579,,,,-28.7334,,,,-26.89,,,,-28.1009,,,,-26.957,,,,-29.3324,,,,-27.568
,,,,-27.018,,,,-24.4371,,,,-25.691,,,,-23.9039,,,,-25.181,,,,-23.5038,,,,-26.224,,,,-25.8033,,,,-29.5985,,,,-27.59,,,,-28.7334,,,,-26.924,,,,-28.1343,,,,-27.001,,,,-29.3656,,,,-27.584
,,,,-27.034,,,,-24.4705,,,,-25.736,,,,-23.9705,,,,-25.203,,,,-23.4706,,,,-26.235,,,,-25.8366,,,,-29.5985,,,,-27.612,,,,-28.7666,,,,-26.968,,,,-28.1676,,,,-27.012,,,,-29.3989,,,,-27.618
,,,,-27.034,,,,-24.4371,,,,-25.703,,,,-23.9039,,,,-25.203,,,,-23.5038,,,,-26.235,,,,-25.8366,,,,-29.6318,,,,-27.612,,,,-28.7666,,,,-26.957,,,,-28.2008,,,,-27.023,,,,-29.3656,,,,-27.601
,,,,-27.068,,,,-24.5038,,,,-25.736,,,,-23.9039,,,,-25.203,,,,-23.5038,,,,-26.258,,,,-25.8699,,,,-29.6318,,,,-27.645,,,,-28.7999,,,,-26.968,,,,-28.2008,,,,-27.034,,,,-29.3989,,,,-27.634
,,,,-27.068,,,,-24.5038,,,,-25.736,,,,-23.9039,,,,-25.225,,,,-23.5372,,,,-26.291,,,,-25.9032,,,,-29.6318,,,,-27.645,,,,-28.7999,,,,-26.979,,,,-28.2341,,,,-27.068,,,,-29.4321,,,,-27.668
,,,,-27.084,,,,-24.5038,,,,-25.747,,,,-23.9371,,,,-25.247,,,,-23.5372,,,,-26.291,,,,-25.9032,,,,-29.6651,,,,-27.656,,,,-28.7999,,,,-27.001,,,,-28.2673,,,,-27.079,,,,-29.4321,,,,-27.668
,,,,-27.134,,,,-24.6037,,,,-25.802,,,,-24.0039,,,,-25.269,,,,-23.5372,,,,-26.302,,,,-25.9032,,,,-29.6651,,,,-27.69,,,,-28.7999,,,,-27.024,,,,-28.2673,,,,-27.09,,,,-29.4655,,,,-27.684
,,,,-27.134,,,,-24.5704,,,,-25.791,,,,-23.9705,,,,-25.269,,,,-23.5705,,,,-26.324,,,,-25.9032,,,,-29.6984,,,,-27.701,,,,-28.8332,,,,-27.024,,,,-28.2673,,,,-27.112,,,,-29.4988,,,,-27.701
,,,,-27.168,,,,-24.6037,,,,-25.825,,,,-24.0372,,,,-25.303,,,,-23.5705,,,,-26.335,,,,-25.9364,,,,-29.7316,,,,-27.723,,,,-28.8332,,,,-27.057,,,,-28.3007,,,,-27.123,,,,-29.4988,,,,-27.718
,,,,-27.151,,,,-24.5704,,,,-25.814,,,,-24.0372,,,,-25.314,,,,-23.5705,,,,-26.357,,,,-25.9698,,,,-29.7316,,,,-27.712,,,,-28.8332,,,,-27.068,,,,-28.334,,,,-27.146,,,,-29.532,,,,-27.751
,,,,-27.184,,,,-24.6037,,,,-25.836,,,,-24.0372,,,,-25.314,,,,-23.5705,,,,-26.357,,,,-25.9698,,,,-29.7648,,,,-27.745,,,,-28.8665,,,,-27.079,,,,-28.334,,,,-27.146,,,,-29.532,,,,-27.751
,,,,-27.218,,,,-24.6704,,,,-25.869,,,,-24.0705,,,,-25.347,,,,-23.6038,,,,-26.402,,,,-26.0364,,,,-29.7648,,,,-27.767,,,,-28.8665,,,,-27.101,,,,-28.3672,,,,-27.179,,,,-29.5653,,,,-27.801
,,,,-27.201,,,,-24.6037,,,,-25.858,,,,-24.1038,,,,-25.38,,,,-23.6372,,,,-26.413,,,,-26.0364,,,,-29.7982,,,,-27.756,,,,-28.8665,,,,-27.124,,,,-28.4005,,,,-27.201,,,,-29.5653,,,,-27.801
,,,,-27.234,,,,-24.6704,,,,-25.891,,,,-24.1038,,,,-25.38,,,,-23.6372,,,,-26.424,,,,-26.0364,,,,-29.7982,,,,-27.789,,,,-28.8998,,,,-27.135,,,,-28.4005,,,,-27.212,,,,-29.5985,,,,-27.817
,,,,-27.251,,,,-24.6704,,,,-25.902,,,,-24.1372,,,,-25.403,,,,-23.6372,,,,-26.424,,,,-26.0364,,,,-29.8315,,,,-27.801,,,,-28.8998,,,,-27.157,,,,-28.4338,,,,-27.223,,,,-29.5985,,,,-27.817
,,,,-27.284,,,,-24.7371,,,,-25.947,,,,-24.1705,,,,-25.425,,,,-23.6705,,,,-26.446,,,,-26.0697,,,,-29.8315,,,,-27.834,,,,-28.933,,,,-27.179,,,,-28.4338,,,,-27.234,,,,-29.5985,,,,-27.834
,,,,-27.284,,,,-24.7371,,,,-25.936,,,,-24.1372,,,,-25.425,,,,-23.6705,,,,-26.457,,,,-26.0697,,,,-29.8315,,,,-27.834,,,,-28.933,,,,-27.179,,,,-28.4671,,,,-27.256,,,,-29.6318,,,,-27.851
,,,,-27.301,,,,-24.7371,,,,-25.936,,,,-24.1372,,,,-25.436,,,,-23.7039,,,,-26.491,,,,-26.103,,,,-29.8647,,,,-27.845,,,,-28.933,,,,-27.179,,,,-28.4671,,,,-27.279,,,,-29.6651,,,,-27.884
,,,,-27.318,,,,-24.7703,,,,-25.936,,,,-24.1038,,,,-25.436,,,,-23.7039,,,,-26.502,,,,-26.1364,,,,-29.8647,,,,-27.856,,,,-28.933,,,,-27.179,,,,-28.5004,,,,-27.29,,,,-29.6651,,,,-27.901
,,,,-27.334,,,,-24.7703,,,,-25.98,,,,-24.2038,,,,-25.48,,,,-23.7039,,,,-26.502,,,,-26.1364,,,,-29.898,,,,-27.878,,,,-28.9663,,,,-27.235,,,,-28.5337,,,,-27.301,,,,-29.6651,,,,-27.901
,,,,-27.351,,,,-24.8037,,,,-26.002,,,,-24.2372,,,,-25.503,,,,-23.7372,,,,-26.535,,,,-26.1697,,,,-29.898,,,,-27.889,,,,-28.9663,,,,-27.246,,,,-28.5337,,,,-27.323,,,,-29.6984,,,,-27.934
,,,,-27.351,,,,-24.7703,,,,-25.991,,,,-24.2372,,,,-25.503,,,,-23.7372,,,,-26.546,,,,-26.203,,,,-29.9312,,,,-27.889,,,,-28.9663,,,,-27.246,,,,-28.5337,,,,-27.323,,,,-29.6984,,,,-27.951
,,,,-27.384,,,,-24.8037,,,,-26.002,,,,-24.2372,,,,-25.514,,,,-23.7372,,,,-26.546,,,,-26.1697,,,,-29.9645,,,,-27.912,,,,-28.9663,,,,-27.257,,,,-28.567,,,,-27.345,,,,-29.7316,,,,-27.951
,,,,-27.384,,,,-24.8371,,,,-26.047,,,,-24.3038,,,,-25.547,,,,-23.7372,,,,-26.568,,,,-26.2363,,,,-29.9312,,,,-27.923,,,,-28.9996,,,,-27.301,,,,-28.6001,,,,-27.356,,,,-29.7316,,,,-27.984
,,,,-27.417,,,,-24.8703,,,,-26.058,,,,-24.3038,,,,-25.558,,,,-23.7705,,,,-26.602,,,,-26.2363,,,,-29.9645,,,,-27.945,,,,-28.9996,,,,-27.301,,,,-28.6001,,,,-27.39,,,,-29.7982,,,,-28.017
,,,,-27.451,,,,-24.9037,,,,-26.058,,,,-24.2704,,,,-25.558,,,,-23.7705,,,,-26.591,,,,-26.2363,,,,-29.9978,,,,-27.967,,,,-28.9996,,,,-27.301,,,,-28.6335,,,,-27.39,,,,-29.7648,,,,-28.001
,,,,-27.417,,,,-24.8703,,,,-26.058,,,,-24.2704,,,,-25.558,,,,-23.7705,,,,-26.602,,,,-26.2363,,,,-29.9645,,,,-27.956,,,,-29.0329,,,,-27.312,,,,-28.6335,,,,-27.401,,,,-29.7982,,,,-28.017
,,,,-27.467,,,,-24.9369,,,,-26.091,,,,-24.3038,,,,-25.591,,,,-23.8039,,,,-26.624,,,,-26.2695,,,,-29.9978,,,,-27.989,,,,-29.0329,,,,-27.335,,,,-28.6668,,,,-27.423,,,,-29.7982,,,,-28.034
,,,,-27.501,,,,-25.0037,,,,-26.136,,,,-24.3372,,,,-25.614,,,,-23.8039,,,,-26.646,,,,-26.3029,,,,-29.9978,,,,-28.023,,,,-29.0662,,,,-27.368,,,,-28.7001,,,,-27.445,,,,-29.8315,,,,-28.067
,,,,-27.484,,,,-24.9369,,,,-26.102,,,,-24.3038,,,,-25.603,,,,-23.8039,,,,-26.646,,,,-26.3029,,,,-30.0311,,,,-28.011,,,,-29.0662,,,,-27.357,,,,-28.7001,,,,-27.445,,,,-29.8315,,,,-28.067
,,,,-27.534,,,,-25.037,,,,-26.169,,,,-24.4038,,,,-25.658,,,,-23.8372,,,,-26.679,,,,-26.3362,,,,-30.0311,,,,-28.045,,,,-29.0662,,,,-27.401,,,,-28.7334,,,,-27.478,,,,-29.8647,,,,-28.1
,,,,-27.551,,,,-25.0037,,,,-26.158,,,,-24.4038,,,,-25.658,,,,-23.8372,,,,-26.69,,,,-26.3695,,,,-30.0975,,,,-28.056,,,,-29.0662,,,,-27.401,,,,-28.7334,,,,-27.478,,,,-29.8647,,,,-28.117
,,,,-27.634,,,,-25.137,,,,-26.258,,,,-24.4705,,,,-25.736,,,,-23.9039,,,,-26.757,,,,-26.4361,,,,-30.1309,,,,-28.145,,,,-29.166,,,,-27.49,,,,-28.8332,,,,-27.556,,,,-29.9312,,,,-28.184
,,,,-27.617,,,,-25.1036,,,,-26.269,,,,-24.5371,,,,-25.758,,,,-23.9039,,,,-26.768,,,,-26.4695,,,,-30.1309,,,,-28.133,,,,-29.166,,,,-27.512,,,,-28.8332,,,,-27.556,,,,-29.9312,,,,-28.2
,,,,-27.667,,,,-25.137,,,,-26.291,,,,-24.5704,,,,-25.78,,,,-23.9371,,,,-26.79,,,,-26.4695,,,,-30.1974,,,,-28.167,,,,-29.166,,,,-27.523,,,,-28.8332,,,,-27.578,,,,-29.9645,,,,-28.217
,,,,-27.684,,,,-25.2035,,,,-26.291,,,,-24.5038,,,,-25.769,,,,-23.9371,,,,-26.79,,,,-26.4695,,,,-30.1641,,,,-28.178,,,,-29.166,,,,-27.512,,,,-28.8665,,,,-27.589,,,,-29.9645,,,,-28.217
,,,,-27.717,,,,-25.2369,,,,-26.336,,,,-24.5704,,,,-25.802,,,,-23.9371,,,,-26.813,,,,-26.5361,,,,-30.1974,,,,-28.211,,,,-29.1993,,,,-27.556,,,,-28.8998,,,,-27.6,,,,-29.9645,,,,-28.25
,,,,-27.717,,,,-25.2035,,,,-26.313,,,,-24.5704,,,,-25.825,,,,-23.9705,,,,-26.835,,,,-26.5361,,,,-30.2307,,,,-28.2,,,,-29.166,,,,-27.556,,,,-28.933,,,,-27.634,,,,-29.9978,,,,-28.267
,,,,-27.767,,,,-25.2701,,,,-26.358,,,,-24.6037,,,,-25.836,,,,-23.9705,,,,-26.835,,,,-26.5361,,,,-30.2638,,,,-28.244,,,,-29.1993,,,,-27.579,,,,-28.933,,,,-27.634,,,,-29.9978,,,,-28.267
,,,,-27.784,,,,-25.3035,,,,-26.38,,,,-24.6037,,,,-25.858,,,,-24.0039,,,,-26.857,,,,-26.5693,,,,-30.2638,,,,-28.267,,,,-29.2326,,,,-27.601,,,,-28.9663,,,,-27.656,,,,-29.9978,,,,-28.284
,,,,-27.784,,,,-25.3035,,,,-26.38,,,,-24.6371,,,,-25.869,,,,-24.0039,,,,-26.879,,,,-26.6026,,,,-30.2638,,,,-28.256,,,,-29.1993,,,,-27.601,,,,-28.9663,,,,-27.667,,,,-30.0311,,,,-28.317
,,,,-27.784,,,,-25.3035,,,,-26.391,,,,-24.6704,,,,-25.88,,,,-24.0039,,,,-26.879,,,,-26.6026,,,,-30.2638,,,,-28.256,,,,-29.1993,,,,-27.612,,,,-28.9663,,,,-27.667,,,,-30.0311,,,,-28.317
,,,,-27.8,,,,-25.3368,,,,-26.402,,,,-24.6371,,,,-25.88,,,,-24.0372,,,,-26.912,,,,-26.6026,,,,-30.2638,,,,-28.278,,,,-29.2326,,,,-27.612,,,,-28.9663,,,,-27.7,,,,-30.0975,,,,-28.35
,,,,-27.834,,,,-25.3702,,,,-26.424,,,,-24.6704,,,,-25.914,,,,-24.0372,,,,-26.901,,,,-26.6026,,,,-30.2972,,,,-28.3,,,,-29.2326,,,,-27.645,,,,-29.0329,,,,-27.711,,,,-30.0643,,,,-28.333
,,,,-27.85,,,,-25.3702,,,,-26.424,,,,-24.6371,,,,-25.902,,,,-24.0372,,,,-26.912,,,,-26.6359,,,,-30.3304,,,,-28.322,,,,-29.2657,,,,-27.645,,,,-29.0329,,,,-27.711,,,,-30.0643,,,,-28.35
,,,,-27.834,,,,-25.3368,,,,-26.424,,,,-24.6704,,,,-25.914,,,,-24.0372,,,,-26.935,,,,-26.6359,,,,-30.3304,,,,-28.311,,,,-29.2657,,,,-27.656,,,,-29.0329,,,,-27.734,,,,-30.1309,,,,-28.383
,,,,-27.917,,,,-25.4701,,,,-26.502,,,,-24.7703,,,,-25.969,,,,-24.0705,,,,-26.957,,,,-26.6693,,,,-30.3637,,,,-28.367,,,,-29.2657,,,,-27.701,,,,-29.0662,,,,-27.756,,,,-30.1309,,,,-28.4
,,,,-27.95,,,,-25.5035,,,,-26.513,,,,-24.7371,,,,-25.991,,,,-24.1038,,,,-27.012,,,,-26.7359,,,,-30.397,,,,-28.4,,,,-29.2991,,,,-27.723,,,,-29.1327,,,,-27.811,,,,-30.1974,,,,-28.467
,,,,-27.95,,,,-25.5035,,,,-26.524,,,,-24.7703,,,,-25.991,,,,-24.0705,,,,-27.001,,,,-26.7691,,,,-30.397,,,,-28.4,,,,-29.2991,,,,-27.734,,,,-29.1327,,,,-27.789,,,,-30.1641,,,,-28.467
,,,,-27.967,,,,-25.5368,,,,-26.546,,,,-24.7703,,,,-26.002,,,,-24.1038,,,,-27.012,,,,-26.7691,,,,-30.397,,,,-28.422,,,,-29.3324,,,,-27.745,,,,-29.1327,,,,-27.8,,,,-30.1641,,,,-28.467
,,,,-27.95,,,,-25.4701,,,,-26.535,,,,-24.8037,,,,-26.025,,,,-24.1372,,,,-27.035,,,,-26.7691,,,,-30.4302,,,,-28.411,,,,-29.3324,,,,-27.756,,,,-29.1327,,,,-27.822,,,,-30.1974,,,,-28.483
,,,,-27.984,,,,-25.5035,,,,-26.558,,,,-24.8371,,,,-26.047,,,,-24.1372,,,,-27.068,,,,-26.8358,,,,-30.4635,,,,-28.433,,,,-29.3324,,,,-27.778,,,,-29.166,,,,-27.845,,,,-30.2307,,,,-28.533
,,,,-28.05,,,,-25.6033,,,,-26.591,,,,-24.8037,,,,-26.058,,,,-24.1705,,,,-27.09,,,,-26.8358,,,,-30.4968,,,,-28.489,,,,-29.3656,,,,-27.79,,,,-29.1993,,,,-27.878,,,,-30.2638,,,,-28.55
,,,,-28.05,,,,-25.6033,,,,-26.591,,,,-24.8371,,,,-26.069,,,,-24.1705,,,,-27.09,,,,-26.8358,,,,-30.4968,,,,-28.478,,,,-29.3324,,,,-27.79,,,,-29.1993,,,,-27.878,,,,-30.2638,,,,-28.55
,,,,-28.033,,,,-25.57,,,,-26.613,,,,-24.9037,,,,-26.102,,,,-24.1705,,,,-27.112,,,,-26.8691,,,,-30.4968,,,,-28.477,,,,-29.3656,,,,-27.834,,,,-29.2326,,,,-27.9,,,,-30.2972,,,,-28.583
,,,,-28.067,,,,-25.6367,,,,-26.624,,,,-24.8371,,,,-26.102,,,,-24.2038,,,,-27.112,,,,-26.8691,,,,-30.4968,,,,-28.511,,,,-29.3989,,,,-27.834,,,,-29.2657,,,,-27.911,,,,-30.2638,,,,-28.566
,,,,-28.083,,,,-25.6367,,,,-26.658,,,,-24.9037,,,,-26.124,,,,-24.2038,,,,-27.123,,,,-26.8691,,,,-30.5301,,,,-28.533,,,,-29.4321,,,,-27.867,,,,-29.2657,,,,-27.922,,,,-30.2972,,,,-28.583
,,,,-28.1,,,,-25.67,,,,-26.658,,,,-24.9037,,,,-26.136,,,,-24.2038,,,,-27.134,,,,-26.9023,,,,-30.5301,,,,-28.533,,,,-29.3989,,,,-27.867,,,,-29.2991,,,,-27.933,,,,-30.2972,,,,-28.6
,,,,-28.1,,,,-25.67,,,,-26.691,,,,-24.9703,,,,-26.169,,,,-24.2372,,,,-27.168,,,,-26.9023,,,,-30.5301,,,,-28.544,,,,-29.4321,,,,-27.901,,,,-29.2991,,,,-27.967,,,,-30.3637,,,,-28.633
,,,,-28.15,,,,-25.7366,,,,-26.702,,,,-24.9369,,,,-26.169,,,,-24.2372,,,,-27.179,,,,-26.9356,,,,-30.5633,,,,-28.577,,,,-29.4321,,,,-27.9,,,,-29.3324,,,,-27.978,,,,-30.3637,,,,-28.65
,,,,-28.15,,,,-25.7366,,,,-26.702,,,,-24.9369,,,,-26.158,,,,-24.2372,,,,-27.19,,,,-26.969,,,,-30.5633,,,,-28.577,,,,-29.4321,,,,-27.889,,,,-29.2991,,,,-27.967,,,,-30.3637,,,,-28.666
,,,,-28.15,,,,-25.7366,,,,-26.724,,,,-24.9703,,,,-26.202,,,,-24.2704,,,,-27.212,,,,-26.969,,,,-30.5633,,,,-28.588,,,,-29.4655,,,,-27.934,,,,-29.3656,,,,-28.011,,,,-30.397,,,,-28.683
,,,,-28.167,,,,-25.7366,,,,-26.735,,,,-25.0037,,,,-26.213,,,,-24.2704,,,,-27.212,,,,-26.969,,,,-30.5965,,,,-28.6,,,,-29.4655,,,,-27.945,,,,-29.3656,,,,-28.011,,,,-30.397,,,,-28.683
,,,,-28.167,,,,-25.7366,,,,-26.746,,,,-25.037,,,,-26.235,,,,-24.2704,,,,-27.223,,,,-27.0023,,,,-30.5965,,,,-28.6,,,,-29.4655,,,,-27.967,,,,-29.3989,,,,-28.022,,,,-30.397,,,,-28.7
,,,,-28.233,,,,-25.8366,,,,-26.78,,,,-25.037,,,,-26.235,,,,-24.2704,,,,-27.234,,,,-27.0356,,,,-30.6298,,,,-28.644,,,,-29.4655,,,,-27.967,,,,-29.3989,,,,-28.022,,,,-30.397,,,,-28.716
,,,,-28.217,,,,-25.8033,,,,-26.78,,,,-25.0703,,,,-26.269,,,,-24.3372,,,,-27.279,,,,-27.0689,,,,-30.6298,,,,-28.633,,,,-29.4655,,,,-27.978,,,,-29.3989,,,,-28.055,,,,-30.4302,,,,-28.75
,,,,-28.25,,,,-25.8366,,,,-26.802,,,,-25.1036,,,,-26.28,,,,-24.3038,,,,-27.268,,,,-27.0689,,,,-30.663,,,,-28.655,,,,-29.4655,,,,-28.0,,,,-29.4321,,,,-28.055,,,,-30.4302,,,,-28.75
,,,,-28.266,,,,-25.8699,,,,-26.824,,,,-25.1036,,,,-26.291,,,,-24.3038,,,,-27.279,,,,-27.0689,,,,-30.663,,,,-28.677,,,,-29.4988,,,,-28.023,,,,-29.4655,,,,-28.078,,,,-30.4635,,,,-28.766
,,,,-28.25,,,,-25.8366,,,,-26.824,,,,-25.1036,,,,-26.291,,,,-24.3038,,,,-27.29,,,,-27.1021,,,,-30.663,,,,-28.677,,,,-29.532,,,,-28.034,,,,-29.4655,,,,-28.078,,,,-30.4635,,,,-28.783
,,,,-28.3,,,,-25.9032,,,,-26.846,,,,-25.1036,,,,-26.302,,,,-24.3372,,,,-27.301,,,,-27.1021,,,,-30.6963,,,,-28.71,,,,-29.532,,,,-28.034,,,,-29.4655,,,,-28.089,,,,-30.4635,,,,-28.783
,,,,-28.383,,,,-26.0031,,,,-26.924,,,,-25.2035,,,,-26.38,,,,-24.4038,,,,-27.368,,,,-27.1688,,,,-30.7628,,,,-28.777,,,,-29.5653,,,,-28.1,,,,-29.532,,,,-28.155,,,,-30.5301,,,,-28.849
,,,,-28.366,,,,-25.9698,,,,-26.913,,,,-25.2035,,,,-26.38,,,,-24.4038,,,,-27.379,,,,-27.2021,,,,-30.7628,,,,-28.766,,,,-29.5653,,,,-28.1,,,,-29.532,,,,-28.155,,,,-30.5301,,,,-28.866
,,,,-28.416,,,,-26.0364,,,,-26.935,,,,-25.2035,,,,-26.402,,,,-24.4038,,,,-27.401,,,,-27.2353,,,,-30.7961,,,,-28.799,,,,-29.5653,,,,-28.122,,,,-29.5985,,,,-28.189,,,,-30.5633,,,,-28.899
,,,,-28.383,,,,-25.9698,,,,-26.935,,,,-25.2369,,,,-26.402,,,,-24.4038,,,,-27.401,,,,-27.2353,,,,-30.7961,,,,-28.788,,,,-29.5985,,,,-28.134,,,,-29.5653,,,,-28.177,,,,-30.5633,,,,-28.899
,,,,-28.466,,,,-26.103,,,,-27.002,,,,-25.3035,,,,-26.435,,,,-24.4038,,,,-27.401,,,,-27.2353,,,,-30.8294,,,,-28.844,,,,-29.5985,,,,-28.167,,,,-29.5985,,,,-28.189,,,,-30.5633,,,,-28.899
,,,,-28.466,,,,-26.103,,,,-27.013,,,,-25.3035,,,,-26.458,,,,-24.4705,,,,-27.434,,,,-27.2353,,,,-30.8294,,,,-28.855,,,,-29.6318,,,,-28.178,,,,-29.5985,,,,-28.222,,,,-30.5965,,,,-28.916
,,,,-28.466,,,,-26.103,,,,-27.024,,,,-25.3368,,,,-26.457,,,,-24.4371,,,,-27.445,,,,-27.3019,,,,-30.8294,,,,-28.855,,,,-29.6318,,,,-28.189,,,,-29.5985,,,,-28.211,,,,-30.5965,,,,-28.949
,,,,-28.516,,,,-26.1697,,,,-27.013,,,,-25.2701,,,,-26.457,,,,-24.4705,,,,-27.456,,,,-27.3019,,,,-30.8626,,,,-28.877,,,,-29.5985,,,,-28.167,,,,-29.6318,,,,-28.233,,,,-30.5965,,,,-28.949
,,,,-28.516,,,,-26.1697,,,,-27.046,,,,-25.3035,,,,-26.48,,,,-24.4705,,,,-27.467,,,,-27.3019,,,,-30.8626,,,,-28.899,,,,-29.6651,,,,-28.211,,,,-29.6651,,,,-28.255,,,,-30.6298,,,,-28.966
,,,,-28.533,,,,-26.1697,,,,-27.035,,,,-25.3035,,,,-26.491,,,,-24.4705,,,,-27.478,,,,-27.3019,,,,-30.8959,,,,-28.899,,,,-29.6318,,,,-28.211,,,,-29.6984,,,,-28.277,,,,-30.663,,,,-28.982
,,,,-28.516,,,,-26.1364,,,,-27.068,,,,-25.4035,,,,-26.535,,,,-24.5038,,,,-27.501,,,,-27.3352,,,,-30.8959,,,,-28.899,,,,-29.6651,,,,-28.256,,,,-29.6984,,,,-28.288,,,,-30.663,,,,-28.999
,,,,-28.549,,,,-26.203,,,,-27.079,,,,-25.3702,,,,-26.535,,,,-24.5371,,,,-27.523,,,,-27.3352,,,,-30.8959,,,,-28.921,,,,-29.6651,,,,-28.245,,,,-29.6984,,,,-28.311,,,,-30.6963,,,,-29.016
,,,,-28.566,,,,-26.203,,,,-27.091,,,,-25.4035,,,,-26.557,,,,-24.5371,,,,-27.534,,,,-27.3685,,,,-30.929,,,,-28.932,,,,-29.6651,,,,-28.267,,,,-29.7316,,,,-28.322,,,,-30.6963,,,,-29.032
,,,,-28.566,,,,-26.203,,,,-27.091,,,,-25.3702,,,,-26.546,,,,-24.5371,,,,-27.545,,,,-27.4018,,,,-30.929,,,,-28.943,,,,-29.6984,,,,-28.267,,,,-29.7316,,,,-28.322,,,,-30.6963,,,,-29.049
,,,,-28.616,,,,-26.2695,,,,-27.124,,,,-25.4035,,,,-26.557,,,,-24.5371,,,,-27.556,,,,-27.4018,,,,-30.9624,,,,-28.977,,,,-29.6984,,,,-28.278,,,,-29.7316,,,,-28.333,,,,-30.7296,,,,-29.066
,,,,-28.633,,,,-26.3029,,,,-27.157,,,,-25.4367,,,,-26.591,,,,-24.5704,,,,-27.556,,,,-27.4018,,,,-30.9624,,,,-28.999,,,,-29.7316,,,,-28.311,,,,-29.7648,,,,-28.344,,,,-30.6963,,,,-29.049
,,,,-28.616,,,,-26.2695,,,,-27.146,,,,-25.4701,,,,-26.613,,,,-24.5704,,,,-27.578,,,,-27.4351,,,,-30.9624,,,,-28.977,,,,-29.6984,,,,-28.322,,,,-29.7982,,,,-28.366,,,,-30.7296,,,,-29.082
,,,,-28.649,,,,-26.3029,,,,-27.157,,,,-25.4367,,,,-26.602,,,,-24.5704,,,,-27.589,,,,-27.4684,,,,-30.9956,,,,-29.01,,,,-29.7316,,,,-28.322,,,,-29.7982,,,,-28.366,,,,-30.7296,,,,-29.099
,,,,-28.683,,,,-26.3362,,,,-27.19,,,,-25.5035,,,,-26.646,,,,-24.6037,,,,-27.623,,,,-27.5018,,,,-31.0289,,,,-29.032,,,,-29.7316,,,,-28.356,,,,-29.8315,,,,-28.399,,,,-30.7628,,,,-29.132
,,,,-28.716,,,,-26.3695,,,,-27.235,,,,-25.57,,,,-26.68,,,,-24.6371,,,,-27.645,,,,-27.535,,,,-31.0622,,,,-29.066,,,,-29.7648,,,,-28.389,,,,-29.8315,,,,-28.41,,,,-30.7628,,,,-29.149
,,,,-28.749,,,,-26.4361,,,,-27.257,,,,-25.57,,,,-26.691,,,,-24.6371,,,,-27.634,,,,-27.5018,,,,-31.0622,,,,-29.088,,,,-29.7648,,,,-28.4,,,,-29.8647,,,,-28.422,,,,-30.7628,,,,-29.132
,,,,-28.732,,,,-26.3695,,,,-27.224,,,,-25.5368,,,,-26.68,,,,-24.6371,,,,-27.678,,,,-27.5683,,,,-31.0954,,,,-29.077,,,,-29.7648,,,,-28.389,,,,-29.8647,,,,-28.444,,,,-30.8294,,,,-29.199
,,,,-28.782,,,,-26.4695,,,,-27.29,,,,-25.6033,,,,-26.735,,,,-24.7038,,,,-27.7,,,,-27.5683,,,,-31.0954,,,,-29.121,,,,-29.7982,,,,-28.433,,,,-29.898,,,,-28.477,,,,-30.8294,,,,-29.199
,,,,-28.782,,,,-26.4361,,,,-27.268,,,,-25.6033,,,,-26.735,,,,-24.6704,,,,-27.689,,,,-27.5683,,,,-31.1287,,,,-29.11,,,,-29.7648,,,,-28.433,,,,-29.9312,,,,-28.477,,,,-30.8294,,,,-29.199
,,,,-28.782,,,,-26.4695,,,,-27.29,,,,-25.6033,,,,-26.724,,,,-24.6704,,,,-27.7,,,,-27.6015,,,,-31.0954,,,,-29.121,,,,-29.7982,,,,-28.433,,,,-29.898,,,,-28.466,,,,-30.8294,,,,-29.215
,,,,-28.816,,,,-26.5028,,,,-27.29,,,,-25.57,,,,-26.735,,,,-24.7038,,,,-27.712,,,,-27.6015,,,,-31.1287,,,,-29.143,,,,-29.7982,,,,-28.433,,,,-29.9312,,,,-28.488,,,,-30.8294,,,,-29.215
,,,,-28.782,,,,-26.4361,,,,-27.29,,,,-25.6367,,,,-26.757,,,,-24.7038,,,,-27.734,,,,-27.6349,,,,-31.1287,,,,-29.121,,,,-29.7982,,,,-28.455,,,,-29.9312,,,,-28.499,,,,-30.8626,,,,-29.249
,,,,-28.832,,,,-26.5361,,,,-27.346,,,,-25.7033,,,,-26.779,,,,-24.7038,,,,-27.734,,,,-27.6349,,,,-31.1287,,,,-29.154,,,,-29.7982,,,,-28.478,,,,-29.9312,,,,-28.499,,,,-30.8626,,,,-29.249
,,,,-28.866,,,,-26.5361,,,,-27.346,,,,-25.67,,,,-26.791,,,,-24.7371,,,,-27.756,,,,-27.6682,,,,-31.1952,,,,-29.188,,,,-29.8315,,,,-28.489,,,,-29.9645,,,,-28.521,,,,-30.8626,,,,-29.265
,,,,-28.899,,,,-26.6359,,,,-27.368,,,,-25.6367,,,,-26.779,,,,-24.7371,,,,-27.767,,,,-27.6682,,,,-31.162,,,,-29.21,,,,-29.8315,,,,-28.478,,,,-29.9645,,,,-28.532,,,,-30.8959,,,,-29.282
,,,,-28.882,,,,-26.5693,,,,-27.379,,,,-25.7366,,,,-26.824,,,,-24.7371,,,,-27.778,,,,-27.7015,,,,-31.1952,,,,-29.199,,,,-29.8315,,,,-28.522,,,,-29.9978,,,,-28.544,,,,-30.8959,,,,-29.299
,,,,-28.899,,,,-26.6026,,,,-27.401,,,,-25.7366,,,,-26.835,,,,-24.7703,,,,-27.789,,,,-27.6682,,,,-31.1952,,,,-29.221,,,,-29.8647,,,,-28.533,,,,-29.9978,,,,-28.566,,,,-30.929,,,,-29.299
,,,,-28.932,,,,-26.6693,,,,-27.435,,,,-25.7699,,,,-26.857,,,,-24.7703,,,,-27.8,,,,-27.7015,,,,-31.1952,,,,-29.243,,,,-29.8647,,,,-28.555,,,,-30.0311,,,,-28.577,,,,-30.929,,,,-29.315
,,,,-28.932,,,,-26.6359,,,,-27.401,,,,-25.7033,,,,-26.835,,,,-24.7703,,,,-27.811,,,,-27.7348,,,,-31.2285,,,,-29.243,,,,-29.8647,,,,-28.533,,,,-30.0311,,,,-28.577,,,,-30.929,,,,-29.332
,,,,-28.949,,,,-26.6693,,,,-27.435,,,,-25.7366,,,,-26.868,,,,-24.8037,,,,-27.822,,,,-27.7348,,,,-31.2285,,,,-29.265,,,,-29.898,,,,-28.566,,,,-30.0643,,,,-28.599,,,,-30.929,,,,-29.332
,,,,-28.966,,,,-26.7026,,,,-27.457,,,,-25.7699,,,,-26.879,,,,-24.8037,,,,-27.845,,,,-27.768,,,,-31.2285,,,,-29.276,,,,-29.898,,,,-28.577,,,,-30.0643,,,,-28.61,,,,-30.9624,,,,-29.365
,,,,-28.966,,,,-26.7026,,,,-27.468,,,,-25.8033,,,,-26.902,,,,-24.8037,,,,-27.856,,,,-27.768,,,,-31.2285,,,,-29.276,,,,-29.898,,,,-28.6,,,,-30.0975,,,,-28.632,,,,-30.9956,,,,-29.382
,,,,-29.015,,,,-26.7359,,,,-27.49,,,,-25.8033,,,,-26.913,,,,-24.8371,,,,-27.867,,,,-27.8014,,,,-31.295,,,,-29.321,,,,-29.9312,,,,-28.611,,,,-30.0975,,,,-28.632,,,,-30.9624,,,,-29.382
,,,,-29.015,,,,-26.7359,,,,-27.501,,,,-25.8366,,,,-26.935,,,,-24.8371,,,,-27.889,,,,-27.8347,,,,-31.295,,,,-29.321,,,,-29.9312,,,,-28.633,,,,-30.1309,,,,-28.655,,,,-30.9956,,,,-29.415
,,,,-29.015,,,,-26.7359,,,,-27.501,,,,-25.8366,,,,-26.924,,,,-24.8371,,,,-27.889,,,,-27.8347,,,,-31.295,,,,-29.321,,,,-29.9312,,,,-28.622,,,,-30.0975,,,,-28.643,,,,-30.9956,,,,-29.415
,,,,-29.065,,,,-26.8025,,,,-27.535,,,,-25.8699,,,,-26.946,,,,-24.8371,,,,-27.889,,,,-27.8347,,,,-31.3282,,,,-29.354,,,,-29.9312,,,,-28.644,,,,-30.1309,,,,-28.655,,,,-30.9956,,,,-29.415
,,,,-29.065,,,,-26.8025,,,,-27.546,,,,-25.9032,,,,-26.968,,,,-24.8703,,,,-27.911,,,,-27.8347,,,,-31.3282,,,,-29.354,,,,-29.9312,,,,-28.655,,,,-30.1309,,,,-28.677,,,,-31.0289,,,,-29.432
,,,,-29.082,,,,-26.8358,,,,-27.568,,,,-25.9032,,,,-26.99,,,,-24.9037,,,,-27.934,,,,-27.868,,,,-31.3282,,,,-29.376,,,,-29.9645,,,,-28.677,,,,-30.1641,,,,-28.699,,,,-31.0289,,,,-29.448
,,,,-29.065,,,,-26.8025,,,,-27.557,,,,-25.9364,,,,-27.001,,,,-24.9037,,,,-27.945,,,,-27.868,,,,-31.3282,,,,-29.354,,,,-29.9312,,,,-28.677,,,,-30.1641,,,,-28.71,,,,-31.0622,,,,-29.465
,,,,-29.099,,,,-26.8358,,,,-27.568,,,,-25.9032,,,,-26.99,,,,-24.9037,,,,-27.956,,,,-27.9013,,,,-31.3614,,,,-29.387,,,,-29.9645,,,,-28.677,,,,-30.1641,,,,-28.71,,,,-31.0622,,,,-29.482
,,,,-29.099,,,,-26.8358,,,,-27.579,,,,-25.9032,,,,-27.001,,,,-24.9037,,,,-27.956,,,,-27.9013,,,,-31.3614,,,,-29.398,,,,-29.9978,,,,-28.699,,,,-30.1974,,,,-28.721,,,,-31.0622,,,,-29.482
,,,,-29.148,,,,-26.9023,,,,-27.601,,,,-25.9364,,,,-27.024,,,,-24.9369,,,,-27.978,,,,-27.9344,,,,-31.3947,,,,-29.42,,,,-29.9645,,,,-28.699,,,,-30.1974,,,,-28.732,,,,-31.0622,,,,-29.498
,,,,-29.265,,,,-27.0356,,,,-27.712,,,,-26.0364,,,,-27.101,,,,-25.0037,,,,-28.078,,,,-28.0677,,,,-31.4945,,,,-29.531,,,,-30.0643,,,,-28.788,,,,-30.2638,,,,-28.81,,,,-31.162,,,,-29.615
,,,,-29.282,,,,-27.0689,,,,-27.745,,,,-26.103,,,,-27.157,,,,-25.037,,,,-28.1,,,,-28.1009,,,,-31.4945,,,,-29.543,,,,-30.0643,,,,-28.833,,,,-30.3304,,,,-28.843,,,,-31.162,,,,-29.631
,,,,-29.315,,,,-27.1021,,,,-27.745,,,,-26.0364,,,,-27.135,,,,-25.037,,,,-28.1,,,,-28.1009,,,,-31.5277,,,,-29.576,,,,-30.0975,,,,-28.821,,,,-30.3304,,,,-28.843,,,,-31.162,,,,-29.631
,,,,-29.332,,,,-27.1021,,,,-27.79,,,,-26.1697,,,,-27.201,,,,-25.0703,,,,-28.144,,,,-28.1343,,,,-31.561,,,,-29.587,,,,-30.0975,,,,-28.877,,,,-30.3637,,,,-28.888,,,,-31.2285,,,,-29.681
,,,,-29.382,,,,-27.2021,,,,-27.834,,,,-26.203,,,,-27.235,,,,-25.1036,,,,-28.155,,,,-28.1343,,,,-31.561,,,,-29.62,,,,-30.0975,,,,-28.899,,,,-30.397,,,,-28.91,,,,-31.2285,,,,-29.681
,,,,-29.398,,,,-27.2021,,,,-27.856,,,,-26.2363,,,,-27.257,,,,-25.137,,,,-28.189,,,,-28.2008,,,,-31.5942,,,,-29.642,,,,-30.1309,,,,-28.921,,,,-30.397,,,,-28.921,,,,-31.2285,,,,-29.715
,,,,-29.398,,,,-27.2021,,,,-27.856,,,,-26.2363,,,,-27.257,,,,-25.137,,,,-28.2,,,,-28.2341,,,,-31.5942,,,,-29.642,,,,-30.1309,,,,-28.921,,,,-30.397,,,,-28.921,,,,-31.2285,,,,-29.731
,,,,-29.415,,,,-27.2021,,,,-27.879,,,,-26.2695,,,,-27.268,,,,-25.137,,,,-28.211,,,,-28.2341,,,,-31.6275,,,,-29.665,,,,-30.1641,,,,-28.944,,,,-30.397,,,,-28.932,,,,-31.2617,,,,-29.748
,,,,-29.448,,,,-27.2686,,,,-27.901,,,,-26.2695,,,,-27.279,,,,-25.137,,,,-28.189,,,,-28.2008,,,,-31.6275,,,,-29.687,,,,-30.1641,,,,-28.955,,,,-30.4302,,,,-28.932,,,,-31.2285,,,,-29.715
,,,,-29.448,,,,-27.2686,,,,-27.89,,,,-26.2363,,,,-27.279,,,,-25.137,,,,-28.211,,,,-28.2341,,,,-31.6275,,,,-29.687,,,,-30.1641,,,,-28.955,,,,-30.4635,,,,-28.954,,,,-31.2617,,,,-29.748
,,,,-29.465,,,,-27.3019,,,,-27.945,,,,-26.3362,,,,-27.312,,,,-25.1703,,,,-28.244,,,,-28.2673,,,,-31.6275,,,,-29.709,,,,-30.1974,,,,-28.988,,,,-30.4302,,,,-28.965,,,,-31.295,,,,-29.781
,,,,-29.481,,,,-27.3019,,,,-27.923,,,,-26.3029,,,,-27.312,,,,-25.1703,,,,-28.244,,,,-28.2673,,,,-31.6607,,,,-29.709,,,,-30.1641,,,,-28.977,,,,-30.4635,,,,-28.976,,,,-31.295,,,,-29.781
,,,,-29.465,,,,-27.2686,,,,-27.923,,,,-26.3029,,,,-27.334,,,,-25.2035,,,,-28.266,,,,-28.3007,,,,-31.6607,,,,-29.709,,,,-30.1974,,,,-28.999,,,,-30.4968,,,,-28.998,,,,-31.295,,,,-29.798
,,,,-29.531,,,,-27.3685,,,,-27.945,,,,-26.2695,,,,-27.323,,,,-25.2035,,,,-28.266,,,,-28.3007,,,,-31.6939,,,,-29.753,,,,-30.1974,,,,-28.988,,,,-30.4968,,,,-28.998,,,,-31.295,,,,-29.798
,,,,-29.531,,,,-27.3685,,,,-27.99,,,,-26.3695,,,,-27.368,,,,-25.2369,,,,-28.3,,,,-28.334,,,,-31.6939,,,,-29.764,,,,-30.2307,,,,-29.032,,,,-30.4968,,,,-29.021,,,,-31.3282,,,,-29.831
,,,,-29.498,,,,-27.3019,,,,-27.967,,,,-26.3695,,,,-27.368,,,,-25.2369,,,,-28.311,,,,-28.334,,,,-31.6939,,,,-29.742,,,,-30.2307,,,,-29.032,,,,-30.4968,,,,-29.032,,,,-31.3614,,,,-29.848
,,,,-29.564,,,,-27.4351,,,,-28.001,,,,-26.3695,,,,-27.379,,,,-25.2369,,,,-28.311,,,,-28.3672,,,,-31.6939,,,,-29.775,,,,-30.1974,,,,-29.032,,,,-30.5301,,,,-29.032,,,,-31.3282,,,,-29.848
,,,,-29.565,,,,-27.4018,,,,-28.012,,,,-26.3695,,,,-27.39,,,,-25.2369,,,,-28.322,,,,-28.3672,,,,-31.7272,,,,-29.798,,,,-30.2638,,,,-29.066,,,,-30.5633,,,,-29.054,,,,-31.3614,,,,-29.864
,,,,-29.598,,,,-27.4684,,,,-28.045,,,,-26.4028,,,,-27.401,,,,-25.2701,,,,-28.344,,,,-28.4005,,,,-31.7272,,,,-29.82,,,,-30.2638,,,,-29.066,,,,-30.5301,,,,-29.054,,,,-31.3614,,,,-29.881
,,,,-29.598,,,,-27.4351,,,,-28.034,,,,-26.4361,,,,-27.423,,,,-25.2701,,,,-28.344,,,,-28.4005,,,,-31.7604,,,,-29.809,,,,-30.2307,,,,-29.077,,,,-30.5633,,,,-29.065,,,,-31.3614,,,,-29.881
,,,,-29.581,,,,-27.4351,,,,-28.056,,,,-26.4695,,,,-27.445,,,,-25.3035,,,,-28.355,,,,-28.4005,,,,-31.7272,,,,-29.809,,,,-30.2638,,,,-29.099,,,,-30.5633,,,,-29.076,,,,-31.3614,,,,-29.881
,,,,-29.614,,,,-27.4684,,,,-28.067,,,,-26.4361,,,,-27.445,,,,-25.3035,,,,-28.355,,,,-28.4005,,,,-31.7604,,,,-29.842,,,,-30.2972,,,,-29.11,,,,-30.5965,,,,-29.087,,,,-31.3614,,,,-29.881
,,,,-29.648,,,,-27.5018,,,,-28.09,,,,-26.4695,,,,-27.468,,,,-25.3368,,,,-28.388,,,,-28.4338,,,,-31.7937,,,,-29.864,,,,-30.2972,,,,-29.121,,,,-30.5965,,,,-29.109,,,,-31.3947,,,,-29.914
,,,,-29.648,,,,-27.5018,,,,-28.101,,,,-26.5028,,,,-27.479,,,,-25.3035,,,,-28.4,,,,-28.4671,,,,-31.7937,,,,-29.864,,,,-30.2972,,,,-29.143,,,,-30.6298,,,,-29.12,,,,-31.4279,,,,-29.947
,,,,-29.664,,,,-27.535,,,,-28.112,,,,-26.4695,,,,-27.479,,,,-25.3368,,,,-28.422,,,,-28.5004,,,,-31.7937,,,,-29.886,,,,-30.3304,,,,-29.143,,,,-30.6298,,,,-29.132,,,,-31.4279,,,,-29.964
,,,,-29.731,,,,-27.6349,,,,-28.134,,,,-26.4695,,,,-27.479,,,,-25.3368,,,,-28.433,,,,-28.5004,,,,-31.827,,,,-29.92,,,,-30.2972,,,,-29.132,,,,-30.6298,,,,-29.143,,,,-31.4612,,,,-29.981
,,,,-29.698,,,,-27.5683,,,,-28.123,,,,-26.5028,,,,-27.49,,,,-25.3368,,,,-28.433,,,,-28.5004,,,,-31.827,,,,-29.897,,,,-30.2972,,,,-29.143,,,,-30.6298,,,,-29.143,,,,-31.4612,,,,-29.981
,,,,-29.648,,,,-27.4684,,,,-28.112,,,,-26.5361,,,,-27.523,,,,-25.3702,,,,-28.444,,,,-28.5004,,,,-31.827,,,,-29.875,,,,-30.3304,,,,-29.176,,,,-30.663,,,,-29.165,,,,-31.4612,,,,-29.981
,,,,-29.714,,,,-27.5683,,,,-28.156,,,,-26.5693,,,,-27.545,,,,-25.3702,,,,-28.455,,,,-28.5337,,,,-31.8602,,,,-29.92,,,,-30.3304,,,,-29.199,,,,-30.6963,,,,-29.176,,,,-31.4612,,,,-29.997
,,,,-29.731,,,,-27.6015,,,,-28.167,,,,-26.5693,,,,-27.534,,,,-25.3702,,,,-28.455,,,,-28.5337,,,,-31.8602,,,,-29.931,,,,-30.3304,,,,-29.188,,,,-30.663,,,,-29.165,,,,-31.4612,,,,-29.997
,,,,-29.748,,,,-27.6349,,,,-28.2,,,,-26.6026,,,,-27.567,,,,-25.4035,,,,-28.466,,,,-28.5337,,,,-31.8602,,,,-29.953,,,,-30.3637,,,,-29.221,,,,-30.6963,,,,-29.187,,,,-31.4612,,,,-29.997
,,,,-29.781,,,,-27.6682,,,,-28.2,,,,-26.5693,,,,-27.556,,,,-25.4035,,,,-28.488,,,,-28.567,,,,-31.8935,,,,-29.975,,,,-30.3637,,,,-29.21,,,,-30.6963,,,,-29.198,,,,-31.4945,,,,-30.031
,,,,-29.798,,,,-27.7015,,,,-28.234,,,,-26.6359,,,,-27.59,,,,-25.4367,,,,-28.499,,,,-28.6001,,,,-31.8935,,,,-29.986,,,,-30.3637,,,,-29.232,,,,-30.6963,,,,-29.198,,,,-31.4612,,,,-30.031
,,,,-29.781,,,,-27.6682,,,,-28.212,,,,-26.5693,,,,-27.579,,,,-25.4367,,,,-28.522,,,,-28.6001,,,,-31.8935,,,,-29.986,,,,-30.397,,,,-29.232,,,,-30.7296,,,,-29.231,,,,-31.5277,,,,-30.064
,,,,-29.798,,,,-27.7015,,,,-28.245,,,,-26.6359,,,,-27.623,,,,-25.4701,,,,-28.522,,,,-28.6001,,,,-31.8935,,,,-29.997,,,,-30.397,,,,-29.265,,,,-30.7628,,,,-29.242,,,,-31.4945,,,,-30.047
,,,,-29.797,,,,-27.6682,,,,-28.256,,,,-26.6693,,,,-27.634,,,,-25.4701,,,,-28.544,,,,-28.6335,,,,-31.9267,,,,-30.008,,,,-30.4302,,,,-29.287,,,,-30.7628,,,,-29.254,,,,-31.5277,,,,-30.081
,,,,-29.831,,,,-27.7348,,,,-28.267,,,,-26.6693,,,,-27.623,,,,-25.4367,,,,-28.533,,,,-28.6335,,,,-31.9267,,,,-30.02,,,,-30.397,,,,-29.276,,,,-30.7628,,,,-29.242,,,,-31.5277,,,,-30.081
,,,,-29.864,,,,-27.8014,,,,-28.3,,,,-26.6693,,,,-27.645,,,,-25.5035,,,,-28.566,,,,-28.6668,,,,-31.9267,,,,-30.053,,,,-30.4302,,,,-29.287,,,,-30.7628,,,,-29.265,,,,-31.5277,,,,-30.097
,,,,-29.881,,,,-27.8014,,,,-28.311,,,,-26.7026,,,,-27.645,,,,-25.4701,,,,-28.555,,,,-28.6668,,,,-31.96,,,,-30.064,,,,-30.4302,,,,-29.299,,,,-30.7628,,,,-29.254,,,,-31.5277,,,,-30.097
,,,,-29.847,,,,-27.7348,,,,-28.311,,,,-26.7359,,,,-27.678,,,,-25.5035,,,,-28.588,,,,-28.7001,,,,-31.96,,,,-30.053,,,,-30.4635,,,,-29.332,,,,-30.7961,,,,-29.287,,,,-31.561,,,,-30.131
,,,,-29.897,,,,-27.8014,,,,-28.311,,,,-26.6693,,,,-27.656,,,,-25.5035,,,,-28.588,,,,-28.7001,,,,-31.9932,,,,-30.086,,,,-30.4635,,,,-29.31,,,,-30.7961,,,,-29.287,,,,-31.561,,,,-30.131
,,,,-29.897,,,,-27.8014,,,,-28.345,,,,-26.7359,,,,-27.701,,,,-25.5368,,,,-28.61,,,,-28.7001,,,,-31.9932,,,,-30.097,,,,-30.4968,,,,-29.354,,,,-30.8294,,,,-29.32,,,,-31.5942,,,,-30.147
,,,,-29.931,,,,-27.868,,,,-28.356,,,,-26.7359,,,,-27.701,,,,-25.5368,,,,-28.621,,,,-28.7334,,,,-31.9932,,,,-30.108,,,,-30.4635,,,,-29.343,,,,-30.8294,,,,-29.32,,,,-31.5942,,,,-30.164
,,,,-29.914,,,,-27.8347,,,,-28.356,,,,-26.7691,,,,-27.723,,,,-25.57,,,,-28.633,,,,-28.7334,,,,-31.9932,,,,-30.097,,,,-30.4635,,,,-29.354,,,,-30.8294,,,,-29.331,,,,-31.5942,,,,-30.164
,,,,-29.947,,,,-27.868,,,,-28.378,,,,-26.8025,,,,-27.745,,,,-25.57,,,,-28.644,,,,-28.7334,,,,-32.0264,,,,-30.119,,,,-30.4635,,,,-29.376,,,,-30.8626,,,,-29.353,,,,-31.6275,,,,-30.18
,,,,-29.947,,,,-27.868,,,,-28.411,,,,-26.8358,,,,-27.756,,,,-25.57,,,,-28.655,,,,-28.7666,,,,-32.0264,,,,-30.141,,,,-30.5301,,,,-29.409,,,,-30.8626,,,,-29.353,,,,-31.6275,,,,-30.197
,,,,-29.964,,,,-27.868,,,,-28.367,,,,-26.7359,,,,-27.723,,,,-25.57,,,,-28.655,,,,-28.7666,,,,-32.0597,,,,-30.141,,,,-30.4968,,,,-29.365,,,,-30.8626,,,,-29.353,,,,-31.6275,,,,-30.197
,,,,-30.03,,,,-28.0011,,,,-28.467,,,,-26.8691,,,,-27.778,,,,-25.6033,,,,-28.677,,,,-28.7999,,,,-32.0597,,,,-30.197,,,,-30.5301,,,,-29.421,,,,-30.8626,,,,-29.364,,,,-31.6275,,,,-30.214
,,,,-29.964,,,,-27.868,,,,-28.422,,,,-26.9023,,,,-27.8,,,,-25.6033,,,,-28.688,,,,-28.7999,,,,-32.0597,,,,-30.141,,,,-30.4968,,,,-29.432,,,,-30.8959,,,,-29.387,,,,-31.6607,,,,-30.23
,,,,-30.014,,,,-27.9344,,,,-28.445,,,,-26.8691,,,,-27.812,,,,-25.6367,,,,-28.71,,,,-28.8332,,,,-32.0929,,,,-30.186,,,,-30.5301,,,,-29.443,,,,-30.929,,,,-29.409,,,,-31.6607,,,,-30.247
,,,,-30.064,,,,-28.0344,,,,-28.478,,,,-26.8691,,,,-27.812,,,,-25.6367,,,,-28.721,,,,-28.8332,,,,-32.0929,,,,-30.219,,,,-30.5301,,,,-29.443,,,,-30.929,,,,-29.42,,,,-31.6939,,,,-30.264
,,,,-30.064,,,,-28.0011,,,,-28.5,,,,-26.9356,,,,-27.845,,,,-25.67,,,,-28.743,,,,-28.8665,,,,-32.1262,,,,-30.23,,,,-30.5633,,,,-29.476,,,,-30.929,,,,-29.431,,,,-31.6939,,,,-30.28
,,,,-30.064,,,,-28.0011,,,,-28.5,,,,-26.9356,,,,-27.867,,,,-25.7033,,,,-28.766,,,,-28.8998,,,,-32.1262,,,,-30.23,,,,-30.5633,,,,-29.487,,,,-30.9624,,,,-29.453,,,,-31.6939,,,,-30.297
,,,,-30.114,,,,-28.0677,,,,-28.522,,,,-26.9356,,,,-27.845,,,,-25.67,,,,-28.755,,,,-28.8998,,,,-32.1594,,,,-30.263,,,,-30.5633,,,,-29.476,,,,-30.929,,,,-29.431,,,,-31.6939,,,,-30.297
,,,,-30.13,,,,-28.1009,,,,-28.533,,,,-26.9023,,,,-27.856,,,,-25.7033,,,,-28.766,,,,-28.8998,,,,-32.1594,,,,-30.286,,,,-30.5965,,,,-29.487,,,,-30.9624,,,,-29.453,,,,-31.6939,,,,-30.297
,,,,-30.08,,,,-28.0344,,,,-28.533,,,,-26.969,,,,-27.878,,,,-25.7033,,,,-28.777,,,,-28.933,,,,-32.1262,,,,-30.252,,,,-30.5965,,,,-29.509,,,,-30.9624,,,,-29.453,,,,-31.6939,,,,-30.313
,,,,-30.114,,,,-28.0677,,,,-28.544,,,,-26.969,,,,-27.9,,,,-25.7366,,,,-28.799,,,,-28.933,,,,-32.1594,,,,-30.275,,,,-30.5965,,,,-29.52,,,,-30.9956,,,,-29.486,,,,-31.7272,,,,-30.33
,,,,-30.164,,,,-28.1343,,,,-28.589,,,,-27.0023,,,,-27.912,,,,-25.7366,,,,-28.799,,,,-28.933,,,,-32.1927,,,,-30.319,,,,-30.6298,,,,-29.543,,,,-30.9956,,,,-29.486,,,,-31.7272,,,,-30.33
,,,,-30.163,,,,-28.1009,,,,-28.567,,,,-27.0023,,,,-27.912,,,,-25.7366,,,,-28.799,,,,-28.933,,,,-32.2259,,,,-30.308,,,,-30.5965,,,,-29.531,,,,-30.9956,,,,-29.486,,,,-31.7272,,,,-30.33
,,,,-30.164,,,,-28.1343,,,,-28.589,,,,-27.0023,,,,-27.923,,,,-25.7699,,,,-28.832,,,,-28.9663,,,,-32.1927,,,,-30.319,,,,-30.6298,,,,-29.543,,,,-30.9956,,,,-29.509,,,,-31.7604,,,,-30.363
,,,,-30.147,,,,-28.1009,,,,-28.578,,,,-27.0023,,,,-27.934,,,,-25.7699,,,,-28.832,,,,-28.9663,,,,-32.1927,,,,-30.308,,,,-30.6298,,,,-29.554,,,,-31.0289,,,,-29.52,,,,-31.7604,,,,-30.363
,,,,-30.164,,,,-28.1343,,,,-28.6,,,,-27.0023,,,,-27.934,,,,-25.7699,,,,-28.843,,,,-28.9996,,,,-32.1927,,,,-30.33,,,,-30.663,,,,-29.565,,,,-31.0289,,,,-29.52,,,,-31.7604,,,,-30.38
,,,,-30.213,,,,-28.1676,,,,-28.622,,,,-27.0356,,,,-27.956,,,,-25.8033,,,,-28.854,,,,-28.9996,,,,-32.2591,,,,-30.363,,,,-30.663,,,,-29.576,,,,-31.0289,,,,-29.531,,,,-31.7604,,,,-30.38
,,,,-30.247,,,,-28.2341,,,,-28.644,,,,-27.0356,,,,-27.956,,,,-25.7699,,,,-28.866,,,,-29.0329,,,,-32.2591,,,,-30.385,,,,-30.663,,,,-29.587,,,,-31.0622,,,,-29.542,,,,-31.7937,,,,-30.413
,,,,-30.28,,,,-28.3007,,,,-28.689,,,,-27.1355,,,,-28.0,,,,-25.8033,,,,-28.877,,,,-29.0329,,,,-32.2591,,,,-30.397,,,,-30.6298,,,,-29.609,,,,-31.0622,,,,-29.553,,,,-31.7937,,,,-30.413
,,,,-30.247,,,,-28.2341,,,,-28.678,,,,-27.1021,,,,-28.0,,,,-25.8366,,,,-28.899,,,,-29.0662,,,,-32.2591,,,,-30.396,,,,-30.6963,,,,-29.62,,,,-31.0622,,,,-29.564,,,,-31.7937,,,,-30.43
,,,,-30.263,,,,-28.2341,,,,-28.711,,,,-27.2021,,,,-28.045,,,,-25.8366,,,,-28.91,,,,-29.0662,,,,-32.2924,,,,-30.408,,,,-30.6963,,,,-29.665,,,,-31.0954,,,,-29.586,,,,-31.827,,,,-30.447
,,,,-30.263,,,,-28.2673,,,,-28.7,,,,-27.1355,,,,-28.034,,,,-25.8699,,,,-28.921,,,,-29.0994,,,,-32.2591,,,,-30.408,,,,-30.6963,,,,-29.642,,,,-31.0954,,,,-29.586,,,,-31.7937,,,,-30.447
,,,,-30.33,,,,-28.3672,,,,-28.733,,,,-27.1355,,,,-28.034,,,,-25.8699,,,,-28.932,,,,-29.0994,,,,-32.2924,,,,-30.452,,,,-30.6963,,,,-29.642,,,,-31.0954,,,,-29.597,,,,-31.827,,,,-30.463
,,,,-30.263,,,,-28.2341,,,,-28.7,,,,-27.1355,,,,-28.045,,,,-25.8699,,,,-28.932,,,,-29.0994,,,,-32.2924,,,,-30.419,,,,-30.7296,,,,-29.665,,,,-31.1287,,,,-29.609,,,,-31.827,,,,-30.463
,,,,-30.297,,,,-28.3007,,,,-28.744,,,,-27.2021,,,,-28.089,,,,-25.9032,,,,-28.943,,,,-29.0994,,,,-32.2924,,,,-30.441,,,,-30.7296,,,,-29.698,,,,-31.162,,,,-29.631,,,,-31.827,,,,-30.463
,,,,-30.33,,,,-28.334,,,,-28.744,,,,-27.1688,,,,-28.067,,,,-25.9032,,,,-28.954,,,,-29.1327,,,,-32.3256,,,,-30.463,,,,-30.7296,,,,-29.676,,,,-31.1287,,,,-29.62,,,,-31.827,,,,-30.48
,,,,-30.363,,,,-28.4005,,,,-28.8,,,,-27.2686,,,,-28.111,,,,-25.9032,,,,-28.954,,,,-29.1327,,,,-32.3256,,,,-30.485,,,,-30.7296,,,,-29.72,,,,-31.162,,,,-29.631,,,,-31.827,,,,-30.48
,,,,-30.363,,,,-28.4005,,,,-28.777,,,,-27.2021,,,,-28.089,,,,-25.9032,,,,-28.976,,,,-29.166,,,,-32.3256,,,,-30.485,,,,-30.7296,,,,-29.698,,,,-31.162,,,,-29.642,,,,-31.8602,,,,-30.513
,,,,-30.346,,,,-28.334,,,,-28.755,,,,-27.2021,,,,-28.1,,,,-25.9364,,,,-28.999,,,,-29.1993,,,,-32.3589,,,,-30.474,,,,-30.7296,,,,-29.698,,,,-31.162,,,,-29.653,,,,-31.8602,,,,-30.53
,,,,-30.363,,,,-28.3672,,,,-28.777,,,,-27.2353,,,,-28.122,,,,-25.9364,,,,-28.999,,,,-29.1993,,,,-32.3589,,,,-30.485,,,,-30.7296,,,,-29.72,,,,-31.1952,,,,-29.664,,,,-31.8602,,,,-30.53
,,,,-30.413,,,,-28.4671,,,,-28.844,,,,-27.3019,,,,-28.156,,,,-25.9698,,,,-29.01,,,,-29.1993,,,,-32.3589,,,,-30.53,,,,-30.7628,,,,-29.753,,,,-31.1952,,,,-29.675,,,,-31.8602,,,,-30.53
,,,,-30.43,,,,-28.4671,,,,-28.844,,,,-27.2686,,,,-28.145,,,,-25.9698,,,,-29.032,,,,-29.2326,,,,-32.3921,,,,-30.552,,,,-30.7961,,,,-29.753,,,,-31.1952,,,,-29.686,,,,-31.8935,,,,-30.563
,,,,-30.43,,,,-28.4671,,,,-28.855,,,,-27.3352,,,,-28.178,,,,-25.9698,,,,-29.032,,,,-29.2326,,,,-32.3921,,,,-30.541,,,,-30.7628,,,,-29.775,,,,-31.2285,,,,-29.697,,,,-31.8935,,,,-30.563
,,,,-30.413,,,,-28.4338,,,,-28.855,,,,-27.3352,,,,-28.178,,,,-25.9698,,,,-29.032,,,,-29.2326,,,,-32.3921,,,,-30.541,,,,-30.7961,,,,-29.787,,,,-31.2285,,,,-29.697,,,,-31.8935,,,,-30.563
,,,,-30.446,,,,-28.4671,,,,-28.855,,,,-27.3352,,,,-28.178,,,,-25.9698,,,,-29.032,,,,-29.2326,,,,-32.4253,,,,-30.552,,,,-30.7628,,,,-29.775,,,,-31.2285,,,,-29.697,,,,-31.8935,,,,-30.563
,,,,-30.463,,,,-28.5337,,,,-28.844,,,,-27.2353,,,,-28.167,,,,-26.0364,,,,-29.065,,,,-29.2657,,,,-32.3921,,,,-30.563,,,,-30.7628,,,,-29.742,,,,-31.2285,,,,-29.719,,,,-31.8935,,,,-30.58
,,,,-30.48,,,,-28.5337,,,,-28.899,,,,-27.3685,,,,-28.211,,,,-26.0364,,,,-29.087,,,,-29.2991,,,,-32.4253,,,,-30.585,,,,-30.7961,,,,-29.798,,,,-31.2285,,,,-29.731,,,,-31.9267,,,,-30.613
,,,,-30.496,,,,-28.567,,,,-28.922,,,,-27.4018,,,,-28.233,,,,-26.0364,,,,-29.087,,,,-29.2991,,,,-32.4253,,,,-30.596,,,,-30.7961,,,,-29.82,,,,-31.2617,,,,-29.742,,,,-31.9267,,,,-30.613
,,,,-30.513,,,,-28.567,,,,-28.933,,,,-27.4018,,,,-28.233,,,,-26.0364,,,,-29.098,,,,-29.3324,,,,-32.4586,,,,-30.618,,,,-30.8294,,,,-29.831,,,,-31.2617,,,,-29.742,,,,-31.9267,,,,-30.63
,,,,-30.496,,,,-28.567,,,,-28.966,,,,-27.5018,,,,-28.267,,,,-26.0364,,,,-29.11,,,,-29.3324,,,,-32.4253,,,,-30.607,,,,-30.8294,,,,-29.864,,,,-31.2617,,,,-29.753,,,,-31.96,,,,-30.646
,,,,-30.513,,,,-28.567,,,,-28.944,,,,-27.4351,,,,-28.267,,,,-26.0697,,,,-29.121,,,,-29.3324,,,,-32.4586,,,,-30.618,,,,-30.8294,,,,-29.853,,,,-31.295,,,,-29.775,,,,-31.96,,,,-30.646
,,,,-30.496,,,,-28.5337,,,,-28.933,,,,-27.4351,,,,-28.267,,,,-26.0697,,,,-29.121,,,,-29.3324,,,,-32.4586,,,,-30.607,,,,-30.8294,,,,-29.853,,,,-31.295,,,,-29.775,,,,-31.96,,,,-30.646
,,,,-30.546,,,,-28.6001,,,,-28.966,,,,-27.4351,,,,-28.267,,,,-26.0697,,,,-29.132,,,,-29.3324,,,,-32.4919,,,,-30.652,,,,-30.8626,,,,-29.864,,,,-31.295,,,,-29.786,,,,-31.9932,,,,-30.663
,,,,-30.563,,,,-28.6335,,,,-29.01,,,,-27.5018,,,,-28.3,,,,-26.103,,,,-29.165,,,,-29.3989,,,,-32.4919,,,,-30.674,,,,-30.8959,,,,-29.898,,,,-31.295,,,,-29.797,,,,-31.9932,,,,-30.696
,,,,-30.563,,,,-28.6335,,,,-29.01,,,,-27.535,,,,-28.322,,,,-26.103,,,,-29.165,,,,-29.3989,,,,-32.4919,,,,-30.663,,,,-30.8626,,,,-29.909,,,,-31.3282,,,,-29.808,,,,-31.9932,,,,-30.696
,,,,-30.613,,,,-28.7001,,,,-29.021,,,,-27.4684,,,,-28.3,,,,-26.103,,,,-29.176,,,,-29.4321,,,,-32.5251,,,,-30.707,,,,-30.8959,,,,-29.897,,,,-31.3282,,,,-29.808,,,,-31.9932,,,,-30.713
,,,,-30.579,,,,-28.6668,,,,-29.01,,,,-27.5018,,,,-28.322,,,,-26.1364,,,,-29.187,,,,-29.4321,,,,-32.4919,,,,-30.674,,,,-30.8626,,,,-29.898,,,,-31.3282,,,,-29.819,,,,-31.9932,,,,-30.713
,,,,-30.613,,,,-28.7001,,,,-29.033,,,,-27.5018,,,,-28.333,,,,-26.1697,,,,-29.209,,,,-29.4321,,,,-32.5251,,,,-30.707,,,,-30.8959,,,,-29.909,,,,-31.3282,,,,-29.841,,,,-32.0264,,,,-30.729
,,,,-30.613,,,,-28.7001,,,,-29.055,,,,-27.5683,,,,-28.355,,,,-26.1364,,,,-29.198,,,,-29.4321,,,,-32.5251,,,,-30.707,,,,-30.8959,,,,-29.942,,,,-31.3614,,,,-29.841,,,,-32.0264,,,,-30.729
,,,,-30.629,,,,-28.7334,,,,-29.055,,,,-27.5018,,,,-28.344,,,,-26.1697,,,,-29.221,,,,-29.4655,,,,-32.5251,,,,-30.729,,,,-30.929,,,,-29.931,,,,-31.3614,,,,-29.853,,,,-32.0264,,,,-30.746
,,,,-30.629,,,,-28.7001,,,,-29.077,,,,-27.6015,,,,-28.389,,,,-26.1697,,,,-29.209,,,,-29.4655,,,,-32.5583,,,,-30.729,,,,-30.929,,,,-29.975,,,,-31.3947,,,,-29.853,,,,-31.9932,,,,-30.729
,,,,-30.629,,,,-28.7001,,,,-29.077,,,,-27.5683,,,,-28.389,,,,-26.203,,,,-29.232,,,,-29.4655,,,,-32.5583,,,,-30.74,,,,-30.9624,,,,-29.975,,,,-31.3947,,,,-29.875,,,,-32.0264,,,,-30.746
,,,,-30.629,,,,-28.7001,,,,-29.066,,,,-27.535,,,,-28.378,,,,-26.203,,,,-29.243,,,,-29.4988,,,,-32.5583,,,,-30.74,,,,-30.9624,,,,-29.964,,,,-31.3947,,,,-29.875,,,,-32.0264,,,,-30.763
,,,,-30.662,,,,-28.7666,,,,-29.11,,,,-27.6015,,,,-28.411,,,,-26.2363,,,,-29.265,,,,-29.4988,,,,-32.5583,,,,-30.762,,,,-30.9624,,,,-29.986,,,,-31.3947,,,,-29.897,,,,-32.0597,,,,-30.779
,,,,-30.729,,,,-28.8665,,,,-29.143,,,,-27.6015,,,,-28.411,,,,-26.2363,,,,-29.276,,,,-29.532,,,,-32.5915,,,,-30.807,,,,-30.9624,,,,-29.986,,,,-31.3947,,,,-29.897,,,,-32.0597,,,,-30.796
,,,,-30.679,,,,-28.7666,,,,-29.11,,,,-27.6015,,,,-28.422,,,,-26.2363,,,,-29.287,,,,-29.532,,,,-32.5915,,,,-30.774,,,,-30.9624,,,,-29.997,,,,-31.4279,,,,-29.919,,,,-32.0929,,,,-30.812
,,,,-30.712,,,,-28.8332,,,,-29.166,,,,-27.6682,,,,-28.444,,,,-26.2363,,,,-29.298,,,,-29.5653,,,,-32.5915,,,,-30.807,,,,-30.9956,,,,-30.031,,,,-31.4279,,,,-29.919,,,,-32.0929,,,,-30.829
,,,,-30.729,,,,-28.8665,,,,-29.155,,,,-27.6349,,,,-28.444,,,,-26.2695,,,,-29.309,,,,-29.5653,,,,-32.5915,,,,-30.807,,,,-30.9624,,,,-30.008,,,,-31.4279,,,,-29.93,,,,-32.0929,,,,-30.829
,,,,-30.746,,,,-28.8998,,,,-29.177,,,,-27.6349,,,,-28.455,,,,-26.2695,,,,-29.32,,,,-29.5653,,,,-32.5915,,,,-30.829,,,,-30.9956,,,,-30.031,,,,-31.4612,,,,-29.952,,,,-32.1262,,,,-30.846
,,,,-30.762,,,,-28.8998,,,,-29.199,,,,-27.7015,,,,-28.466,,,,-26.2695,,,,-29.32,,,,-29.5985,,,,-32.6248,,,,-30.84,,,,-30.9956,,,,-30.042,,,,-31.4279,,,,-29.93,,,,-32.0929,,,,-30.846
,,,,-30.746,,,,-28.8665,,,,-29.21,,,,-27.7348,,,,-28.5,,,,-26.3029,,,,-29.331,,,,-29.5985,,,,-32.6248,,,,-30.84,,,,-31.0289,,,,-30.075,,,,-31.4612,,,,-29.952,,,,-32.0929,,,,-30.846
,,,,-30.812,,,,-28.9663,,,,-29.232,,,,-27.7015,,,,-28.511,,,,-26.3362,,,,-29.354,,,,-29.5985,,,,-32.658,,,,-30.884,,,,-31.0289,,,,-30.075,,,,-31.4945,,,,-29.986,,,,-32.1262,,,,-30.862
,,,,-30.762,,,,-28.8665,,,,-29.221,,,,-27.768,,,,-28.533,,,,-26.3362,,,,-29.365,,,,-29.6318,,,,-32.658,,,,-30.851,,,,-31.0289,,,,-30.097,,,,-31.4945,,,,-29.986,,,,-32.1262,,,,-30.879
,,,,-30.796,,,,-28.933,,,,-29.232,,,,-27.7348,,,,-28.522,,,,-26.3362,,,,-29.376,,,,-29.6318,,,,-32.658,,,,-30.873,,,,-31.0289,,,,-30.086,,,,-31.4945,,,,-29.997,,,,-32.1594,,,,-30.896
,,,,-30.796,,,,-28.933,,,,-29.243,,,,-27.768,,,,-28.544,,,,-26.3695,,,,-29.376,,,,-29.6318,,,,-32.658,,,,-30.873,,,,-31.0289,,,,-30.097,,,,-31.4945,,,,-29.997,,,,-32.1262,,,,-30.879
,,,,-30.829,,,,-28.9996,,,,-29.277,,,,-27.768,,,,-28.544,,,,-26.3695,,,,-29.387,,,,-29.6651,,,,-32.658,,,,-30.907,,,,-31.0622,,,,-30.108,,,,-31.4945,,,,-29.997,,,,-32.1262,,,,-30.896
,,,,-30.829,,,,-28.9663,,,,-29.277,,,,-27.8014,,,,-28.566,,,,-26.3695,,,,-29.409,,,,-29.6984,,,,-32.6913,,,,-30.907,,,,-31.0622,,,,-30.13,,,,-31.5277,,,,-30.019,,,,-32.1594,,,,-30.929
,,,,-30.796,,,,-28.8998,,,,-29.254,,,,-27.8014,,,,-28.577,,,,-26.4028,,,,-29.409,,,,-29.6651,,,,-32.6913,,,,-30.884,,,,-31.0622,,,,-30.13,,,,-31.5277,,,,-30.03,,,,-32.1594,,,,-30.912
,,,,-30.862,,,,-29.0329,,,,-29.299,,,,-27.8014,,,,-28.577,,,,-26.4028,,,,-29.42,,,,-29.6984,,,,-32.6913,,,,-30.929,,,,-31.0622,,,,-30.13,,,,-31.5277,,,,-30.03,,,,-32.1594,,,,-30.929
,,,,-30.879,,,,-29.0329,,,,-29.31,,,,-27.8014,,,,-28.588,,,,-26.4028,,,,-29.431,,,,-29.7316,,,,-32.7245,,,,-30.951,,,,-31.0954,,,,-30.153,,,,-31.561,,,,-30.041,,,,-32.1594,,,,-30.946
,,,,-30.879,,,,-29.0329,,,,-29.31,,,,-27.8347,,,,-28.6,,,,-26.4361,,,,-29.431,,,,-29.6984,,,,-32.7245,,,,-30.94,,,,-31.0622,,,,-30.142,,,,-31.5277,,,,-30.041,,,,-32.1594,,,,-30.929
,,,,-30.962,,,,-29.166,,,,-29.376,,,,-27.868,,,,-28.622,,,,-26.4361,,,,-29.442,,,,-29.7316,,,,-32.7577,,,,-31.006,,,,-31.0954,,,,-30.175,,,,-31.561,,,,-30.052,,,,-32.1594,,,,-30.946
,,,,-30.895,,,,-29.0662,,,,-29.354,,,,-27.868,,,,-28.622,,,,-26.4361,,,,-29.453,,,,-29.7648,,,,-32.7245,,,,-30.973,,,,-31.1287,,,,-30.186,,,,-31.561,,,,-30.052,,,,-32.1594,,,,-30.962
,,,,-30.912,,,,-29.0994,,,,-29.343,,,,-27.8347,,,,-28.622,,,,-26.4695,,,,-29.476,,,,-29.7648,,,,-32.7245,,,,-30.973,,,,-31.0954,,,,-30.164,,,,-31.561,,,,-30.074,,,,-32.1927,,,,-30.979
,,,,-30.929,,,,-29.0994,,,,-29.365,,,,-27.868,,,,-28.644,,,,-26.4695,,,,-29.487,,,,-29.7648,,,,-32.7577,,,,-30.995,,,,-31.1287,,,,-30.197,,,,-31.5942,,,,-30.097,,,,-32.2259,,,,-30.995
,,,,-30.945,,,,-29.1327,,,,-29.365,,,,-27.868,,,,-28.633,,,,-26.4695,,,,-29.487,,,,-29.7982,,,,-32.7577,,,,-30.995,,,,-31.0954,,,,-30.175,,,,-31.561,,,,-30.074,,,,-32.1927,,,,-30.995
,,,,-30.962,,,,-29.166,,,,-29.399,,,,-27.9013,,,,-28.677,,,,-26.5028,,,,-29.498,,,,-29.7982,,,,-32.7577,,,,-31.017,,,,-31.1287,,,,-30.219,,,,-31.6275,,,,-30.108,,,,-32.1927,,,,-30.995
,,,,-30.929,,,,-29.0994,,,,-29.399,,,,-27.9344,,,,-28.677,,,,-26.5028,,,,-29.498,,,,-29.7982,,,,-32.7577,,,,-31.006,,,,-31.162,,,,-30.23,,,,-31.5942,,,,-30.097,,,,-32.1927,,,,-30.995
,,,,-30.978,,,,-29.166,,,,-29.399,,,,-27.9013,,,,-28.677,,,,-26.5361,,,,-29.52,,,,-29.7982,,,,-32.791,,,,-31.029,,,,-31.1287,,,,-30.208,,,,-31.5942,,,,-30.119,,,,-32.2259,,,,-31.012
,,,,-30.995,,,,-29.1993,,,,-29.421,,,,-27.9013,,,,-28.677,,,,-26.5361,,,,-29.531,,,,-29.8315,,,,-32.791,,,,-31.051,,,,-31.162,,,,-30.219,,,,-31.5942,,,,-30.119,,,,-32.2259,,,,-31.029
,,,,-31.012,,,,-29.1993,,,,-29.443,,,,-27.9678,,,,-28.71,,,,-26.5028,,,,-29.531,,,,-29.8315,,,,-32.8242,,,,-31.062,,,,-31.162,,,,-30.263,,,,-31.6607,,,,-30.141,,,,-32.2591,,,,-31.045
,,,,-31.028,,,,-29.2326,,,,-29.465,,,,-28.0011,,,,-28.722,,,,-26.5361,,,,-29.553,,,,-29.8647,,,,-32.8242,,,,-31.073,,,,-31.162,,,,-30.264,,,,-31.6275,,,,-30.141,,,,-32.2591,,,,-31.062
,,,,-31.045,,,,-29.2326,,,,-29.476,,,,-28.0011,,,,-28.744,,,,-26.5693,,,,-29.564,,,,-29.8647,,,,-32.8575,,,,-31.095,,,,-31.1952,,,,-30.286,,,,-31.6607,,,,-30.163,,,,-32.2591,,,,-31.062
,,,,-31.045,,,,-29.2657,,,,-29.476,,,,-27.9678,,,,-28.722,,,,-26.5693,,,,-29.575,,,,-29.898,,,,-32.8242,,,,-31.095,,,,-31.1952,,,,-30.263,,,,-31.6275,,,,-30.152,,,,-32.2591,,,,-31.079
,,,,-31.028,,,,-29.2326,,,,-29.487,,,,-28.0344,,,,-28.755,,,,-26.5693,,,,-29.575,,,,-29.898,,,,-32.8242,,,,-31.084,,,,-31.1952,,,,-30.297,,,,-31.6607,,,,-30.163,,,,-32.2591,,,,-31.079
,,,,-31.062,,,,-29.2657,,,,-29.498,,,,-28.0344,,,,-28.766,,,,-26.6026,,,,-29.598,,,,-29.898,,,,-32.8575,,,,-31.106,,,,-31.1952,,,,-30.297,,,,-31.6607,,,,-30.185,,,,-32.2924,,,,-31.095
,,,,-31.045,,,,-29.2326,,,,-29.499,,,,-28.0344,,,,-28.777,,,,-26.6359,,,,-29.609,,,,-29.898,,,,-32.8575,,,,-31.106,,,,-31.2285,,,,-30.308,,,,-31.6607,,,,-30.196,,,,-32.2924,,,,-31.095
,,,,-31.062,,,,-29.2657,,,,-29.543,,,,-28.1343,,,,-28.821,,,,-26.6359,,,,-29.62,,,,-29.9312,,,,-32.8575,,,,-31.117,,,,-31.2285,,,,-30.352,,,,-31.6939,,,,-30.207,,,,-32.2924,,,,-31.112
,,,,-31.078,,,,-29.2657,,,,-29.521,,,,-28.0677,,,,-28.799,,,,-26.6359,,,,-29.62,,,,-29.9312,,,,-32.8907,,,,-31.128,,,,-31.2285,,,,-30.33,,,,-31.6939,,,,-30.207,,,,-32.2924,,,,-31.112
,,,,-31.095,,,,-29.2991,,,,-29.554,,,,-28.1009,,,,-28.821,,,,-26.6359,,,,-29.631,,,,-29.9645,,,,-32.8907,,,,-31.15,,,,-31.2617,,,,-30.363,,,,-31.7272,,,,-30.218,,,,-32.2924,,,,-31.128
,,,,-31.112,,,,-29.3324,,,,-29.565,,,,-28.1343,,,,-28.832,,,,-26.6693,,,,-29.631,,,,-29.9312,,,,-32.8907,,,,-31.151,,,,-31.2285,,,,-30.352,,,,-31.6939,,,,-30.219,,,,-32.2924,,,,-31.112
,,,,-31.112,,,,-29.3324,,,,-29.543,,,,-28.0677,,,,-28.821,,,,-26.6693,,,,-29.642,,,,-29.9645,,,,-32.8907,,,,-31.151,,,,-31.2285,,,,-30.341,,,,-31.7272,,,,-30.23,,,,-32.2924,,,,-31.128
,,,,-31.128,,,,-29.3656,,,,-29.576,,,,-28.1009,,,,-28.844,,,,-26.7026,,,,-29.675,,,,-29.9978,,,,-32.8907,,,,-31.173,,,,-31.2617,,,,-30.363,,,,-31.7272,,,,-30.252,,,,-32.3256,,,,-31.162
,,,,-31.112,,,,-29.2991,,,,-29.565,,,,-28.1343,,,,-28.844,,,,-26.7026,,,,-29.664,,,,-29.9978,,,,-32.9239,,,,-31.162,,,,-31.2617,,,,-30.363,,,,-31.6939,,,,-30.23,,,,-32.2924,,,,-31.145
,,,,-31.161,,,,-29.3989,,,,-29.609,,,,-28.1676,,,,-28.866,,,,-26.7026,,,,-29.675,,,,-29.9978,,,,-32.9239,,,,-31.195,,,,-31.2617,,,,-30.385,,,,-31.7272,,,,-30.252,,,,-32.3256,,,,-31.162
,,,,-31.195,,,,-29.4321,,,,-29.654,,,,-28.2341,,,,-28.91,,,,-26.7359,,,,-29.72,,,,-30.0643,,,,-32.9572,,,,-31.228,,,,-31.295,,,,-30.43,,,,-31.7604,,,,-30.285,,,,-32.3589,,,,-31.212
,,,,-31.211,,,,-29.4988,,,,-29.676,,,,-28.2008,,,,-28.899,,,,-26.7691,,,,-29.731,,,,-30.0975,,,,-32.9239,,,,-31.25,,,,-31.3282,,,,-30.419,,,,-31.7272,,,,-30.274,,,,-32.3256,,,,-31.212
,,,,-31.228,,,,-29.4988,,,,-29.72,,,,-28.3007,,,,-28.966,,,,-26.8025,,,,-29.764,,,,-30.0975,,,,-32.9572,,,,-31.272,,,,-31.3614,,,,-30.485,,,,-31.7937,,,,-30.329,,,,-32.3921,,,,-31.245
,,,,-31.261,,,,-29.532,,,,-29.709,,,,-28.2341,,,,-28.955,,,,-26.8358,,,,-29.775,,,,-30.1309,,,,-32.9904,,,,-31.295,,,,-31.3614,,,,-30.463,,,,-31.7937,,,,-30.329,,,,-32.3589,,,,-31.245
,,,,-31.261,,,,-29.532,,,,-29.731,,,,-28.3007,,,,-28.977,,,,-26.8358,,,,-29.775,,,,-30.1309,,,,-32.9904,,,,-31.295,,,,-31.3614,,,,-30.485,,,,-31.7937,,,,-30.329,,,,-32.3589,,,,-31.245
,,,,-31.261,,,,-29.532,,,,-29.731,,,,-28.2673,,,,-28.966,,,,-26.8358,,,,-29.775,,,,-30.1309,,,,-32.9904,,,,-31.306,,,,-31.3947,,,,-30.485,,,,-31.7937,,,,-30.329,,,,-32.3589,,,,-31.245
,,,,-31.278,,,,-29.5653,,,,-29.742,,,,-28.3007,,,,-28.977,,,,-26.8358,,,,-29.797,,,,-30.1641,,,,-32.9904,,,,-31.306,,,,-31.3614,,,,-30.485,,,,-31.7937,,,,-30.341,,,,-32.3921,,,,-31.278
,,,,-31.294,,,,-29.5653,,,,-29.72,,,,-28.2341,,,,-28.977,,,,-26.8691,,,,-29.808,,,,-30.1641,,,,-33.0236,,,,-31.317,,,,-31.3614,,,,-30.474,,,,-31.827,,,,-30.363,,,,-32.3921,,,,-31.278
,,,,-31.278,,,,-29.5653,,,,-29.742,,,,-28.3007,,,,-28.999,,,,-26.8691,,,,-29.808,,,,-30.1641,,,,-32.9904,,,,-31.306,,,,-31.3614,,,,-30.496,,,,-31.827,,,,-30.363,,,,-32.3921,,,,-31.278
,,,,-31.294,,,,-29.5653,,,,-29.765,,,,-28.334,,,,-29.021,,,,-26.9023,,,,-29.831,,,,-30.1974,,,,-33.0236,,,,-31.328,,,,-31.3947,,,,-30.519,,,,-31.827,,,,-30.374,,,,-32.3921,,,,-31.295
,,,,-31.294,,,,-29.5985,,,,-29.776,,,,-28.334,,,,-29.021,,,,-26.8691,,,,-29.831,,,,-30.2307,,,,-32.9904,,,,-31.328,,,,-31.3947,,,,-30.53,,,,-31.8602,,,,-30.374,,,,-32.3921,,,,-31.311
,,,,-31.294,,,,-29.5985,,,,-29.776,,,,-28.3672,,,,-29.054,,,,-26.9356,,,,-29.864,,,,-30.2307,,,,-32.9904,,,,-31.317,,,,-31.3614,,,,-30.53,,,,-31.8602,,,,-30.407,,,,-32.4253,,,,-31.328
,,,,-31.361,,,,-29.6651,,,,-29.809,,,,-28.3672,,,,-29.032,,,,-26.9023,,,,-29.842,,,,-30.2307,,,,-33.0569,,,,-31.372,,,,-31.3947,,,,-30.53,,,,-31.827,,,,-30.374,,,,-32.3921,,,,-31.311
,,,,-31.361,,,,-29.6651,,,,-29.809,,,,-28.3672,,,,-29.054,,,,-26.9356,,,,-29.864,,,,-30.2307,,,,-33.0569,,,,-31.372,,,,-31.3947,,,,-30.541,,,,-31.8602,,,,-30.407,,,,-32.4253,,,,-31.328
,,,,-31.361,,,,-29.6651,,,,-29.82,,,,-28.3672,,,,-29.065,,,,-26.969,,,,-29.875,,,,-30.2307,,,,-33.0569,,,,-31.383,,,,-31.4279,,,,-30.552,,,,-31.8602,,,,-30.418,,,,-32.4253,,,,-31.328
,,,,-31.378,,,,-29.6984,,,,-29.842,,,,-28.4338,,,,-29.088,,,,-26.969,,,,-29.886,,,,-30.2638,,,,-33.0569,,,,-31.383,,,,-31.3947,,,,-30.563,,,,-31.8602,,,,-30.418,,,,-32.4253,,,,-31.345
,,,,-31.378,,,,-29.6984,,,,-29.842,,,,-28.4338,,,,-29.088,,,,-26.969,,,,-29.897,,,,-30.2972,,,,-33.0569,,,,-31.383,,,,-31.3947,,,,-30.563,,,,-31.8602,,,,-30.418,,,,-32.4253,,,,-31.361
,,,,-31.411,,,,-29.7648,,,,-29.898,,,,-28.5004,,,,-29.132,,,,-27.0023,,,,-29.908,,,,-30.2638,,,,-33.0569,,,,-31.417,,,,-31.4279,,,,-30.607,,,,-31.8935,,,,-30.451,,,,-32.4586,,,,-31.361
,,,,-31.394,,,,-29.6984,,,,-29.876,,,,-28.5004,,,,-29.11,,,,-26.969,,,,-29.908,,,,-30.2972,,,,-33.09,,,,-31.405,,,,-31.4279,,,,-30.596,,,,-31.8602,,,,-30.429,,,,-32.4586,,,,-31.378
,,,,-31.427,,,,-29.7648,,,,-29.898,,,,-28.4671,,,,-29.121,,,,-27.0023,,,,-29.919,,,,-30.2972,,,,-33.09,,,,-31.439,,,,-31.4612,,,,-30.607,,,,-31.8935,,,,-30.451,,,,-32.4586,,,,-31.378
,,,,-31.394,,,,-29.6984,,,,-29.898,,,,-28.5337,,,,-29.154,,,,-27.0356,,,,-29.942,,,,-30.3304,,,,-33.09,,,,-31.417,,,,-31.4612,,,,-30.629,,,,-31.8935,,,,-30.463,,,,-32.4586,,,,-31.394
,,,,-31.427,,,,-29.7316,,,,-29.876,,,,-28.4338,,,,-29.121,,,,-27.0356,,,,-29.942,,,,-30.3304,,,,-33.1233,,,,-31.439,,,,-31.4612,,,,-30.596,,,,-31.8935,,,,-30.463,,,,-32.4586,,,,-31.394
,,,,-31.444,,,,-29.7648,,,,-29.92,,,,-28.5004,,,,-29.154,,,,-27.0356,,,,-29.953,,,,-30.3304,,,,-33.1233,,,,-31.461,,,,-31.4945,,,,-30.641,,,,-31.9267,,,,-30.485,,,,-32.4919,,,,-31.411
,,,,-31.444,,,,-29.7648,,,,-29.909,,,,-28.4671,,,,-29.154,,,,-27.0689,,,,-29.964,,,,-30.3304,,,,-33.1233,,,,-31.461,,,,-31.4945,,,,-30.629,,,,-31.9267,,,,-30.496,,,,-32.4919,,,,-31.411
,,,,-31.461,,,,-29.7982,,,,-29.953,,,,-28.567,,,,-29.21,,,,-27.1021,,,,-29.997,,,,-30.3637,,,,-33.1233,,,,-31.472,,,,-31.4945,,,,-30.674,,,,-31.96,,,,-30.529,,,,-32.5251,,,,-31.444
,,,,-31.477,,,,-29.7982,,,,-29.964,,,,-28.567,,,,-29.199,,,,-27.0689,,,,-29.986,,,,-30.397,,,,-33.1566,,,,-31.494,,,,-31.5277,,,,-30.685,,,,-31.96,,,,-30.507,,,,-32.4919,,,,-31.444
,,,,-31.527,,,,-29.8647,,,,-29.975,,,,-28.5337,,,,-29.199,,,,-27.1021,,,,-29.997,,,,-30.3637,,,,-33.1898,,,,-31.527,,,,-31.5277,,,,-30.674,,,,-31.96,,,,-30.529,,,,-32.5251,,,,-31.444
,,,,-31.477,,,,-29.7982,,,,-29.975,,,,-28.6001,,,,-29.221,,,,-27.1355,,,,-30.019,,,,-30.397,,,,-33.1566,,,,-31.494,,,,-31.5277,,,,-30.685,,,,-31.9267,,,,-30.529,,,,-32.5251,,,,-31.461
,,,,-31.494,,,,-29.8647,,,,-29.998,,,,-28.567,,,,-29.232,,,,-27.1355,,,,-30.019,,,,-30.397,,,,-33.1233,,,,-31.516,,,,-31.561,,,,-30.707,,,,-31.9932,,,,-30.551,,,,-32.5251,,,,-31.461
,,,,-31.511,,,,-29.8315,,,,-30.009,,,,-28.6335,,,,-29.243,,,,-27.1355,,,,-30.03,,,,-30.4302,,,,-33.1898,,,,-31.527,,,,-31.561,,,,-30.718,,,,-31.96,,,,-30.54,,,,-32.5251,,,,-31.478
,,,,-31.56,,,,-29.9312,,,,-30.042,,,,-28.6335,,,,-29.254,,,,-27.1355,,,,-30.019,,,,-30.397,,,,-33.1898,,,,-31.561,,,,-31.561,,,,-30.729,,,,-31.9932,,,,-30.551,,,,-32.5251,,,,-31.461
,,,,-31.544,,,,-29.898,,,,-30.031,,,,-28.6335,,,,-29.254,,,,-27.1355,,,,-30.052,,,,-30.4635,,,,-33.1898,,,,-31.55,,,,-31.561,,,,-30.729,,,,-31.9932,,,,-30.562,,,,-32.5583,,,,-31.511
,,,,-31.594,,,,-29.9645,,,,-30.053,,,,-28.6668,,,,-29.276,,,,-27.1688,,,,-30.052,,,,-30.4635,,,,-33.2231,,,,-31.572,,,,-31.5277,,,,-30.729,,,,-31.9932,,,,-30.562,,,,-32.5251,,,,-31.494
,,,,-31.561,,,,-29.898,,,,-30.042,,,,-28.6668,,,,-29.298,,,,-27.2021,,,,-30.075,,,,-30.4635,,,,-33.2231,,,,-31.561,,,,-31.561,,,,-30.751,,,,-32.0264,,,,-30.596,,,,-32.5583,,,,-31.511
,,,,-31.577,,,,-29.9312,,,,-30.042,,,,-28.6335,,,,-29.287,,,,-27.2021,,,,-30.075,,,,-30.4635,,,,-33.2231,,,,-31.572,,,,-31.561,,,,-30.74,,,,-32.0264,,,,-30.596,,,,-32.5583,,,,-31.511
,,,,-31.594,,,,-29.9645,,,,-30.086,,,,-28.7001,,,,-29.31,,,,-27.2021,,,,-30.086,,,,-30.4968,,,,-33.2231,,,,-31.594,,,,-31.5942,,,,-30.774,,,,-32.0264,,,,-30.596,,,,-32.5583,,,,-31.528
,,,,-31.594,,,,-29.9978,,,,-30.097,,,,-28.7001,,,,-29.321,,,,-27.2353,,,,-30.097,,,,-30.4968,,,,-33.1898,,,,-31.594,,,,-31.5942,,,,-30.774,,,,-32.0264,,,,-30.607,,,,-32.5583,,,,-31.528
,,,,-31.61,,,,-29.9645,,,,-30.108,,,,-28.7666,,,,-29.354,,,,-27.2353,,,,-30.108,,,,-30.5301,,,,-33.2562,,,,-31.605,,,,-31.5942,,,,-30.807,,,,-32.0597,,,,-30.618,,,,-32.5583,,,,-31.544
,,,,-31.594,,,,-29.9645,,,,-30.097,,,,-28.7334,,,,-29.332,,,,-27.2353,,,,-30.108,,,,-30.4968,,,,-33.2231,,,,-31.594,,,,-31.5942,,,,-30.785,,,,-32.0264,,,,-30.618,,,,-32.5915,,,,-31.544
,,,,-31.627,,,,-29.9978,,,,-30.108,,,,-28.7001,,,,-29.343,,,,-27.2686,,,,-30.13,,,,-30.5301,,,,-33.2562,,,,-31.627,,,,-31.6275,,,,-30.796,,,,-32.0597,,,,-30.64,,,,-32.5915,,,,-31.561
,,,,-31.644,,,,-30.0311,,,,-30.142,,,,-28.7666,,,,-29.365,,,,-27.2686,,,,-30.13,,,,-30.5301,,,,-33.2562,,,,-31.638,,,,-31.6275,,,,-30.818,,,,-32.0597,,,,-30.64,,,,-32.5915,,,,-31.561
,,,,-31.66,,,,-30.0311,,,,-30.142,,,,-28.7666,,,,-29.365,,,,-27.2686,,,,-30.13,,,,-30.5301,,,,-33.2896,,,,-31.649,,,,-31.6275,,,,-30.818,,,,-32.0597,,,,-30.64,,,,-32.5915,,,,-31.561
,,,,-31.71,,,,-30.1309,,,,-30.219,,,,-28.8332,,,,-29.432,,,,-27.3685,,,,-30.208,,,,-30.6298,,,,-33.2896,,,,-31.705,,,,-31.6939,,,,-30.873,,,,-32.0929,,,,-30.695,,,,-32.6248,,,,-31.627
,,,,-31.743,,,,-30.1641,,,,-30.253,,,,-28.8998,,,,-29.454,,,,-27.3685,,,,-30.208,,,,-30.6298,,,,-33.3228,,,,-31.727,,,,-31.6939,,,,-30.896,,,,-32.0929,,,,-30.695,,,,-32.6248,,,,-31.627
,,,,-31.71,,,,-30.0975,,,,-30.208,,,,-28.8665,,,,-29.432,,,,-27.3685,,,,-30.208,,,,-30.6298,,,,-33.3228,,,,-31.694,,,,-31.6607,,,,-30.862,,,,-32.0597,,,,-30.684,,,,-32.6248,,,,-31.627
,,,,-31.727,,,,-30.1309,,,,-30.242,,,,-28.8998,,,,-29.454,,,,-27.3685,,,,-30.208,,,,-30.6298,,,,-33.3228,,,,-31.716,,,,-31.6939,,,,-30.896,,,,-32.0929,,,,-30.695,,,,-32.6248,,,,-31.627
,,,,-31.743,,,,-30.1641,,,,-30.253,,,,-28.8998,,,,-29.465,,,,-27.4018,,,,-30.241,,,,-30.663,,,,-33.3228,,,,-31.727,,,,-31.6939,,,,-30.896,,,,-32.0929,,,,-30.718,,,,-32.658,,,,-31.66
,,,,-31.76,,,,-30.1974,,,,-30.275,,,,-28.8998,,,,-29.476,,,,-27.4018,,,,-30.241,,,,-30.663,,,,-33.3228,,,,-31.749,,,,-31.7272,,,,-30.918,,,,-32.1262,,,,-30.729,,,,-32.658,,,,-31.66
,,,,-31.793,,,,-30.2307,,,,-30.319,,,,-28.9663,,,,-29.52,,,,-27.4684,,,,-30.285,,,,-30.6963,,,,-33.356,,,,-31.782,,,,-31.7604,,,,-30.951,,,,-32.1262,,,,-30.762,,,,-32.6913,,,,-31.694
,,,,-31.793,,,,-30.2307,,,,-30.319,,,,-28.9996,,,,-29.52,,,,-27.4351,,,,-30.263,,,,-30.6963,,,,-33.356,,,,-31.771,,,,-31.7272,,,,-30.951,,,,-32.1262,,,,-30.74,,,,-32.658,,,,-31.677
,,,,-31.81,,,,-30.2638,,,,-30.319,,,,-28.933,,,,-29.52,,,,-27.4684,,,,-30.296,,,,-30.7296,,,,-33.356,,,,-31.793,,,,-31.7604,,,,-30.951,,,,-32.1594,,,,-30.773,,,,-32.6913,,,,-31.71
,,,,-31.81,,,,-30.2307,,,,-30.33,,,,-28.9996,,,,-29.531,,,,-27.4684,,,,-30.296,,,,-30.7296,,,,-33.3892,,,,-31.793,,,,-31.7604,,,,-30.962,,,,-32.1262,,,,-30.762,,,,-32.6913,,,,-31.71
,,,,-31.793,,,,-30.2307,,,,-30.33,,,,-28.9996,,,,-29.554,,,,-27.5018,,,,-30.319,,,,-30.7296,,,,-33.356,,,,-31.782,,,,-31.7604,,,,-30.973,,,,-32.1594,,,,-30.795,,,,-32.7245,,,,-31.727
,,,,-31.793,,,,-30.1974,,,,-30.319,,,,-28.9996,,,,-29.554,,,,-27.5018,,,,-30.308,,,,-30.7296,,,,-33.3892,,,,-31.782,,,,-31.7604,,,,-30.973,,,,-32.1594,,,,-30.784,,,,-32.6913,,,,-31.71
,,,,-31.777,,,,-30.1641,,,,-30.308,,,,-28.9996,,,,-29.554,,,,-27.5018,,,,-30.319,,,,-30.7628,,,,-33.3892,,,,-31.771,,,,-31.7604,,,,-30.973,,,,-32.1594,,,,-30.784,,,,-32.6913,,,,-31.727
,,,,-31.91,,,,-30.3637,,,,-30.408,,,,-29.0329,,,,-29.598,,,,-27.5683,,,,-30.374,,,,-30.7961,,,,-33.4557,,,,-31.882,,,,-31.827,,,,-31.018,,,,-32.1927,,,,-30.84,,,,-32.7577,,,,-31.777
,,,,-31.893,,,,-30.2972,,,,-30.397,,,,-29.0329,,,,-29.598,,,,-27.5683,,,,-30.374,,,,-30.7961,,,,-33.4889,,,,-31.882,,,,-31.8602,,,,-31.029,,,,-32.1927,,,,-30.84,,,,-32.7577,,,,-31.777
,,,,-31.943,,,,-30.3304,,,,-30.441,,,,-29.0662,,,,-29.609,,,,-27.5683,,,,-30.385,,,,-30.7961,,,,-33.5554,,,,-31.938,,,,-31.9267,,,,-31.062,,,,-32.1927,,,,-30.851,,,,-32.791,,,,-31.794
,,,,-31.993,,,,-30.397,,,,-30.497,,,,-29.0994,,,,-29.642,,,,-27.5683,,,,-30.407,,,,-30.7961,,,,-33.5886,,,,-31.993,,,,-31.9932,,,,-31.117,,,,-32.2591,,,,-30.895,,,,-32.8575,,,,-31.827
,,,,-32.026,,,,-30.3637,,,,-30.541,,,,-29.166,,,,-29.676,,,,-27.6015,,,,-30.452,,,,-30.8626,,,,-33.6883,,,,-32.048,,,,-32.0929,,,,-31.173,,,,-32.2591,,,,-30.917,,,,-32.8907,,,,-31.877
,,,,-32.076,,,,-30.397,,,,-30.563,,,,-29.1993,,,,-29.709,,,,-27.6349,,,,-30.496,,,,-30.8959,,,,-33.7546,,,,-32.082,,,,-32.0929,,,,-31.195,,,,-32.2924,,,,-30.962,,,,-32.9572,,,,-31.927
,,,,-32.092,,,,-30.3637,,,,-30.563,,,,-29.166,,,,-29.72,,,,-27.6682,,,,-30.507,,,,-30.8959,,,,-33.8212,,,,-32.115,,,,-32.1594,,,,-31.217,,,,-32.3256,,,,-30.984,,,,-32.9572,,,,-31.927
,,,,-32.142,,,,-30.4302,,,,-30.63,,,,-29.2657,,,,-29.775,,,,-27.7015,,,,-30.562,,,,-30.9624,,,,-33.8544,,,,-32.159,,,,-32.1927,,,,-31.272,,,,-32.3589,,,,-31.028,,,,-33.0236,,,,-31.993
,,,,-32.176,,,,-30.4302,,,,-30.652,,,,-29.2991,,,,-29.786,,,,-27.7015,,,,-30.562,,,,-30.9624,,,,-33.9208,,,,-32.192,,,,-32.2259,,,,-31.295,,,,-32.3589,,,,-31.028,,,,-33.0236,,,,-31.993
,,,,-32.225,,,,-30.4968,,,,-30.674,,,,-29.2991,,,,-29.798,,,,-27.7015,,,,-30.585,,,,-30.9624,,,,-33.9541,,,,-32.226,,,,-32.2259,,,,-31.306,,,,-32.3921,,,,-31.061,,,,-33.09,,,,-32.026
,,,,-32.242,,,,-30.4968,,,,-30.707,,,,-29.3324,,,,-29.82,,,,-27.7348,,,,-30.618,,,,-31.0289,,,,-33.9874,,,,-32.259,,,,-32.2924,,,,-31.339,,,,-32.3921,,,,-31.072,,,,-33.09,,,,-32.059
,,,,-32.259,,,,-30.4968,,,,-30.752,,,,-29.3989,,,,-29.864,,,,-27.7348,,,,-30.629,,,,-31.0289,,,,-34.0205,,,,-32.292,,,,-32.3589,,,,-31.405,,,,-32.4586,,,,-31.106,,,,-33.1233,,,,-32.076
,,,,-32.342,,,,-30.5965,,,,-30.807,,,,-29.4321,,,,-29.886,,,,-27.768,,,,-30.651,,,,-31.0289,,,,-34.0869,,,,-32.358,,,,-32.3921,,,,-31.428,,,,-32.4586,,,,-31.128,,,,-33.1566,,,,-32.093
,,,,-32.358,,,,-30.5633,,,,-30.807,,,,-29.4321,,,,-29.92,,,,-27.8347,,,,-30.718,,,,-31.0954,,,,-34.1534,,,,-32.381,,,,-32.4253,,,,-31.45,,,,-32.4919,,,,-31.183,,,,-33.2231,,,,-32.159
,,,,-32.425,,,,-30.6298,,,,-30.851,,,,-29.4321,,,,-29.931,,,,-27.8347,,,,-30.729,,,,-31.0954,,,,-34.2199,,,,-32.447,,,,-32.4919,,,,-31.483,,,,-32.5251,,,,-31.205,,,,-33.2562,,,,-32.176
,,,,-32.475,,,,-30.6298,,,,-30.918,,,,-29.532,,,,-29.986,,,,-27.868,,,,-30.795,,,,-31.162,,,,-34.3196,,,,-32.514,,,,-32.5915,,,,-31.561,,,,-32.5583,,,,-31.261,,,,-33.356,,,,-32.259
,,,,-32.541,,,,-30.6963,,,,-30.984,,,,-29.5985,,,,-30.064,,,,-27.9344,,,,-30.862,,,,-31.2285,,,,-34.386,,,,-32.58,,,,-32.658,,,,-31.638,,,,-32.658,,,,-31.338,,,,-33.4224,,,,-32.325
,,,,-32.608,,,,-30.7628,,,,-31.04,,,,-29.6651,,,,-30.097,,,,-27.9344,,,,-30.873,,,,-31.2285,,,,-34.4524,,,,-32.636,,,,-32.6913,,,,-31.683,,,,-32.6913,,,,-31.36,,,,-33.4557,,,,-32.342
,,,,-32.658,,,,-30.7961,,,,-31.062,,,,-29.6651,,,,-30.108,,,,-27.9678,,,,-30.917,,,,-31.295,,,,-34.5189,,,,-32.68,,,,-32.7245,,,,-31.694,,,,-32.6913,,,,-31.383,,,,-33.4889,,,,-32.392
,,,,-32.608,,,,-30.6963,,,,-31.073,,,,-29.7316,,,,-30.141,,,,-28.0011,,,,-30.939,,,,-31.295,,,,-34.5189,,,,-32.669,,,,-32.791,,,,-31.738,,,,-32.6913,,,,-31.405,,,,-33.5221,,,,-32.409
,,,,-32.724,,,,-30.8294,,,,-31.117,,,,-29.6984,,,,-30.152,,,,-28.0344,,,,-30.984,,,,-31.3282,,,,-34.6185,,,,-32.757,,,,-32.8242,,,,-31.749,,,,-32.7245,,,,-31.449,,,,-33.5886,,,,-32.458
,,,,-32.724,,,,-30.7961,,,,-31.128,,,,-29.7316,,,,-30.186,,,,-28.0677,,,,-31.006,,,,-31.3614,,,,-34.6517,,,,-32.768,,,,-32.8575,,,,-31.782,,,,-32.7577,,,,-31.471,,,,-33.5886,,,,-32.475
,,,,-32.757,,,,-30.8626,,,,-31.173,,,,-29.7648,,,,-30.219,,,,-28.1009,,,,-31.039,,,,-31.3614,,,,-34.6517,,,,-32.802,,,,-32.8907,,,,-31.816,,,,-32.791,,,,-31.516,,,,-33.6551,,,,-32.508
,,,,-32.807,,,,-30.8959,,,,-31.195,,,,-29.7648,,,,-30.219,,,,-28.0677,,,,-31.05,,,,-31.4279,,,,-34.7181,,,,-32.846,,,,-32.9239,,,,-31.838,,,,-32.8242,,,,-31.516,,,,-33.6551,,,,-32.542
,,,,-32.84,,,,-30.929,,,,-31.239,,,,-29.8315,,,,-30.252,,,,-28.1009,,,,-31.083,,,,-31.4279,,,,-34.7513,,,,-32.879,,,,-32.9572,,,,-31.871,,,,-32.8242,,,,-31.549,,,,-33.7215,,,,-32.575
,,,,-32.84,,,,-30.929,,,,-31.261,,,,-29.8647,,,,-30.286,,,,-28.1343,,,,-31.106,,,,-31.4612,,,,-34.7513,,,,-32.89,,,,-32.9904,,,,-31.904,,,,-32.8575,,,,-31.571,,,,-33.7215,,,,-32.591
,,,,-32.907,,,,-30.9956,,,,-31.317,,,,-29.898,,,,-30.33,,,,-28.1676,,,,-31.128,,,,-31.4612,,,,-34.8178,,,,-32.957,,,,-33.0569,,,,-31.96,,,,-32.9239,,,,-31.615,,,,-33.7546,,,,-32.608
,,,,-32.89,,,,-30.9624,,,,-31.317,,,,-29.9312,,,,-30.352,,,,-28.2008,,,,-31.161,,,,-31.4945,,,,-34.8178,,,,-32.946,,,,-33.0569,,,,-31.971,,,,-32.9239,,,,-31.638,,,,-33.788,,,,-32.641
,,,,-32.907,,,,-30.9624,,,,-31.306,,,,-29.898,,,,-30.352,,,,-28.2008,,,,-31.183,,,,-31.5277,,,,-34.851,,,,-32.957,,,,-33.0569,,,,-31.971,,,,-32.9572,,,,-31.66,,,,-33.8212,,,,-32.674
,,,,-32.94,,,,-30.9956,,,,-31.372,,,,-29.9978,,,,-30.396,,,,-28.2341,,,,-31.216,,,,-31.561,,,,-34.8842,,,,-33.001,,,,-33.1233,,,,-32.026,,,,-32.9572,,,,-31.682,,,,-33.8544,,,,-32.708
,,,,-32.99,,,,-31.0289,,,,-31.361,,,,-29.9312,,,,-30.396,,,,-28.2673,,,,-31.25,,,,-31.5942,,,,-34.9507,,,,-33.034,,,,-33.1233,,,,-32.015,,,,-32.9904,,,,-31.715,,,,-33.8876,,,,-32.741
,,,,-32.973,,,,-31.0289,,,,-31.406,,,,-30.0311,,,,-30.441,,,,-28.2673,,,,-31.261,,,,-31.5942,,,,-34.9174,,,,-33.034,,,,-33.1566,,,,-32.07,,,,-33.0236,,,,-31.737,,,,-33.9208,,,,-32.758
,,,,-33.139,,,,-31.1952,,,,-31.55,,,,-30.1974,,,,-30.585,,,,-28.4338,,,,-31.416,,,,-31.7604,,,,-35.0834,,,,-33.178,,,,-33.2562,,,,-32.192,,,,-33.1233,,,,-31.87,,,,-34.0537,,,,-32.907
,,,,-33.156,,,,-31.2285,,,,-31.583,,,,-30.1974,,,,-30.574,,,,-28.4005,,,,-31.416,,,,-31.7604,,,,-35.0834,,,,-33.212,,,,-33.3228,,,,-32.214,,,,-33.1233,,,,-31.87,,,,-34.0869,,,,-32.924
,,,,-33.173,,,,-31.2285,,,,-31.594,,,,-30.1974,,,,-30.596,,,,-28.4338,,,,-31.449,,,,-31.7604,,,,-35.1167,,,,-33.234,,,,-33.356,,,,-32.237,,,,-33.1566,,,,-31.915,,,,-34.1534,,,,-32.957
,,,,-33.156,,,,-31.1952,,,,-31.616,,,,-30.2638,,,,-30.64,,,,-28.4671,,,,-31.471,,,,-31.7937,,,,-35.1167,,,,-33.234,,,,-33.3892,,,,-32.281,,,,-33.1898,,,,-31.937,,,,-34.1534,,,,-32.974
,,,,-33.239,,,,-31.3282,,,,-31.638,,,,-30.2307,,,,-30.629,,,,-28.4671,,,,-31.494,,,,-31.827,,,,-35.1499,,,,-33.278,,,,-33.356,,,,-32.259,,,,-33.1898,,,,-31.948,,,,-34.1867,,,,-33.007
,,,,-33.222,,,,-31.295,,,,-31.66,,,,-30.2638,,,,-30.662,,,,-28.5004,,,,-31.505,,,,-31.827,,,,-35.1499,,,,-33.289,,,,-33.4224,,,,-32.303,,,,-33.2231,,,,-31.97,,,,-34.1867,,,,-33.007
,,,,-33.222,,,,-31.295,,,,-31.672,,,,-30.2972,,,,-30.674,,,,-28.5004,,,,-31.527,,,,-31.8602,,,,-35.1499,,,,-33.289,,,,-33.4224,,,,-32.314,,,,-33.2231,,,,-31.981,,,,-34.2199,,,,-33.04
,,,,-33.306,,,,-31.3947,,,,-31.727,,,,-30.3637,,,,-30.718,,,,-28.5337,,,,-31.549,,,,-31.8602,,,,-35.2164,,,,-33.344,,,,-33.4224,,,,-32.347,,,,-33.2562,,,,-32.014,,,,-34.253,,,,-33.057
,,,,-33.305,,,,-31.3614,,,,-31.727,,,,-30.3637,,,,-30.718,,,,-28.5337,,,,-31.571,,,,-31.9267,,,,-35.2495,,,,-33.356,,,,-33.4557,,,,-32.359,,,,-33.2562,,,,-32.014,,,,-34.253,,,,-33.09
,,,,-33.306,,,,-31.3947,,,,-31.749,,,,-30.3637,,,,-30.74,,,,-28.567,,,,-31.593,,,,-31.9267,,,,-35.2164,,,,-33.367,,,,-33.4889,,,,-32.381,,,,-33.2896,,,,-32.048,,,,-34.2863,,,,-33.106
,,,,-33.305,,,,-31.3614,,,,-31.749,,,,-30.397,,,,-30.773,,,,-28.6001,,,,-31.627,,,,-31.9267,,,,-35.2495,,,,-33.367,,,,-33.4889,,,,-32.403,,,,-33.3228,,,,-32.092,,,,-34.3527,,,,-33.14
,,,,-33.372,,,,-31.4945,,,,-31.816,,,,-30.4302,,,,-30.796,,,,-28.6335,,,,-31.649,,,,-31.96,,,,-35.2495,,,,-33.422,,,,-33.5221,,,,-32.425,,,,-33.3228,,,,-32.103,,,,-34.3527,,,,-33.156
,,,,-33.355,,,,-31.3947,,,,-31.793,,,,-30.4302,,,,-30.807,,,,-28.6335,,,,-31.671,,,,-31.9932,,,,-35.316,,,,-33.422,,,,-33.5554,,,,-32.447,,,,-33.356,,,,-32.125,,,,-34.386,,,,-33.19
,,,,-33.389,,,,-31.4612,,,,-31.827,,,,-30.4635,,,,-30.84,,,,-28.6668,,,,-31.704,,,,-32.0264,,,,-35.316,,,,-33.444,,,,-33.5554,,,,-32.469,,,,-33.3892,,,,-32.158,,,,-34.4191,,,,-33.223
,,,,-33.422,,,,-31.4945,,,,-31.838,,,,-30.4302,,,,-30.829,,,,-28.6668,,,,-31.704,,,,-32.0264,,,,-35.3492,,,,-33.477,,,,-33.5886,,,,-32.469,,,,-33.3892,,,,-32.158,,,,-34.4191,,,,-33.223
,,,,-33.405,,,,-31.4612,,,,-31.827,,,,-30.4302,,,,-30.829,,,,-28.6668,,,,-31.715,,,,-32.0597,,,,-35.3492,,,,-33.466,,,,-33.5886,,,,-32.469,,,,-33.3892,,,,-32.158,,,,-34.4191,,,,-33.239
,,,,-33.405,,,,-31.4612,,,,-31.871,,,,-30.5301,,,,-30.884,,,,-28.7001,,,,-31.748,,,,-32.0929,,,,-35.3492,,,,-33.477,,,,-33.6218,,,,-32.525,,,,-33.4224,,,,-32.192,,,,-34.4524,,,,-33.273
,,,,-33.438,,,,-31.5277,,,,-31.904,,,,-30.5301,,,,-30.906,,,,-28.7334,,,,-31.782,,,,-32.0929,,,,-35.3492,,,,-33.511,,,,-33.6551,,,,-32.547,,,,-33.4557,,,,-32.236,,,,-34.5189,,,,-33.306
,,,,-33.455,,,,-31.5277,,,,-31.904,,,,-30.5633,,,,-30.917,,,,-28.7334,,,,-31.793,,,,-32.1262,,,,-35.3824,,,,-33.511,,,,-33.6218,,,,-32.547,,,,-33.4557,,,,-32.236,,,,-34.5189,,,,-33.323
,,,,-33.472,,,,-31.5277,,,,-31.926,,,,-30.5633,,,,-30.94,,,,-28.7666,,,,-31.804,,,,-32.1262,,,,-35.4155,,,,-33.544,,,,-33.6883,,,,-32.58,,,,-33.4889,,,,-32.258,,,,-34.5189,,,,-33.323
,,,,-33.522,,,,-31.5942,,,,-31.96,,,,-30.5965,,,,-30.973,,,,-28.7999,,,,-31.848,,,,-32.1594,,,,-35.4488,,,,-33.577,,,,-33.6883,,,,-32.602,,,,-33.5221,,,,-32.302,,,,-34.5852,,,,-33.372
,,,,-33.538,,,,-31.5942,,,,-31.971,,,,-30.5965,,,,-30.973,,,,-28.7999,,,,-31.87,,,,-32.1927,,,,-35.482,,,,-33.599,,,,-33.7215,,,,-32.613,,,,-33.5221,,,,-32.314,,,,-34.6185,,,,-33.406
,,,,-33.588,,,,-31.6939,,,,-31.993,,,,-30.5633,,,,-30.984,,,,-28.8332,,,,-31.881,,,,-32.1927,,,,-35.482,,,,-33.632,,,,-33.7215,,,,-32.613,,,,-33.5554,,,,-32.336,,,,-34.6185,,,,-33.406
,,,,-33.555,,,,-31.5942,,,,-31.982,,,,-30.6298,,,,-31.006,,,,-28.8332,,,,-31.904,,,,-32.2259,,,,-35.5153,,,,-33.61,,,,-33.7215,,,,-32.636,,,,-33.5554,,,,-32.347,,,,-34.6517,,,,-33.439
,,,,-33.571,,,,-31.6275,,,,-32.015,,,,-30.663,,,,-31.039,,,,-28.8665,,,,-31.937,,,,-32.2591,,,,-35.5153,,,,-33.632,,,,-33.7546,,,,-32.669,,,,-33.5886,,,,-32.38,,,,-34.685,,,,-33.472
,,,,-33.621,,,,-31.6939,,,,-32.048,,,,-30.663,,,,-31.05,,,,-28.8665,,,,-31.926,,,,-32.2591,,,,-35.5485,,,,-33.677,,,,-33.788,,,,-32.691,,,,-33.6218,,,,-32.38,,,,-34.6517,,,,-33.455
,,,,-33.621,,,,-31.6939,,,,-32.037,,,,-30.6298,,,,-31.05,,,,-28.8998,,,,-31.959,,,,-32.2924,,,,-35.5485,,,,-33.677,,,,-33.788,,,,-32.68,,,,-33.6218,,,,-32.402,,,,-34.685,,,,-33.489
,,,,-33.621,,,,-31.6939,,,,-32.059,,,,-30.663,,,,-31.062,,,,-28.8998,,,,-31.97,,,,-32.2924,,,,-35.5485,,,,-33.688,,,,-33.8212,,,,-32.702,,,,-33.6218,,,,-32.413,,,,-34.7181,,,,-33.505
,,,,-33.671,,,,-31.7272,,,,-32.115,,,,-30.7628,,,,-31.117,,,,-28.933,,,,-31.992,,,,-32.3256,,,,-35.6149,,,,-33.732,,,,-33.8544,,,,-32.757,,,,-33.6551,,,,-32.435,,,,-34.7181,,,,-33.522
,,,,-33.671,,,,-31.7272,,,,-32.115,,,,-30.7628,,,,-31.128,,,,-28.9663,,,,-32.026,,,,-32.3589,,,,-35.6149,,,,-33.732,,,,-33.8544,,,,-32.757,,,,-33.6551,,,,-32.458,,,,-34.7513,,,,-33.555
,,,,-33.704,,,,-31.7937,,,,-32.17,,,,-30.8294,,,,-31.161,,,,-28.9663,,,,-32.026,,,,-32.3589,,,,-35.6149,,,,-33.765,,,,-33.8876,,,,-32.802,,,,-33.6883,,,,-32.469,,,,-34.7513,,,,-33.555
,,,,-33.754,,,,-31.8602,,,,-32.17,,,,-30.7628,,,,-31.15,,,,-28.9996,,,,-32.059,,,,-32.3589,,,,-35.6481,,,,-33.799,,,,-33.8876,,,,-32.78,,,,-33.6883,,,,-32.502,,,,-34.8178,,,,-33.588
,,,,-33.738,,,,-31.827,,,,-32.181,,,,-30.7961,,,,-31.172,,,,-28.9996,,,,-32.07,,,,-32.3921,,,,-35.6481,,,,-33.799,,,,-33.9208,,,,-32.813,,,,-33.7215,,,,-32.513,,,,-34.8178,,,,-33.605
,,,,-33.738,,,,-31.827,,,,-32.181,,,,-30.8294,,,,-31.195,,,,-29.0329,,,,-32.103,,,,-32.4253,,,,-35.6481,,,,-33.788,,,,-33.8876,,,,-32.813,,,,-33.7215,,,,-32.535,,,,-34.851,,,,-33.638
,,,,-33.771,,,,-31.8602,,,,-32.226,,,,-30.8626,,,,-31.217,,,,-29.0329,,,,-32.114,,,,-32.4586,,,,-35.6813,,,,-33.832,,,,-33.9541,,,,-32.857,,,,-33.7546,,,,-32.546,,,,-34.851,,,,-33.655
,,,,-33.754,,,,-31.827,,,,-32.215,,,,-30.8626,,,,-31.217,,,,-29.0329,,,,-32.125,,,,-32.4586,,,,-35.6813,,,,-33.821,,,,-33.9541,,,,-32.857,,,,-33.7546,,,,-32.557,,,,-34.8842,,,,-33.671
,,,,-33.854,,,,-31.96,,,,-32.281,,,,-30.8959,,,,-31.261,,,,-29.0994,,,,-32.17,,,,-32.4919,,,,-35.7476,,,,-33.898,,,,-33.9874,,,,-32.89,,,,-33.788,,,,-32.602,,,,-34.9174,,,,-33.705
,,,,-33.804,,,,-31.8935,,,,-32.27,,,,-30.8959,,,,-31.261,,,,-29.0994,,,,-32.159,,,,-32.4919,,,,-35.7145,,,,-33.876,,,,-34.0205,,,,-32.901,,,,-33.788,,,,-32.591,,,,-34.8842,,,,-33.688
,,,,-33.854,,,,-31.96,,,,-32.292,,,,-30.8959,,,,-31.261,,,,-29.0994,,,,-32.181,,,,-32.5251,,,,-35.7476,,,,-33.909,,,,-34.0205,,,,-32.901,,,,-33.788,,,,-32.602,,,,-34.9174,,,,-33.721
,,,,-33.837,,,,-31.8935,,,,-32.292,,,,-30.9624,,,,-31.294,,,,-29.1327,,,,-32.214,,,,-32.5583,,,,-35.7809,,,,-33.898,,,,-34.0205,,,,-32.924,,,,-33.788,,,,-32.624,,,,-34.9507,,,,-33.754
,,,,-33.887,,,,-31.9932,,,,-32.336,,,,-30.929,,,,-31.316,,,,-29.166,,,,-32.225,,,,-32.5583,,,,-35.7809,,,,-33.954,,,,-34.0869,,,,-32.957,,,,-33.8544,,,,-32.657,,,,-34.9507,,,,-33.754
,,,,-33.954,,,,-32.0929,,,,-32.359,,,,-30.929,,,,-31.316,,,,-29.166,,,,-32.247,,,,-32.5915,,,,-35.8141,,,,-33.987,,,,-34.0537,,,,-32.946,,,,-33.8544,,,,-32.668,,,,-34.9839,,,,-33.788
,,,,-33.92,,,,-32.0264,,,,-32.381,,,,-31.0289,,,,-31.372,,,,-29.1993,,,,-32.269,,,,-32.5915,,,,-35.8141,,,,-33.976,,,,-34.0869,,,,-33.001,,,,-33.8876,,,,-32.701,,,,-35.0171,,,,-33.804
,,,,-33.937,,,,-32.0264,,,,-32.381,,,,-30.9956,,,,-31.361,,,,-29.1993,,,,-32.291,,,,-32.658,,,,-35.8473,,,,-33.998,,,,-34.1202,,,,-33.001,,,,-33.8876,,,,-32.701,,,,-35.0171,,,,-33.838
,,,,-34.053,,,,-32.1262,,,,-32.492,,,,-31.162,,,,-31.483,,,,-29.2991,,,,-32.38,,,,-32.7245,,,,-35.9801,,,,-34.098,,,,-34.1867,,,,-33.112,,,,-33.9874,,,,-32.801,,,,-35.1167,,,,-33.921
,,,,-34.07,,,,-32.1927,,,,-32.514,,,,-31.162,,,,-31.483,,,,-29.2991,,,,-32.369,,,,-32.7245,,,,-35.9469,,,,-34.109,,,,-34.1867,,,,-33.112,,,,-33.9874,,,,-32.79,,,,-35.0834,,,,-33.904
,,,,-34.07,,,,-32.1927,,,,-32.514,,,,-31.1287,,,,-31.494,,,,-29.3656,,,,-32.424,,,,-32.7577,,,,-35.9469,,,,-34.12,,,,-34.2199,,,,-33.112,,,,-33.9874,,,,-32.834,,,,-35.1499,,,,-33.954
,,,,-34.07,,,,-32.1594,,,,-32.514,,,,-31.1287,,,,-31.505,,,,-29.3656,,,,-32.447,,,,-32.791,,,,-35.9801,,,,-34.131,,,,-34.253,,,,-33.134,,,,-34.0205,,,,-32.856,,,,-35.1832,,,,-33.987
,,,,-34.103,,,,-32.2259,,,,-32.558,,,,-31.1952,,,,-31.538,,,,-29.3989,,,,-32.458,,,,-32.791,,,,-35.9801,,,,-34.153,,,,-34.253,,,,-33.156,,,,-34.0205,,,,-32.868,,,,-35.1832,,,,-33.987
,,,,-34.103,,,,-32.2259,,,,-32.569,,,,-31.1952,,,,-31.527,,,,-29.3656,,,,-32.458,,,,-32.8242,,,,-35.9801,,,,-34.164,,,,-34.2863,,,,-33.167,,,,-34.0205,,,,-32.856,,,,-35.1832,,,,-34.004
,,,,-34.153,,,,-32.2924,,,,-32.58,,,,-31.1952,,,,-31.56,,,,-29.4321,,,,-32.491,,,,-32.8242,,,,-36.0134,,,,-34.186,,,,-34.253,,,,-33.167,,,,-34.0537,,,,-32.901,,,,-35.2164,,,,-34.02
,,,,-34.136,,,,-32.2924,,,,-32.602,,,,-31.2285,,,,-31.571,,,,-29.3989,,,,-32.491,,,,-32.8575,,,,-35.9801,,,,-34.186,,,,-34.2863,,,,-33.201,,,,-34.0869,,,,-32.901,,,,-35.2164,,,,-34.037
,,,,-34.169,,,,-32.2924,,,,-32.625,,,,-31.2617,,,,-31.605,,,,-29.4321,,,,-32.513,,,,-32.8575,,,,-36.0465,,,,-34.22,,,,-34.3196,,,,-33.234,,,,-34.1202,,,,-32.934,,,,-35.2495,,,,-34.054
,,,,-34.186,,,,-32.3256,,,,-32.625,,,,-31.2285,,,,-31.605,,,,-29.4655,,,,-32.546,,,,-32.9239,,,,-36.0465,,,,-34.231,,,,-34.3196,,,,-33.223,,,,-34.1202,,,,-32.945,,,,-35.2495,,,,-34.087
,,,,-34.186,,,,-32.2924,,,,-32.636,,,,-31.2617,,,,-31.616,,,,-29.4655,,,,-32.535,,,,-32.8907,,,,-36.0796,,,,-34.242,,,,-34.3527,,,,-33.245,,,,-34.1202,,,,-32.945,,,,-35.2495,,,,-34.07
,,,,-34.252,,,,-32.3921,,,,-32.669,,,,-31.2617,,,,-31.638,,,,-29.4988,,,,-32.557,,,,-32.8907,,,,-36.1129,,,,-34.286,,,,-34.3527,,,,-33.256,,,,-34.1534,,,,-32.978,,,,-35.2828,,,,-34.087
,,,,-34.219,,,,-32.3589,,,,-32.669,,,,-31.295,,,,-31.649,,,,-29.4988,,,,-32.591,,,,-32.9572,,,,-36.0796,,,,-34.264,,,,-34.3527,,,,-33.267,,,,-34.1534,,,,-32.989,,,,-35.316,,,,-34.137
,,,,-34.219,,,,-32.3256,,,,-32.691,,,,-31.3614,,,,-31.693,,,,-29.532,,,,-32.602,,,,-32.9572,,,,-36.1129,,,,-34.275,,,,-34.386,,,,-33.311,,,,-34.1867,,,,-33.012,,,,-35.316,,,,-34.137
,,,,-34.252,,,,-32.3589,,,,-32.713,,,,-31.3947,,,,-31.704,,,,-29.532,,,,-32.602,,,,-32.9572,,,,-36.1461,,,,-34.297,,,,-34.386,,,,-33.322,,,,-34.1867,,,,-33.012,,,,-35.316,,,,-34.137
,,,,-34.269,,,,-32.3921,,,,-32.724,,,,-31.3614,,,,-31.716,,,,-29.5653,,,,-32.635,,,,-32.9904,,,,-36.1461,,,,-34.319,,,,-34.4191,,,,-33.333,,,,-34.2199,,,,-33.045,,,,-35.3492,,,,-34.17
,,,,-34.286,,,,-32.4253,,,,-32.713,,,,-31.295,,,,-31.693,,,,-29.5653,,,,-32.646,,,,-33.0236,,,,-36.1461,,,,-34.33,,,,-34.4191,,,,-33.311,,,,-34.2199,,,,-33.045,,,,-35.3492,,,,-34.186
,,,,-34.319,,,,-32.4586,,,,-32.769,,,,-31.4279,,,,-31.749,,,,-29.5985,,,,-32.657,,,,-33.0236,,,,-36.1793,,,,-34.352,,,,-34.4191,,,,-33.356,,,,-34.2199,,,,-33.056,,,,-35.3492,,,,-34.186
,,,,-34.319,,,,-32.4253,,,,-32.757,,,,-31.3947,,,,-31.749,,,,-29.5985,,,,-32.69,,,,-33.0569,,,,-36.2125,,,,-34.363,,,,-34.4524,,,,-33.367,,,,-34.253,,,,-33.089,,,,-35.4155,,,,-34.236
,,,,-34.319,,,,-32.4253,,,,-32.769,,,,-31.4279,,,,-31.782,,,,-29.6318,,,,-32.701,,,,-33.0569,,,,-36.2125,,,,-34.363,,,,-34.4524,,,,-33.389,,,,-34.2863,,,,-33.111,,,,-35.4155,,,,-34.236
,,,,-34.385,,,,-32.5251,,,,-32.802,,,,-31.4279,,,,-31.793,,,,-29.6651,,,,-32.724,,,,-33.09,,,,-36.2457,,,,-34.408,,,,-34.4524,,,,-33.389,,,,-34.2863,,,,-33.122,,,,-35.4155,,,,-34.253
,,,,-34.352,,,,-32.4586,,,,-32.791,,,,-31.4279,,,,-31.793,,,,-29.6651,,,,-32.724,,,,-33.09,,,,-36.2457,,,,-34.397,,,,-34.4856,,,,-33.4,,,,-34.2863,,,,-33.122,,,,-35.4155,,,,-34.253
,,,,-34.369,,,,-32.4586,,,,-32.802,,,,-31.4612,,,,-31.793,,,,-29.6318,,,,-32.735,,,,-33.1233,,,,-36.2789,,,,-34.408,,,,-34.4856,,,,-33.411,,,,-34.2863,,,,-33.122,,,,-35.4488,,,,-34.286
,,,,-34.419,,,,-32.5583,,,,-32.846,,,,-31.4612,,,,-31.826,,,,-29.6984,,,,-32.768,,,,-33.1566,,,,-36.2789,,,,-34.452,,,,-34.5189,,,,-33.433,,,,-34.3196,,,,-33.156,,,,-35.4488,,,,-34.303
,,,,-34.435,,,,-32.5915,,,,-32.89,,,,-31.5277,,,,-31.849,,,,-29.6984,,,,-32.768,,,,-33.1566,,,,-36.2789,,,,-34.474,,,,-34.5521,,,,-33.466,,,,-34.3196,,,,-33.156,,,,-35.4488,,,,-34.303
,,,,-34.435,,,,-32.5583,,,,-32.89,,,,-31.5277,,,,-31.86,,,,-29.6984,,,,-32.79,,,,-33.1898,,,,-36.3122,,,,-34.485,,,,-34.5852,,,,-33.489,,,,-34.3527,,,,-33.178,,,,-35.482,,,,-34.336
,,,,-34.485,,,,-32.658,,,,-32.935,,,,-31.561,,,,-31.893,,,,-29.7316,,,,-32.812,,,,-33.1898,,,,-36.3122,,,,-34.518,,,,-34.5852,,,,-33.511,,,,-34.386,,,,-33.211,,,,-35.5153,,,,-34.353
,,,,-34.468,,,,-32.6248,,,,-32.924,,,,-31.561,,,,-31.904,,,,-29.7648,,,,-32.834,,,,-33.2231,,,,-36.3122,,,,-34.507,,,,-34.5852,,,,-33.511,,,,-34.386,,,,-33.222,,,,-35.5153,,,,-34.369
,,,,-34.568,,,,-32.7577,,,,-32.99,,,,-31.5942,,,,-31.937,,,,-29.7982,,,,-32.857,,,,-33.2231,,,,-36.3785,,,,-34.585,,,,-34.6185,,,,-33.544,,,,-34.4191,,,,-33.255,,,,-35.5485,,,,-34.386
,,,,-34.568,,,,-32.7577,,,,-33.012,,,,-31.6607,,,,-31.982,,,,-29.8315,,,,-32.89,,,,-33.2562,,,,-36.3785,,,,-34.585,,,,-34.6185,,,,-33.577,,,,-34.4524,,,,-33.288,,,,-35.5816,,,,-34.419
,,,,-34.552,,,,-32.7245,,,,-33.001,,,,-31.6275,,,,-31.97,,,,-29.8315,,,,-32.901,,,,-33.2896,,,,-36.3785,,,,-34.585,,,,-34.6517,,,,-33.577,,,,-34.4524,,,,-33.288,,,,-35.5816,,,,-34.436
,,,,-34.568,,,,-32.7245,,,,-33.023,,,,-31.6607,,,,-31.982,,,,-29.8315,,,,-32.901,,,,-33.2896,,,,-36.4116,,,,-34.607,,,,-34.685,,,,-33.599,,,,-34.4524,,,,-33.288,,,,-35.5816,,,,-34.436
,,,,-34.568,,,,-32.6913,,,,-33.023,,,,-31.6939,,,,-32.015,,,,-29.8647,,,,-32.934,,,,-33.3228,,,,-36.4449,,,,-34.607,,,,-34.685,,,,-33.622,,,,-34.4856,,,,-33.322,,,,-35.6149,,,,-34.469
,,,,-34.601,,,,-32.7577,,,,-33.057,,,,-31.7272,,,,-32.015,,,,-29.8315,,,,-32.923,,,,-33.3228,,,,-36.4449,,,,-34.629,,,,-34.685,,,,-33.633,,,,-34.4856,,,,-33.311,,,,-35.6149,,,,-34.469
,,,,-34.635,,,,-32.791,,,,-33.068,,,,-31.7272,,,,-32.037,,,,-29.8647,,,,-32.945,,,,-33.356,,,,-36.4781,,,,-34.651,,,,-34.685,,,,-33.644,,,,-34.5189,,,,-33.333,,,,-35.6149,,,,-34.485
,,,,-34.635,,,,-32.791,,,,-33.09,,,,-31.7604,,,,-32.07,,,,-29.9312,,,,-32.99,,,,-33.3892,,,,-36.4781,,,,-34.662,,,,-34.7181,,,,-33.666,,,,-34.5189,,,,-33.366,,,,-35.6481,,,,-34.519
,,,,-34.651,,,,-32.8242,,,,-33.09,,,,-31.7272,,,,-32.07,,,,-29.9312,,,,-32.978,,,,-33.356,,,,-36.4781,,,,-34.673,,,,-34.7181,,,,-33.666,,,,-34.5521,,,,-33.377,,,,-35.6481,,,,-34.502
,,,,-34.668,,,,-32.8242,,,,-33.101,,,,-31.7604,,,,-32.081,,,,-29.9312,,,,-33.001,,,,-33.3892,,,,-36.5113,,,,-34.685,,,,-34.7181,,,,-33.677,,,,-34.5521,,,,-33.388,,,,-35.6813,,,,-34.535
,,,,-34.651,,,,-32.791,,,,-33.101,,,,-31.7604,,,,-32.092,,,,-29.9645,,,,-33.034,,,,-33.4224,,,,-36.5113,,,,-34.685,,,,-34.7513,,,,-33.688,,,,-34.5521,,,,-33.41,,,,-35.7145,,,,-34.568
,,,,-34.701,,,,-32.8575,,,,-33.134,,,,-31.7937,,,,-32.114,,,,-29.9645,,,,-33.034,,,,-33.4224,,,,-36.5445,,,,-34.718,,,,-34.7513,,,,-33.71,,,,-34.5852,,,,-33.421,,,,-35.7145,,,,-34.568
,,,,-34.734,,,,-32.9239,,,,-33.167,,,,-31.7937,,,,-32.137,,,,-29.9978,,,,-33.056,,,,-33.4557,,,,-36.5445,,,,-34.751,,,,-34.7846,,,,-33.732,,,,-34.6185,,,,-33.444,,,,-35.7145,,,,-34.585
,,,,-34.751,,,,-32.9239,,,,-33.201,,,,-31.8602,,,,-32.159,,,,-29.9978,,,,-33.056,,,,-33.4557,,,,-36.5776,,,,-34.773,,,,-34.8178,,,,-33.765,,,,-34.6185,,,,-33.444,,,,-35.7145,,,,-34.585
,,,,-34.734,,,,-32.8907,,,,-33.19,,,,-31.8602,,,,-32.17,,,,-30.0311,,,,-33.078,,,,-33.4557,,,,-36.5776,,,,-34.762,,,,-34.8178,,,,-33.765,,,,-34.6185,,,,-33.466,,,,-35.7476,,,,-34.602
,,,,-34.884,,,,-33.0569,,,,-33.322,,,,-31.9932,,,,-32.292,,,,-30.1641,,,,-33.222,,,,-33.6551,,,,-36.7105,,,,-34.895,,,,-34.9174,,,,-33.876,,,,-34.7181,,,,-33.576,,,,-35.8473,,,,-34.751
,,,,-34.917,,,,-33.1233,,,,-33.356,,,,-32.0264,,,,-32.325,,,,-30.1974,,,,-33.233,,,,-33.6551,,,,-36.7105,,,,-34.917,,,,-34.9174,,,,-33.898,,,,-34.7513,,,,-33.599,,,,-35.8473,,,,-34.751
,,,,-34.917,,,,-33.1233,,,,-33.356,,,,-32.0264,,,,-32.336,,,,-30.1974,,,,-33.233,,,,-33.6551,,,,-36.7105,,,,-34.917,,,,-34.9174,,,,-33.909,,,,-34.7846,,,,-33.61,,,,-35.8473,,,,-34.751
,,,,-34.933,,,,-33.1233,,,,-33.378,,,,-32.0597,,,,-32.358,,,,-30.2307,,,,-33.255,,,,-33.6883,,,,-36.7436,,,,-34.939,,,,-34.9507,,,,-33.932,,,,-34.7846,,,,-33.621,,,,-35.8473,,,,-34.768
,,,,-34.95,,,,-33.1566,,,,-33.389,,,,-32.0264,,,,-32.347,,,,-30.2307,,,,-33.255,,,,-33.6551,,,,-36.7436,,,,-34.961,,,,-34.9839,,,,-33.932,,,,-34.7846,,,,-33.632,,,,-35.8805,,,,-34.768
,,,,-34.95,,,,-33.1566,,,,-33.4,,,,-32.0597,,,,-32.369,,,,-30.2307,,,,-33.278,,,,-33.7215,,,,-36.7436,,,,-34.961,,,,-34.9839,,,,-33.954,,,,-34.8178,,,,-33.643,,,,-35.8805,,,,-34.801
,,,,-34.983,,,,-33.1898,,,,-33.411,,,,-32.0597,,,,-32.392,,,,-30.2638,,,,-33.289,,,,-33.7215,,,,-36.7769,,,,-34.984,,,,-34.9839,,,,-33.965,,,,-34.851,,,,-33.665,,,,-35.8805,,,,-34.801
,,,,-34.983,,,,-33.1898,,,,-33.433,,,,-32.0929,,,,-32.403,,,,-30.2638,,,,-33.3,,,,-33.7215,,,,-36.7769,,,,-34.995,,,,-35.0171,,,,-33.987,,,,-34.851,,,,-33.676,,,,-35.9137,,,,-34.818
,,,,-35.0,,,,-33.1898,,,,-33.433,,,,-32.0929,,,,-32.403,,,,-30.2638,,,,-33.311,,,,-33.7546,,,,-36.81,,,,-35.006,,,,-35.0171,,,,-33.987,,,,-34.851,,,,-33.676,,,,-35.9137,,,,-34.834
,,,,-35.0,,,,-33.2231,,,,-33.467,,,,-32.1262,,,,-32.436,,,,-30.3304,,,,-33.344,,,,-33.788,,,,-36.7769,,,,-35.017,,,,-35.0503,,,,-34.009,,,,-34.851,,,,-33.698,,,,-35.9137,,,,-34.851
,,,,-35.033,,,,-33.2562,,,,-33.466,,,,-32.0929,,,,-32.414,,,,-30.2972,,,,-33.322,,,,-33.7546,,,,-36.81,,,,-35.039,,,,-35.0503,,,,-33.998,,,,-34.851,,,,-33.687,,,,-35.9137,,,,-34.834
,,,,-35.033,,,,-33.2562,,,,-33.489,,,,-32.1594,,,,-32.458,,,,-30.3304,,,,-33.366,,,,-33.788,,,,-36.81,,,,-35.039,,,,-35.0503,,,,-34.031,,,,-34.8842,,,,-33.732,,,,-35.9801,,,,-34.884
,,,,-35.033,,,,-33.2231,,,,-33.5,,,,-32.1927,,,,-32.491,,,,-30.3637,,,,-33.388,,,,-33.8212,,,,-36.8432,,,,-35.05,,,,-35.0834,,,,-34.064,,,,-34.9174,,,,-33.754,,,,-35.9801,,,,-34.901
,,,,-35.116,,,,-33.356,,,,-33.566,,,,-32.2591,,,,-32.536,,,,-30.397,,,,-33.433,,,,-33.8876,,,,-36.8764,,,,-35.105,,,,-35.0834,,,,-34.098,,,,-34.9507,,,,-33.787,,,,-36.0134,,,,-34.95
,,,,-35.133,,,,-33.356,,,,-33.599,,,,-32.2924,,,,-32.569,,,,-30.4302,,,,-33.466,,,,-33.8876,,,,-36.9096,,,,-35.138,,,,-35.1499,,,,-34.142,,,,-34.9839,,,,-33.831,,,,-36.0796,,,,-34.984
,,,,-35.166,,,,-33.3892,,,,-33.622,,,,-32.3256,,,,-32.602,,,,-30.4968,,,,-33.488,,,,-33.9208,,,,-36.9428,,,,-35.161,,,,-35.1499,,,,-34.153,,,,-34.9839,,,,-33.842,,,,-36.0465,,,,-34.984
,,,,-35.183,,,,-33.4224,,,,-33.644,,,,-32.3256,,,,-32.613,,,,-30.4968,,,,-33.499,,,,-33.9541,,,,-36.9428,,,,-35.183,,,,-35.1832,,,,-34.175,,,,-35.0171,,,,-33.853,,,,-36.0465,,,,-35.0
,,,,-35.199,,,,-33.4224,,,,-33.622,,,,-32.2924,,,,-32.602,,,,-30.4968,,,,-33.51,,,,-33.9541,,,,-36.976,,,,-35.183,,,,-35.1499,,,,-34.153,,,,-35.0171,,,,-33.864,,,,-36.0796,,,,-35.017
,,,,-35.199,,,,-33.4224,,,,-33.655,,,,-32.3589,,,,-32.635,,,,-30.5301,,,,-33.543,,,,-34.0205,,,,-36.976,,,,-35.194,,,,-35.1832,,,,-34.186,,,,-35.0171,,,,-33.876,,,,-36.0796,,,,-35.05
,,,,-35.216,,,,-33.4557,,,,-33.688,,,,-32.3921,,,,-32.658,,,,-30.5301,,,,-33.532,,,,-33.9874,,,,-36.976,,,,-35.216,,,,-35.2164,,,,-34.22,,,,-35.0503,,,,-33.887,,,,-36.0796,,,,-35.034
,,,,-35.249,,,,-33.4889,,,,-33.699,,,,-32.3921,,,,-32.658,,,,-30.5633,,,,-33.543,,,,-33.9874,,,,-37.0092,,,,-35.238,,,,-35.2164,,,,-34.209,,,,-35.0171,,,,-33.887,,,,-36.0796,,,,-35.034
,,,,-35.266,,,,-33.5221,,,,-33.721,,,,-32.3921,,,,-32.68,,,,-30.5633,,,,-33.554,,,,-34.0205,,,,-37.0092,,,,-35.26,,,,-35.2495,,,,-34.242,,,,-35.0834,,,,-33.909,,,,-36.0796,,,,-35.05
,,,,-35.249,,,,-33.4889,,,,-33.732,,,,-32.4586,,,,-32.702,,,,-30.5633,,,,-33.566,,,,-34.0537,,,,-37.0092,,,,-35.249,,,,-35.2495,,,,-34.264,,,,-35.0834,,,,-33.909,,,,-36.0796,,,,-35.067
,,,,-35.282,,,,-33.5221,,,,-33.743,,,,-32.4253,,,,-32.713,,,,-30.6298,,,,-33.61,,,,-34.0537,,,,-37.0424,,,,-35.282,,,,-35.2828,,,,-34.264,,,,-35.0834,,,,-33.953,,,,-36.1461,,,,-35.1
,,,,-35.282,,,,-33.5221,,,,-33.743,,,,-32.4253,,,,-32.702,,,,-30.5965,,,,-33.61,,,,-34.0869,,,,-37.0424,,,,-35.282,,,,-35.2828,,,,-34.264,,,,-35.0834,,,,-33.942,,,,-36.1461,,,,-35.116
,,,,-35.299,,,,-33.5554,,,,-33.788,,,,-32.5251,,,,-32.757,,,,-30.6298,,,,-33.632,,,,-34.0869,,,,-37.0424,,,,-35.294,,,,-35.2828,,,,-34.308,,,,-35.1167,,,,-33.975,,,,-36.1793,,,,-35.133
,,,,-35.365,,,,-33.6218,,,,-33.799,,,,-32.4919,,,,-32.757,,,,-30.6298,,,,-33.632,,,,-34.1202,,,,-37.1088,,,,-35.338,,,,-35.2828,,,,-34.308,,,,-35.1499,,,,-33.975,,,,-36.1461,,,,-35.133
,,,,-35.349,,,,-33.5886,,,,-33.799,,,,-32.4919,,,,-32.746,,,,-30.6298,,,,-33.632,,,,-34.1202,,,,-37.1088,,,,-35.338,,,,-35.316,,,,-34.308,,,,-35.1167,,,,-33.964,,,,-36.1461,,,,-35.133
,,,,-35.332,,,,-33.5886,,,,-33.81,,,,-32.5251,,,,-32.779,,,,-30.663,,,,-33.665,,,,-34.1534,,,,-37.0755,,,,-35.327,,,,-35.316,,,,-34.33,,,,-35.1499,,,,-33.997,,,,-36.1793,,,,-35.166
,,,,-35.365,,,,-33.6551,,,,-33.832,,,,-32.5251,,,,-32.79,,,,-30.6963,,,,-33.676,,,,-34.1534,,,,-37.0755,,,,-35.349,,,,-35.316,,,,-34.33,,,,-35.1499,,,,-34.008,,,,-36.1793,,,,-35.166
,,,,-35.382,,,,-33.6551,,,,-33.832,,,,-32.5251,,,,-32.802,,,,-30.6963,,,,-33.687,,,,-34.1867,,,,-37.1088,,,,-35.36,,,,-35.316,,,,-34.341,,,,-35.1832,,,,-34.02,,,,-36.1793,,,,-35.183
,,,,-35.365,,,,-33.6218,,,,-33.821,,,,-32.4919,,,,-32.79,,,,-30.6963,,,,-33.687,,,,-34.1867,,,,-37.1088,,,,-35.36,,,,-35.3492,,,,-34.341,,,,-35.1832,,,,-34.02,,,,-36.1793,,,,-35.183
,,,,-35.415,,,,-33.6883,,,,-33.865,,,,-32.5583,,,,-32.835,,,,-30.7296,,,,-33.71,,,,-34.1867,,,,-37.142,,,,-35.393,,,,-35.3492,,,,-34.375,,,,-35.2164,,,,-34.053,,,,-36.2125,,,,-35.2
,,,,-35.448,,,,-33.7546,,,,-33.898,,,,-32.5583,,,,-32.835,,,,-30.7296,,,,-33.721,,,,-34.2199,,,,-37.142,,,,-35.426,,,,-35.3824,,,,-34.386,,,,-35.2164,,,,-34.053,,,,-36.2125,,,,-35.216
,,,,-35.432,,,,-33.6883,,,,-33.876,,,,-32.5915,,,,-32.857,,,,-30.7628,,,,-33.732,,,,-34.2199,,,,-37.1752,,,,-35.404,,,,-35.3492,,,,-34.386,,,,-35.2164,,,,-34.064,,,,-36.2125,,,,-35.216
,,,,-35.448,,,,-33.7215,,,,-33.898,,,,-32.5915,,,,-32.89,,,,-30.7961,,,,-33.754,,,,-34.253,,,,-37.1752,,,,-35.426,,,,-35.3824,,,,-34.419,,,,-35.2828,,,,-34.097,,,,-36.2125,,,,-35.233
,,,,-35.465,,,,-33.7215,,,,-33.898,,,,-32.5915,,,,-32.879,,,,-30.7961,,,,-33.754,,,,-34.253,,,,-37.2084,,,,-35.437,,,,-35.3824,,,,-34.408,,,,-35.2495,,,,-34.086,,,,-36.2125,,,,-35.233
,,,,-35.465,,,,-33.7546,,,,-33.921,,,,-32.5915,,,,-32.879,,,,-30.7961,,,,-33.765,,,,-34.253,,,,-37.1752,,,,-35.448,,,,-35.4155,,,,-34.419,,,,-35.2495,,,,-34.097,,,,-36.2457,,,,-35.249
,,,,-35.498,,,,-33.788,,,,-33.932,,,,-32.5915,,,,-32.89,,,,-30.8294,,,,-33.776,,,,-34.253,,,,-37.2084,,,,-35.471,,,,-35.4155,,,,-34.419,,,,-35.2495,,,,-34.108,,,,-36.2457,,,,-35.249
,,,,-35.515,,,,-33.8212,,,,-33.976,,,,-32.6913,,,,-32.934,,,,-30.8294,,,,-33.787,,,,-34.2863,,,,-37.2084,,,,-35.482,,,,-35.4155,,,,-34.463,,,,-35.2828,,,,-34.119,,,,-36.2457,,,,-35.266
,,,,-35.498,,,,-33.7546,,,,-33.954,,,,-32.658,,,,-32.934,,,,-30.8626,,,,-33.82,,,,-34.3196,,,,-37.2415,,,,-35.482,,,,-35.4488,,,,-34.463,,,,-35.2828,,,,-34.141,,,,-36.2789,,,,-35.299
,,,,-35.548,,,,-33.8544,,,,-33.987,,,,-32.6913,,,,-32.957,,,,-30.8626,,,,-33.831,,,,-34.3196,,,,-37.2415,,,,-35.504,,,,-35.4155,,,,-34.474,,,,-35.316,,,,-34.164,,,,-36.3122,,,,-35.316
,,,,-35.548,,,,-33.8544,,,,-34.009,,,,-32.7245,,,,-32.968,,,,-30.8626,,,,-33.831,,,,-34.3527,,,,-37.2415,,,,-35.515,,,,-35.4488,,,,-34.496,,,,-35.316,,,,-34.152,,,,-36.2789,,,,-35.316
,,,,-35.565,,,,-33.8876,,,,-34.02,,,,-32.7245,,,,-32.979,,,,-30.8959,,,,-33.854,,,,-34.3527,,,,-37.2415,,,,-35.526,,,,-35.4488,,,,-34.496,,,,-35.316,,,,-34.175,,,,-36.3122,,,,-35.332
,,,,-35.565,,,,-33.8544,,,,-34.031,,,,-32.791,,,,-33.023,,,,-30.929,,,,-33.865,,,,-34.3527,,,,-37.2747,,,,-35.526,,,,-35.4488,,,,-34.53,,,,-35.3492,,,,-34.197,,,,-36.3122,,,,-35.332
,,,,-35.581,,,,-33.8544,,,,-34.031,,,,-32.7577,,,,-33.023,,,,-30.9624,,,,-33.898,,,,-34.386,,,,-37.3079,,,,-35.548,,,,-35.482,,,,-34.53,,,,-35.3492,,,,-34.219,,,,-36.3454,,,,-35.366
,,,,-35.581,,,,-33.8544,,,,-34.031,,,,-32.7577,,,,-33.023,,,,-30.929,,,,-33.887,,,,-34.386,,,,-37.3079,,,,-35.548,,,,-35.482,,,,-34.541,,,,-35.3824,,,,-34.219,,,,-36.3454,,,,-35.366
,,,,-35.598,,,,-33.9208,,,,-34.076,,,,-32.8242,,,,-33.056,,,,-30.9624,,,,-33.898,,,,-34.386,,,,-37.2747,,,,-35.559,,,,-35.482,,,,-34.563,,,,-35.3824,,,,-34.23,,,,-36.3454,,,,-35.366
,,,,-35.631,,,,-33.9541,,,,-34.098,,,,-32.791,,,,-33.056,,,,-30.9956,,,,-33.92,,,,-34.4191,,,,-37.3079,,,,-35.604,,,,-35.5485,,,,-34.574,,,,-35.3824,,,,-34.241,,,,-36.3454,,,,-35.382
,,,,-35.614,,,,-33.9208,,,,-34.054,,,,-32.7245,,,,-33.034,,,,-30.9956,,,,-33.942,,,,-34.4524,,,,-37.3079,,,,-35.581,,,,-35.5153,,,,-34.541,,,,-35.3824,,,,-34.252,,,,-36.3785,,,,-35.415
,,,,-35.631,,,,-33.9208,,,,-34.087,,,,-32.8242,,,,-33.09,,,,-31.0289,,,,-33.953,,,,-34.4856,,,,-37.3411,,,,-35.592,,,,-35.5153,,,,-34.585,,,,-35.4155,,,,-34.263,,,,-36.3454,,,,-35.415
,,,,-35.664,,,,-33.9874,,,,-34.12,,,,-32.8575,,,,-33.09,,,,-30.9956,,,,-33.931,,,,-34.4524,,,,-37.3411,,,,-35.615,,,,-35.5153,,,,-34.596,,,,-35.4155,,,,-34.252,,,,-36.3454,,,,-35.399
,,,,-35.664,,,,-33.9874,,,,-34.12,,,,-32.8242,,,,-33.09,,,,-31.0289,,,,-33.975,,,,-34.4856,,,,-37.3411,,,,-35.626,,,,-35.5485,,,,-34.596,,,,-35.4155,,,,-34.285,,,,-36.4116,,,,-35.449
,,,,-35.681,,,,-34.0205,,,,-34.175,,,,-32.9239,,,,-33.134,,,,-31.0289,,,,-33.975,,,,-34.4856,,,,-37.3411,,,,-35.648,,,,-35.5816,,,,-34.651,,,,-35.4488,,,,-34.296,,,,-36.4116,,,,-35.449
,,,,-35.697,,,,-34.0205,,,,-34.175,,,,-32.9239,,,,-33.156,,,,-31.0622,,,,-33.998,,,,-34.5189,,,,-37.3743,,,,-35.659,,,,-35.5816,,,,-34.662,,,,-35.482,,,,-34.319,,,,-36.4116,,,,-35.465
,,,,-35.731,,,,-34.0537,,,,-34.186,,,,-32.9239,,,,-33.167,,,,-31.0954,,,,-34.009,,,,-34.5189,,,,-37.4074,,,,-35.681,,,,-35.5816,,,,-34.662,,,,-35.482,,,,-34.33,,,,-36.4116,,,,-35.465
,,,,-35.731,,,,-34.0869,,,,-34.209,,,,-32.9239,,,,-33.167,,,,-31.0954,,,,-34.02,,,,-34.5521,,,,-37.3743,,,,-35.692,,,,-35.6149,,,,-34.674,,,,-35.482,,,,-34.33,,,,-36.4116,,,,-35.482
,,,,-35.747,,,,-34.0869,,,,-34.209,,,,-32.9239,,,,-33.178,,,,-31.0954,,,,-34.02,,,,-34.5521,,,,-37.4074,,,,-35.703,,,,-35.6149,,,,-34.685,,,,-35.5153,,,,-34.341,,,,-36.4116,,,,-35.482
,,,,-35.731,,,,-34.0537,,,,-34.209,,,,-32.9572,,,,-33.2,,,,-31.1287,,,,-34.042,,,,-34.5521,,,,-37.4074,,,,-35.692,,,,-35.6149,,,,-34.696,,,,-35.5153,,,,-34.363,,,,-36.4449,,,,-35.498
,,,,-35.764,,,,-34.1202,,,,-34.242,,,,-32.9904,,,,-33.211,,,,-31.1287,,,,-34.053,,,,-34.5852,,,,-37.4074,,,,-35.714,,,,-35.6149,,,,-34.707,,,,-35.5153,,,,-34.363,,,,-36.4449,,,,-35.515
,,,,-35.797,,,,-34.1534,,,,-34.253,,,,-32.9572,,,,-33.223,,,,-31.162,,,,-34.075,,,,-34.6185,,,,-37.4407,,,,-35.747,,,,-35.6481,,,,-34.718,,,,-35.5485,,,,-34.385,,,,-36.4449,,,,-35.532
,,,,-35.78,,,,-34.1202,,,,-34.242,,,,-32.9572,,,,-33.212,,,,-31.162,,,,-34.075,,,,-34.6185,,,,-37.4407,,,,-35.736,,,,-35.6481,,,,-34.707,,,,-35.5153,,,,-34.374,,,,-36.4449,,,,-35.532
,,,,-35.797,,,,-34.1534,,,,-34.275,,,,-32.9904,,,,-33.245,,,,-31.162,,,,-34.086,,,,-34.6185,,,,-37.4407,,,,-35.758,,,,-35.6813,,,,-34.751,,,,-35.5816,,,,-34.407,,,,-36.4781,,,,-35.548
,,,,-35.797,,,,-34.1202,,,,-34.275,,,,-33.0236,,,,-33.267,,,,-31.1952,,,,-34.119,,,,-34.6517,,,,-37.4738,,,,-35.758,,,,-35.6813,,,,-34.762,,,,-35.5816,,,,-34.429,,,,-36.5113,,,,-35.582
,,,,-35.847,,,,-34.2199,,,,-34.319,,,,-33.0236,,,,-33.289,,,,-31.2285,,,,-34.119,,,,-34.6517,,,,-37.4738,,,,-35.803,,,,-35.7145,,,,-34.784,,,,-35.6149,,,,-34.44,,,,-36.4781,,,,-35.565
,,,,-35.847,,,,-34.1867,,,,-34.319,,,,-33.0569,,,,-33.311,,,,-31.2617,,,,-34.153,,,,-34.685,,,,-37.507,,,,-35.803,,,,-35.7145,,,,-34.795,,,,-35.6149,,,,-34.463,,,,-36.5113,,,,-35.598
,,,,-35.847,,,,-34.1534,,,,-34.297,,,,-33.0236,,,,-33.3,,,,-31.2285,,,,-34.142,,,,-34.685,,,,-37.5402,,,,-35.803,,,,-35.7145,,,,-34.795,,,,-35.6481,,,,-34.463,,,,-36.5113,,,,-35.598
,,,,-35.88,,,,-34.253,,,,-34.352,,,,-33.09,,,,-33.333,,,,-31.295,,,,-34.175,,,,-34.7181,,,,-37.507,,,,-35.825,,,,-35.7145,,,,-34.806,,,,-35.6149,,,,-34.474,,,,-36.5113,,,,-35.615
,,,,-35.88,,,,-34.253,,,,-34.375,,,,-33.1233,,,,-33.333,,,,-31.2617,,,,-34.175,,,,-34.7181,,,,-37.507,,,,-35.836,,,,-35.7476,,,,-34.829,,,,-35.6149,,,,-34.474,,,,-36.5445,,,,-35.631
,,,,-35.913,,,,-34.2863,,,,-34.386,,,,-33.1233,,,,-33.344,,,,-31.295,,,,-34.197,,,,-34.7513,,,,-37.5402,,,,-35.858,,,,-35.7476,,,,-34.829,,,,-35.6149,,,,-34.485,,,,-36.5445,,,,-35.648
,,,,-35.897,,,,-34.253,,,,-34.386,,,,-33.1566,,,,-33.378,,,,-31.3282,,,,-34.208,,,,-34.7513,,,,-37.5402,,,,-35.847,,,,-35.7476,,,,-34.851,,,,-35.6481,,,,-34.507,,,,-36.5445,,,,-35.648
,,,,-35.913,,,,-34.2863,,,,-34.397,,,,-33.1233,,,,-33.378,,,,-31.3282,,,,-34.219,,,,-34.7846,,,,-37.5402,,,,-35.869,,,,-35.7809,,,,-34.862,,,,-35.6813,,,,-34.518,,,,-36.5445,,,,-35.665
,,,,-35.963,,,,-34.3527,,,,-34.408,,,,-33.1233,,,,-33.389,,,,-31.3614,,,,-34.219,,,,-34.7513,,,,-37.5733,,,,-35.891,,,,-35.7476,,,,-34.851,,,,-35.6813,,,,-34.529,,,,-36.5445,,,,-35.648
,,,,-35.963,,,,-34.3527,,,,-34.43,,,,-33.1566,,,,-33.4,,,,-31.3614,,,,-34.241,,,,-34.7846,,,,-37.5733,,,,-35.902,,,,-35.7809,,,,-34.873,,,,-35.6813,,,,-34.54,,,,-36.5776,,,,-35.681
,,,,-35.963,,,,-34.3527,,,,-34.419,,,,-33.1233,,,,-33.389,,,,-31.3614,,,,-34.241,,,,-34.7846,,,,-37.5733,,,,-35.902,,,,-35.7809,,,,-34.862,,,,-35.6813,,,,-34.54,,,,-36.5776,,,,-35.681
,,,,-35.963,,,,-34.3196,,,,-34.441,,,,-33.1898,,,,-33.433,,,,-31.3947,,,,-34.263,,,,-34.8178,,,,-37.6066,,,,-35.913,,,,-35.8141,,,,-34.906,,,,-35.7145,,,,-34.562,,,,-36.5776,,,,-35.698
,,,,-35.963,,,,-34.3196,,,,-34.452,,,,-33.1898,,,,-33.444,,,,-31.4279,,,,-34.263,,,,-34.7846,,,,-37.6066,,,,-35.924,,,,-35.8473,,,,-34.917,,,,-35.7145,,,,-34.573,,,,-36.5776,,,,-35.681
,,,,-36.013,,,,-34.386,,,,-34.496,,,,-33.2562,,,,-33.466,,,,-31.3947,,,,-34.274,,,,-34.851,,,,-37.6398,,,,-35.958,,,,-35.8473,,,,-34.95,,,,-35.7476,,,,-34.573,,,,-36.5776,,,,-35.714
,,,,-36.013,,,,-34.4191,,,,-34.496,,,,-33.2231,,,,-33.466,,,,-31.4279,,,,-34.297,,,,-34.851,,,,-37.6066,,,,-35.958,,,,-35.8473,,,,-34.939,,,,-35.7476,,,,-34.595,,,,-36.6109,,,,-35.731
,,,,-36.013,,,,-34.386,,,,-34.497,,,,-33.2896,,,,-33.488,,,,-31.4612,,,,-34.33,,,,-34.8842,,,,-37.6398,,,,-35.947,,,,-35.8141,,,,-34.939,,,,-35.7145,,,,-34.607,,,,-36.6441,,,,-35.764
,,,,-36.013,,,,-34.386,,,,-34.497,,,,-33.2231,,,,-33.477,,,,-31.4279,,,,-34.297,,,,-34.851,,,,-37.6398,,,,-35.969,,,,-35.8805,,,,-34.962,,,,-35.7809,,,,-34.607,,,,-36.6109,,,,-35.731
,,,,-36.029,,,,-34.4191,,,,-34.508,,,,-33.2231,,,,-33.488,,,,-31.4945,,,,-34.341,,,,-34.8842,,,,-37.6398,,,,-35.98,,,,-35.8805,,,,-34.95,,,,-35.7476,,,,-34.629,,,,-36.6441,,,,-35.764
,,,,-36.046,,,,-34.4524,,,,-34.552,,,,-33.3228,,,,-33.544,,,,-31.4945,,,,-34.33,,,,-34.8842,,,,-37.6398,,,,-35.991,,,,-35.8805,,,,-35.006,,,,-35.8141,,,,-34.64,,,,-36.6109,,,,-35.748
,,,,-36.063,,,,-34.4524,,,,-34.541,,,,-33.2896,,,,-33.533,,,,-31.5277,,,,-34.363,,,,-34.9174,,,,-37.673,,,,-36.002,,,,-35.8805,,,,-34.984,,,,-35.7809,,,,-34.651,,,,-36.6441,,,,-35.781
,,,,-36.079,,,,-34.4856,,,,-34.574,,,,-33.356,,,,-33.566,,,,-31.5277,,,,-34.374,,,,-34.9507,,,,-37.673,,,,-36.013,,,,-35.8805,,,,-35.017,,,,-35.8141,,,,-34.662,,,,-36.6441,,,,-35.797
,,,,-36.113,,,,-34.5521,,,,-34.585,,,,-33.3228,,,,-33.555,,,,-31.5277,,,,-34.374,,,,-34.9174,,,,-37.673,,,,-36.035,,,,-35.8805,,,,-35.006,,,,-35.8141,,,,-34.673,,,,-36.6773,,,,-35.797
,,,,-36.129,,,,-34.5521,,,,-34.607,,,,-33.356,,,,-33.588,,,,-31.561,,,,-34.396,,,,-34.9507,,,,-37.7062,,,,-36.057,,,,-35.9137,,,,-35.039,,,,-35.8473,,,,-34.695,,,,-36.6773,,,,-35.814
,,,,-36.129,,,,-34.5521,,,,-34.618,,,,-33.3892,,,,-33.599,,,,-31.561,,,,-34.418,,,,-34.9839,,,,-37.7062,,,,-36.057,,,,-35.9137,,,,-35.05,,,,-35.8473,,,,-34.706,,,,-36.7105,,,,-35.847
,,,,-36.113,,,,-34.5189,,,,-34.585,,,,-33.3228,,,,-33.588,,,,-31.5942,,,,-34.43,,,,-34.9839,,,,-37.7062,,,,-36.046,,,,-35.9137,,,,-35.028,,,,-35.8473,,,,-34.717,,,,-36.7105,,,,-35.847
,,,,-36.129,,,,-34.5189,,,,-34.629,,,,-33.4224,,,,-33.621,,,,-31.5942,,,,-34.43,,,,-35.0171,,,,-37.7392,,,,-36.068,,,,-35.9469,,,,-35.072,,,,-35.8473,,,,-34.706,,,,-36.6773,,,,-35.847
,,,,-36.212,,,,-34.6517,,,,-34.685,,,,-33.4224,,,,-33.677,,,,-31.6939,,,,-34.496,,,,-35.0503,,,,-37.7725,,,,-36.135,,,,-35.9801,,,,-35.105,,,,-35.9137,,,,-34.784,,,,-36.7436,,,,-35.897
,,,,-36.195,,,,-34.6185,,,,-34.718,,,,-33.5554,,,,-33.71,,,,-31.6607,,,,-34.496,,,,-35.0834,,,,-37.7725,,,,-36.124,,,,-35.9801,,,,-35.15,,,,-35.9137,,,,-34.773,,,,-36.7436,,,,-35.914
,,,,-36.229,,,,-34.6517,,,,-34.696,,,,-33.4224,,,,-33.677,,,,-31.6939,,,,-34.507,,,,-35.0834,,,,-37.8057,,,,-36.157,,,,-36.0134,,,,-35.116,,,,-35.9137,,,,-34.784,,,,-36.7436,,,,-35.914
,,,,-36.212,,,,-34.6517,,,,-34.718,,,,-33.4889,,,,-33.71,,,,-31.7272,,,,-34.518,,,,-35.0834,,,,-37.7725,,,,-36.146,,,,-36.0134,,,,-35.139,,,,-35.9137,,,,-34.795,,,,-36.7436,,,,-35.914
,,,,-36.245,,,,-34.685,,,,-34.729,,,,-33.4889,,,,-33.721,,,,-31.7272,,,,-34.54,,,,-35.1167,,,,-37.8057,,,,-36.168,,,,-36.0134,,,,-35.15,,,,-35.9469,,,,-34.817,,,,-36.7769,,,,-35.947
,,,,-36.229,,,,-34.6517,,,,-34.729,,,,-33.5221,,,,-33.721,,,,-31.6939,,,,-34.529,,,,-35.1167,,,,-37.8057,,,,-36.157,,,,-36.0134,,,,-35.161,,,,-35.9469,,,,-34.806,,,,-36.7769,,,,-35.947
,,,,-36.262,,,,-34.7181,,,,-34.751,,,,-33.5221,,,,-33.743,,,,-31.7604,,,,-34.551,,,,-35.1167,,,,-37.8057,,,,-36.179,,,,-36.0134,,,,-35.161,,,,-35.9469,,,,-34.828,,,,-36.7769,,,,-35.947
,,,,-36.245,,,,-34.685,,,,-34.762,,,,-33.5554,,,,-33.754,,,,-31.7604,,,,-34.562,,,,-35.1499,,,,-37.8057,,,,-36.179,,,,-36.0465,,,,-35.183,,,,-35.9469,,,,-34.828,,,,-36.7769,,,,-35.963
,,,,-36.295,,,,-34.7513,,,,-34.773,,,,-33.5221,,,,-33.765,,,,-31.7937,,,,-34.574,,,,-35.1499,,,,-37.8389,,,,-36.212,,,,-36.0465,,,,-35.183,,,,-35.9801,,,,-34.85,,,,-36.7769,,,,-35.963
,,,,-36.262,,,,-34.685,,,,-34.751,,,,-33.5221,,,,-33.776,,,,-31.7937,,,,-34.585,,,,-35.1499,,,,-37.8389,,,,-36.19,,,,-36.0465,,,,-35.194,,,,-36.0134,,,,-34.872,,,,-36.81,,,,-35.98
,,,,-36.295,,,,-34.7513,,,,-34.795,,,,-33.5886,,,,-33.799,,,,-31.7937,,,,-34.596,,,,-35.1832,,,,-37.8389,,,,-36.212,,,,-36.0465,,,,-35.216,,,,-36.0134,,,,-34.872,,,,-36.81,,,,-35.997
,,,,-36.312,,,,-34.7513,,,,-34.806,,,,-33.5886,,,,-33.799,,,,-31.7937,,,,-34.596,,,,-35.1832,,,,-37.8721,,,,-36.234,,,,-36.0796,,,,-35.227,,,,-36.0134,,,,-34.872,,,,-36.81,,,,-35.997
,,,,-36.328,,,,-34.7846,,,,-34.84,,,,-33.6218,,,,-33.821,,,,-31.827,,,,-34.607,,,,-35.1832,,,,-37.8721,,,,-36.257,,,,-36.1129,,,,-35.249,,,,-36.0134,,,,-34.883,,,,-36.81,,,,-35.997
,,,,-36.328,,,,-34.7846,,,,-34.851,,,,-33.6551,,,,-33.832,,,,-31.827,,,,-34.629,,,,-35.2164,,,,-37.8721,,,,-36.257,,,,-36.1129,,,,-35.26,,,,-36.0134,,,,-34.895,,,,-36.8432,,,,-36.03
,,,,-36.362,,,,-34.8178,,,,-34.862,,,,-33.6551,,,,-33.832,,,,-31.827,,,,-34.64,,,,-35.2495,,,,-37.9052,,,,-36.279,,,,-36.1129,,,,-35.26,,,,-36.0134,,,,-34.895,,,,-36.8432,,,,-36.046
,,,,-36.378,,,,-34.851,,,,-34.873,,,,-33.6218,,,,-33.843,,,,-31.8602,,,,-34.651,,,,-35.2495,,,,-37.9052,,,,-36.301,,,,-36.1461,,,,-35.271,,,,-36.0465,,,,-34.917,,,,-36.8432,,,,-36.046
,,,,-36.395,,,,-34.851,,,,-34.895,,,,-33.6883,,,,-33.854,,,,-31.8602,,,,-34.651,,,,-35.2495,,,,-37.9384,,,,-36.312,,,,-36.1461,,,,-35.283,,,,-36.0134,,,,-34.906,,,,-36.8432,,,,-36.046
,,,,-36.411,,,,-34.9174,,,,-34.906,,,,-33.6551,,,,-33.865,,,,-31.8935,,,,-34.662,,,,-35.2495,,,,-37.9052,,,,-36.323,,,,-36.1461,,,,-35.283,,,,-36.0465,,,,-34.928,,,,-36.8432,,,,-36.046
,,,,-36.378,,,,-34.851,,,,-34.895,,,,-33.6883,,,,-33.898,,,,-31.9267,,,,-34.695,,,,-35.2828,,,,-37.9052,,,,-36.301,,,,-36.1461,,,,-35.305,,,,-36.0796,,,,-34.961,,,,-36.8764,,,,-36.08
,,,,-36.411,,,,-34.8842,,,,-34.917,,,,-33.6883,,,,-33.909,,,,-31.9267,,,,-34.684,,,,-35.2828,,,,-37.9384,,,,-36.334,,,,-36.1793,,,,-35.327,,,,-36.1129,,,,-34.961,,,,-36.8432,,,,-36.063
,,,,-36.445,,,,-34.9174,,,,-34.906,,,,-33.6551,,,,-33.898,,,,-31.9267,,,,-34.706,,,,-35.316,,,,-37.9716,,,,-36.345,,,,-36.1461,,,,-35.305,,,,-36.1129,,,,-34.972,,,,-36.8764,,,,-36.096
,,,,-36.411,,,,-34.8842,,,,-34.928,,,,-33.7215,,,,-33.931,,,,-31.96,,,,-34.717,,,,-35.2828,,,,-37.9384,,,,-36.334,,,,-36.1793,,,,-35.338,,,,-36.1129,,,,-34.994,,,,-36.9096,,,,-36.096
,,,,-36.445,,,,-34.9174,,,,-34.962,,,,-33.788,,,,-33.965,,,,-31.9932,,,,-34.729,,,,-35.316,,,,-37.9716,,,,-36.356,,,,-36.1793,,,,-35.36,,,,-36.1129,,,,-34.994,,,,-36.8764,,,,-36.096
,,,,-36.461,,,,-34.9507,,,,-34.984,,,,-33.788,,,,-33.965,,,,-31.9932,,,,-34.74,,,,-35.316,,,,-37.9716,,,,-36.378,,,,-36.2125,,,,-35.371,,,,-36.1129,,,,-35.005,,,,-36.9096,,,,-36.113
,,,,-36.511,,,,-35.0503,,,,-35.017,,,,-33.788,,,,-33.976,,,,-31.9932,,,,-34.762,,,,-35.3492,,,,-37.9716,,,,-36.411,,,,-36.2125,,,,-35.382,,,,-36.1461,,,,-35.027,,,,-36.9428,,,,-36.146
,,,,-36.461,,,,-34.9174,,,,-34.973,,,,-33.788,,,,-33.976,,,,-31.9932,,,,-34.762,,,,-35.3492,,,,-38.0048,,,,-36.378,,,,-36.2125,,,,-35.382,,,,-36.1461,,,,-35.027,,,,-36.9428,,,,-36.146
,,,,-36.528,,,,-35.0171,,,,-35.028,,,,-33.788,,,,-34.009,,,,-32.0597,,,,-34.806,,,,-35.4155,,,,-38.038,,,,-36.445,,,,-36.2789,,,,-35.415,,,,-36.1793,,,,-35.061,,,,-36.9428,,,,-36.179
,,,,-36.544,,,,-35.0503,,,,-35.05,,,,-33.8212,,,,-34.009,,,,-32.0264,,,,-34.806,,,,-35.4155,,,,-38.038,,,,-36.456,,,,-36.2789,,,,-35.426,,,,-36.1793,,,,-35.061,,,,-36.976,,,,-36.196
,,,,-36.528,,,,-35.0171,,,,-35.05,,,,-33.8544,,,,-34.031,,,,-32.0597,,,,-34.817,,,,-35.4155,,,,-38.038,,,,-36.445,,,,-36.2789,,,,-35.438,,,,-36.1793,,,,-35.072,,,,-36.976,,,,-36.196
,,,,-36.594,,,,-35.1167,,,,-35.128,,,,-33.9208,,,,-34.109,,,,-32.1594,,,,-34.884,,,,-35.482,,,,-38.071,,,,-36.511,,,,-36.3454,,,,-35.504,,,,-36.2457,,,,-35.138,,,,-37.0092,,,,-36.246
,,,,-36.594,,,,-35.0834,,,,-35.105,,,,-33.8876,,,,-34.109,,,,-32.1927,,,,-34.917,,,,-35.5153,,,,-38.1043,,,,-36.511,,,,-36.3454,,,,-35.493,,,,-36.2457,,,,-35.16,,,,-37.0424,,,,-36.279
,,,,-36.627,,,,-35.1499,,,,-35.161,,,,-33.9541,,,,-34.131,,,,-32.1927,,,,-34.917,,,,-35.5153,,,,-38.1043,,,,-36.544,,,,-36.3785,,,,-35.526,,,,-36.2457,,,,-35.16,,,,-37.0424,,,,-36.279
,,,,-36.66,,,,-35.1832,,,,-35.183,,,,-33.9874,,,,-34.164,,,,-32.2259,,,,-34.939,,,,-35.5485,,,,-38.1375,,,,-36.566,,,,-36.3785,,,,-35.548,,,,-36.2789,,,,-35.182,,,,-37.0424,,,,-36.295
,,,,-36.677,,,,-35.1832,,,,-35.205,,,,-34.0537,,,,-34.197,,,,-32.2591,,,,-34.961,,,,-35.5485,,,,-38.1707,,,,-36.577,,,,-36.3785,,,,-35.57,,,,-36.2789,,,,-35.204,,,,-37.0755,,,,-36.312
,,,,-36.66,,,,-35.1832,,,,-35.194,,,,-34.0205,,,,-34.186,,,,-32.2591,,,,-34.972,,,,-35.5816,,,,-38.1375,,,,-36.566,,,,-36.3785,,,,-35.559,,,,-36.2789,,,,-35.204,,,,-37.0755,,,,-36.329
,,,,-36.694,,,,-35.2164,,,,-35.216,,,,-33.9874,,,,-34.186,,,,-32.2591,,,,-34.972,,,,-35.5816,,,,-38.1707,,,,-36.611,,,,-36.4449,,,,-35.582,,,,-36.3122,,,,-35.216,,,,-37.0755,,,,-36.329
,,,,-36.644,,,,-35.1499,,,,-35.205,,,,-34.0537,,,,-34.23,,,,-32.2924,,,,-34.994,,,,-35.6149,,,,-38.1375,,,,-36.566,,,,-36.4116,,,,-35.604,,,,-36.3454,,,,-35.238,,,,-37.0755,,,,-36.345
,,,,-36.677,,,,-35.1832,,,,-35.227,,,,-34.0869,,,,-34.242,,,,-32.2924,,,,-35.005,,,,-35.6149,,,,-38.1707,,,,-36.588,,,,-36.4116,,,,-35.615,,,,-36.3454,,,,-35.249,,,,-37.1088,,,,-36.362
,,,,-36.71,,,,-35.2495,,,,-35.249,,,,-34.0537,,,,-34.219,,,,-32.2924,,,,-35.016,,,,-35.6481,,,,-38.1707,,,,-36.622,,,,-36.4449,,,,-35.604,,,,-36.3122,,,,-35.238,,,,-37.1088,,,,-36.378
,,,,-36.743,,,,-35.2828,,,,-35.272,,,,-34.0869,,,,-34.253,,,,-32.3256,,,,-35.005,,,,-35.6149,,,,-38.2039,,,,-36.644,,,,-36.4449,,,,-35.626,,,,-36.3454,,,,-35.249,,,,-37.0755,,,,-36.345
,,,,-36.727,,,,-35.2828,,,,-35.294,,,,-34.1534,,,,-34.286,,,,-32.3589,,,,-35.016,,,,-35.6149,,,,-38.1707,,,,-36.633,,,,-36.4449,,,,-35.648,,,,-36.3454,,,,-35.26,,,,-37.0755,,,,-36.345
,,,,-36.76,,,,-35.316,,,,-35.283,,,,-34.0537,,,,-34.264,,,,-32.3589,,,,-35.039,,,,-35.6481,,,,-38.2039,,,,-36.666,,,,-36.4781,,,,-35.637,,,,-36.3785,,,,-35.282,,,,-37.1088,,,,-36.378
,,,,-36.743,,,,-35.2828,,,,-35.294,,,,-34.1202,,,,-34.297,,,,-32.3921,,,,-35.05,,,,-35.6481,,,,-38.2039,,,,-36.655,,,,-36.4781,,,,-35.659,,,,-36.3785,,,,-35.293,,,,-37.1088,,,,-36.378
,,,,-36.777,,,,-35.3492,,,,-35.294,,,,-34.0537,,,,-34.275,,,,-32.3921,,,,-35.072,,,,-35.6813,,,,-38.2039,,,,-36.677,,,,-36.4781,,,,-35.637,,,,-36.3785,,,,-35.304,,,,-37.142,,,,-36.412
,,,,-36.76,,,,-35.316,,,,-35.294,,,,-34.0869,,,,-34.297,,,,-32.3921,,,,-35.061,,,,-35.6481,,,,-38.2039,,,,-36.666,,,,-36.4781,,,,-35.659,,,,-36.4116,,,,-35.315,,,,-37.142,,,,-36.395
,,,,-36.776,,,,-35.316,,,,-35.338,,,,-34.1867,,,,-34.33,,,,-32.4253,,,,-35.083,,,,-35.6813,,,,-38.237,,,,-36.688,,,,-36.5113,,,,-35.692,,,,-36.3785,,,,-35.315,,,,-37.142,,,,-36.412
,,,,-36.826,,,,-35.4155,,,,-35.371,,,,-34.1867,,,,-34.341,,,,-32.4253,,,,-35.094,,,,-35.7145,,,,-38.237,,,,-36.721,,,,-36.5113,,,,-35.703,,,,-36.4116,,,,-35.326,,,,-37.142,,,,-36.428
,,,,-36.826,,,,-35.4155,,,,-35.382,,,,-34.1867,,,,-34.341,,,,-32.4253,,,,-35.094,,,,-35.7145,,,,-38.237,,,,-36.732,,,,-36.5445,,,,-35.714,,,,-36.4116,,,,-35.326,,,,-37.142,,,,-36.428
,,,,-36.776,,,,-35.316,,,,-35.349,,,,-34.2199,,,,-34.352,,,,-32.4253,,,,-35.094,,,,-35.7145,,,,-38.237,,,,-36.688,,,,-36.5113,,,,-35.714,,,,-36.4116,,,,-35.326,,,,-37.142,,,,-36.428
,,,,-36.793,,,,-35.3492,,,,-35.36,,,,-34.2199,,,,-34.386,,,,-32.4919,,,,-35.127,,,,-35.7145,,,,-38.237,,,,-36.699,,,,-36.5113,,,,-35.725,,,,-36.4449,,,,-35.371,,,,-37.1752,,,,-36.445
,,,,-36.826,,,,-35.3824,,,,-35.371,,,,-34.1867,,,,-34.363,,,,-32.4586,,,,-35.116,,,,-35.7476,,,,-38.2702,,,,-36.732,,,,-36.5445,,,,-35.725,,,,-36.4449,,,,-35.348,,,,-37.142,,,,-36.445
,,,,-36.86,,,,-35.4488,,,,-35.393,,,,-34.1867,,,,-34.375,,,,-32.4919,,,,-35.127,,,,-35.7476,,,,-38.2702,,,,-36.754,,,,-36.5445,,,,-35.725,,,,-36.4449,,,,-35.36,,,,-37.142,,,,-36.445
,,,,-36.843,,,,-35.4155,,,,-35.404,,,,-34.253,,,,-34.419,,,,-32.5251,,,,-35.149,,,,-35.7476,,,,-38.2702,,,,-36.743,,,,-36.5445,,,,-35.759,,,,-36.4781,,,,-35.393,,,,-37.1752,,,,-36.461
,,,,-36.826,,,,-35.4155,,,,-35.404,,,,-34.253,,,,-34.419,,,,-32.5583,,,,-35.16,,,,-35.7809,,,,-38.237,,,,-36.732,,,,-36.5445,,,,-35.747,,,,-36.4449,,,,-35.382,,,,-37.142,,,,-36.461
,,,,-36.843,,,,-35.4155,,,,-35.415,,,,-34.253,,,,-34.419,,,,-32.5251,,,,-35.171,,,,-35.8141,,,,-38.2702,,,,-36.754,,,,-36.5776,,,,-35.77,,,,-36.4781,,,,-35.393,,,,-37.1752,,,,-36.495
,,,,-36.86,,,,-35.4488,,,,-35.426,,,,-34.253,,,,-34.419,,,,-32.5251,,,,-35.171,,,,-35.8141,,,,-38.2702,,,,-36.766,,,,-36.5776,,,,-35.77,,,,-36.4781,,,,-35.393,,,,-37.1752,,,,-36.495
,,,,-36.893,,,,-35.482,,,,-35.438,,,,-34.253,,,,-34.419,,,,-32.5583,,,,-35.183,,,,-35.8141,,,,-38.3034,,,,-36.788,,,,-36.5776,,,,-35.758,,,,-36.4449,,,,-35.393,,,,-37.1752,,,,-36.495
,,,,-36.893,,,,-35.482,,,,-35.46,,,,-34.3196,,,,-34.474,,,,-32.5915,,,,-35.216,,,,-35.8141,,,,-38.3034,,,,-36.788,,,,-36.5776,,,,-35.803,,,,-36.5113,,,,-35.448,,,,-37.2415,,,,-36.528
,,,,-36.909,,,,-35.5153,,,,-35.482,,,,-34.3196,,,,-34.474,,,,-32.5915,,,,-35.227,,,,-35.8473,,,,-38.3034,,,,-36.81,,,,-36.6109,,,,-35.814,,,,-36.5113,,,,-35.448,,,,-37.2415,,,,-36.544
,,,,-36.909,,,,-35.482,,,,-35.482,,,,-34.3527,,,,-34.485,,,,-32.5915,,,,-35.227,,,,-35.8473,,,,-38.3366,,,,-36.81,,,,-36.6109,,,,-35.825,,,,-36.5113,,,,-35.448,,,,-37.2415,,,,-36.544
,,,,-36.943,,,,-35.5485,,,,-35.504,,,,-34.3527,,,,-34.507,,,,-32.6248,,,,-35.249,,,,-35.8805,,,,-38.3366,,,,-36.832,,,,-36.6109,,,,-35.836,,,,-36.5445,,,,-35.47,,,,-37.2415,,,,-36.561
,,,,-36.909,,,,-35.482,,,,-35.471,,,,-34.3196,,,,-34.496,,,,-32.6248,,,,-35.249,,,,-35.8805,,,,-38.3366,,,,-36.81,,,,-36.6109,,,,-35.825,,,,-36.5445,,,,-35.47,,,,-37.2415,,,,-36.561
,,,,-36.893,,,,-35.4488,,,,-35.482,,,,-34.386,,,,-34.53,,,,-32.658,,,,-35.26,,,,-35.8805,,,,-38.3366,,,,-36.799,,,,-36.6109,,,,-35.847,,,,-36.5445,,,,-35.481,,,,-37.2415,,,,-36.561
,,,,-36.976,,,,-35.6149,,,,-35.548,,,,-34.386,,,,-34.53,,,,-32.658,,,,-35.282,,,,-35.9137,,,,-38.3366,,,,-36.865,,,,-36.6441,,,,-35.858,,,,-36.5445,,,,-35.492,,,,-37.2747,,,,-36.594
,,,,-36.959,,,,-35.5485,,,,-35.526,,,,-34.386,,,,-34.552,,,,-32.6913,,,,-35.293,,,,-35.9137,,,,-38.3698,,,,-36.854,,,,-36.6441,,,,-35.869,,,,-36.5776,,,,-35.515,,,,-37.2747,,,,-36.594
,,,,-36.959,,,,-35.5485,,,,-35.548,,,,-34.4524,,,,-34.563,,,,-32.658,,,,-35.282,,,,-35.9137,,,,-38.3698,,,,-36.854,,,,-36.6441,,,,-35.891,,,,-36.5776,,,,-35.503,,,,-37.2747,,,,-36.594
,,,,-36.943,,,,-35.5153,,,,-35.526,,,,-34.386,,,,-34.563,,,,-32.6913,,,,-35.304,,,,-35.9137,,,,-38.3698,,,,-36.854,,,,-36.6773,,,,-35.891,,,,-36.6109,,,,-35.537,,,,-37.3079,,,,-36.611
,,,,-36.976,,,,-35.5816,,,,-35.548,,,,-34.386,,,,-34.563,,,,-32.7245,,,,-35.315,,,,-35.9137,,,,-38.3698,,,,-36.876,,,,-36.6773,,,,-35.88,,,,-36.5776,,,,-35.537,,,,-37.3079,,,,-36.611
,,,,-36.992,,,,-35.5816,,,,-35.548,,,,-34.386,,,,-34.563,,,,-32.7245,,,,-35.315,,,,-35.9469,,,,-38.4028,,,,-36.887,,,,-36.6773,,,,-35.88,,,,-36.5776,,,,-35.526,,,,-37.2747,,,,-36.611
,,,,-37.009,,,,-35.6481,,,,-35.593,,,,-34.4191,,,,-34.596,,,,-32.7577,,,,-35.349,,,,-35.9801,,,,-38.3698,,,,-36.909,,,,-36.7105,,,,-35.914,,,,-36.6109,,,,-35.559,,,,-37.3079,,,,-36.644
,,,,-37.042,,,,-35.6813,,,,-35.593,,,,-34.386,,,,-34.585,,,,-32.7577,,,,-35.338,,,,-35.9801,,,,-38.4028,,,,-36.932,,,,-36.7105,,,,-35.902,,,,-36.6109,,,,-35.548,,,,-37.2747,,,,-36.627
,,,,-37.042,,,,-35.6481,,,,-35.604,,,,-34.4524,,,,-34.618,,,,-32.791,,,,-35.36,,,,-35.9801,,,,-38.4361,,,,-36.932,,,,-36.7105,,,,-35.925,,,,-36.6109,,,,-35.57,,,,-37.3079,,,,-36.644
,,,,-37.025,,,,-35.6481,,,,-35.604,,,,-34.4191,,,,-34.596,,,,-32.7577,,,,-35.349,,,,-35.9801,,,,-38.4028,,,,-36.932,,,,-36.7436,,,,-35.925,,,,-36.6109,,,,-35.559,,,,-37.3079,,,,-36.644
,,,,-37.042,,,,-35.6813,,,,-35.637,,,,-34.4856,,,,-34.64,,,,-32.791,,,,-35.371,,,,-35.9801,,,,-38.4028,,,,-36.943,,,,-36.7436,,,,-35.958,,,,-36.6441,,,,-35.592,,,,-37.3411,,,,-36.661
,,,,-37.059,,,,-35.6813,,,,-35.637,,,,-34.4856,,,,-34.651,,,,-32.8242,,,,-35.382,,,,-36.0134,,,,-38.4361,,,,-36.954,,,,-36.7436,,,,-35.958,,,,-36.6441,,,,-35.592,,,,-37.3079,,,,-36.661
,,,,-37.059,,,,-35.6813,,,,-35.648,,,,-34.5189,,,,-34.673,,,,-32.8242,,,,-35.393,,,,-36.0134,,,,-38.4361,,,,-36.954,,,,-36.7436,,,,-35.98,,,,-36.6773,,,,-35.614,,,,-37.3411,,,,-36.677
,,,,-37.059,,,,-35.6481,,,,-35.659,,,,-34.5852,,,,-34.696,,,,-32.8242,,,,-35.393,,,,-36.0134,,,,-38.4693,,,,-36.954,,,,-36.7436,,,,-36.002,,,,-36.6773,,,,-35.614,,,,-37.3411,,,,-36.677
,,,,-37.059,,,,-35.6813,,,,-35.67,,,,-34.5521,,,,-34.685,,,,-32.8575,,,,-35.404,,,,-36.0134,,,,-38.4361,,,,-36.965,,,,-36.7769,,,,-35.991,,,,-36.6441,,,,-35.614,,,,-37.3411,,,,-36.677
,,,,-37.108,,,,-35.7476,,,,-35.681,,,,-34.5521,,,,-34.696,,,,-32.8575,,,,-35.426,,,,-36.0465,,,,-38.4693,,,,-36.987,,,,-36.7436,,,,-35.991,,,,-36.6773,,,,-35.636,,,,-37.3743,,,,-36.71
,,,,-37.108,,,,-35.7476,,,,-35.714,,,,-34.6185,,,,-34.729,,,,-32.8907,,,,-35.437,,,,-36.0465,,,,-38.4693,,,,-36.998,,,,-36.7769,,,,-36.024,,,,-36.6773,,,,-35.647,,,,-37.3743,,,,-36.71
,,,,-37.125,,,,-35.7809,,,,-35.714,,,,-34.5852,,,,-34.718,,,,-32.8575,,,,-35.437,,,,-36.0796,,,,-38.4693,,,,-37.009,,,,-36.7769,,,,-36.024,,,,-36.7105,,,,-35.647,,,,-37.3743,,,,-36.727
,,,,-37.108,,,,-35.7145,,,,-35.703,,,,-34.5852,,,,-34.729,,,,-32.8907,,,,-35.437,,,,-36.0796,,,,-38.5024,,,,-37.009,,,,-36.81,,,,-36.035,,,,-36.7105,,,,-35.647,,,,-37.3411,,,,-36.71
,,,,-37.125,,,,-35.7809,,,,-35.725,,,,-34.5852,,,,-34.74,,,,-32.8907,,,,-35.448,,,,-36.0796,,,,-38.4693,,,,-37.02,,,,-36.81,,,,-36.046,,,,-36.7436,,,,-35.67,,,,-37.3743,,,,-36.727
,,,,-37.108,,,,-35.7476,,,,-35.703,,,,-34.5521,,,,-34.729,,,,-32.9239,,,,-35.47,,,,-36.1129,,,,-38.4693,,,,-37.009,,,,-36.81,,,,-36.024,,,,-36.7105,,,,-35.67,,,,-37.3743,,,,-36.744
,,,,-37.158,,,,-35.8141,,,,-35.77,,,,-34.6517,,,,-34.762,,,,-32.9239,,,,-35.47,,,,-36.1129,,,,-38.5024,,,,-37.053,,,,-36.8432,,,,-36.068,,,,-36.7105,,,,-35.67,,,,-37.3743,,,,-36.744
,,,,-37.191,,,,-35.8473,,,,-35.781,,,,-34.6517,,,,-34.773,,,,-32.9239,,,,-35.481,,,,-36.1129,,,,-38.5356,,,,-37.075,,,,-36.8432,,,,-36.08,,,,-36.7436,,,,-35.692,,,,-37.4074,,,,-36.76
,,,,-37.158,,,,-35.8141,,,,-35.77,,,,-34.6517,,,,-34.784,,,,-32.9572,,,,-35.504,,,,-36.1461,,,,-38.5024,,,,-37.053,,,,-36.8432,,,,-36.08,,,,-36.7436,,,,-35.703,,,,-37.4074,,,,-36.777
,,,,-37.175,,,,-35.8141,,,,-35.781,,,,-34.685,,,,-34.806,,,,-32.9904,,,,-35.526,,,,-36.1793,,,,-38.5356,,,,-37.064,,,,-36.8432,,,,-36.091,,,,-36.7436,,,,-35.714,,,,-37.4074,,,,-36.793
,,,,-37.208,,,,-35.8805,,,,-35.803,,,,-34.685,,,,-34.806,,,,-32.9904,,,,-35.504,,,,-36.1461,,,,-38.5356,,,,-37.086,,,,-36.8432,,,,-36.091,,,,-36.7436,,,,-35.703,,,,-37.3743,,,,-36.76
,,,,-37.175,,,,-35.8141,,,,-35.792,,,,-34.685,,,,-34.817,,,,-32.9904,,,,-35.537,,,,-36.1793,,,,-38.5356,,,,-37.075,,,,-36.8764,,,,-36.113,,,,-36.7769,,,,-35.736,,,,-37.4407,,,,-36.81
,,,,-37.191,,,,-35.8141,,,,-35.792,,,,-34.685,,,,-34.817,,,,-33.0236,,,,-35.548,,,,-36.1793,,,,-38.5687,,,,-37.086,,,,-36.8764,,,,-36.102,,,,-36.7436,,,,-35.736,,,,-37.4407,,,,-36.81
,,,,-37.208,,,,-35.8805,,,,-35.836,,,,-34.7181,,,,-34.828,,,,-32.9904,,,,-35.548,,,,-36.2125,,,,-38.5356,,,,-37.109,,,,-36.9096,,,,-36.135,,,,-36.7769,,,,-35.736,,,,-37.4407,,,,-36.827
,,,,-37.208,,,,-35.8473,,,,-35.836,,,,-34.7513,,,,-34.862,,,,-33.0236,,,,-35.548,,,,-36.1793,,,,-38.5687,,,,-37.109,,,,-36.9096,,,,-36.157,,,,-36.81,,,,-35.758,,,,-37.4407,,,,-36.81
,,,,-37.208,,,,-35.8473,,,,-35.814,,,,-34.685,,,,-34.84,,,,-33.0236,,,,-35.57,,,,-36.2125,,,,-38.5687,,,,-37.109,,,,-36.9096,,,,-36.135,,,,-36.81,,,,-35.769,,,,-37.4738,,,,-36.843
,,,,-37.241,,,,-35.9137,,,,-35.847,,,,-34.7181,,,,-34.862,,,,-33.0569,,,,-35.57,,,,-36.2125,,,,-38.5687,,,,-37.131,,,,-36.9096,,,,-36.146,,,,-36.81,,,,-35.769,,,,-37.4407,,,,-36.827
,,,,-37.241,,,,-35.8805,,,,-35.847,,,,-34.7181,,,,-34.873,,,,-33.09,,,,-35.592,,,,-36.2125,,,,-38.602,,,,-37.142,,,,-36.9428,,,,-36.157,,,,-36.81,,,,-35.791,,,,-37.4738,,,,-36.843
,,,,-37.274,,,,-35.9801,,,,-35.902,,,,-34.7846,,,,-34.906,,,,-33.1233,,,,-35.614,,,,-36.2457,,,,-38.5687,,,,-37.164,,,,-36.9428,,,,-36.179,,,,-36.81,,,,-35.802,,,,-37.4738,,,,-36.86
,,,,-37.258,,,,-35.9137,,,,-35.869,,,,-34.7513,,,,-34.906,,,,-33.1233,,,,-35.614,,,,-36.2457,,,,-38.602,,,,-37.153,,,,-36.9428,,,,-36.179,,,,-36.8432,,,,-35.813,,,,-37.4738,,,,-36.86
,,,,-37.291,,,,-35.9801,,,,-35.902,,,,-34.7846,,,,-34.906,,,,-33.09,,,,-35.603,,,,-36.2457,,,,-38.602,,,,-37.175,,,,-36.9428,,,,-36.19,,,,-36.8432,,,,-35.802,,,,-37.4738,,,,-36.86
,,,,-37.258,,,,-35.9137,,,,-35.891,,,,-34.7846,,,,-34.917,,,,-33.1233,,,,-35.636,,,,-36.2789,,,,-38.602,,,,-37.164,,,,-36.976,,,,-36.201,,,,-36.8432,,,,-35.824,,,,-37.507,,,,-36.893
,,,,-37.274,,,,-35.9469,,,,-35.925,,,,-34.851,,,,-34.95,,,,-33.1566,,,,-35.648,,,,-36.2789,,,,-38.602,,,,-37.175,,,,-36.976,,,,-36.223,,,,-36.8432,,,,-35.836,,,,-37.507,,,,-36.893
,,,,-37.308,,,,-35.9801,,,,-35.925,,,,-34.8178,,,,-34.939,,,,-33.1566,,,,-35.659,,,,-36.3122,,,,-38.6352,,,,-37.197,,,,-36.976,,,,-36.212,,,,-36.8432,,,,-35.836,,,,-37.507,,,,-36.91
,,,,-37.341,,,,-36.0465,,,,-35.969,,,,-34.851,,,,-34.961,,,,-33.1566,,,,-35.659,,,,-36.3122,,,,-38.6352,,,,-37.23,,,,-37.0092,,,,-36.246,,,,-36.8764,,,,-35.847,,,,-37.507,,,,-36.91
,,,,-37.324,,,,-36.0134,,,,-35.936,,,,-34.8178,,,,-34.961,,,,-33.1898,,,,-35.67,,,,-36.3122,,,,-38.6352,,,,-37.208,,,,-36.976,,,,-36.223,,,,-36.8764,,,,-35.858,,,,-37.507,,,,-36.91
,,,,-37.324,,,,-36.0134,,,,-35.947,,,,-34.851,,,,-34.972,,,,-33.1898,,,,-35.681,,,,-36.3122,,,,-38.6352,,,,-37.208,,,,-36.976,,,,-36.234,,,,-36.8764,,,,-35.869,,,,-37.5402,,,,-36.926
,,,,-37.341,,,,-36.0134,,,,-35.958,,,,-34.8842,,,,-34.995,,,,-33.1898,,,,-35.692,,,,-36.3454,,,,-38.6683,,,,-37.219,,,,-36.976,,,,-36.257,,,,-36.9096,,,,-35.88,,,,-37.5402,,,,-36.943
,,,,-37.341,,,,-36.0134,,,,-35.98,,,,-34.9174,,,,-35.017,,,,-33.2231,,,,-35.681,,,,-36.3122,,,,-38.6683,,,,-37.23,,,,-37.0092,,,,-36.279,,,,-36.9096,,,,-35.88,,,,-37.507,,,,-36.91
,,,,-37.357,,,,-36.0465,,,,-36.002,,,,-34.9507,,,,-35.028,,,,-33.2231,,,,-35.703,,,,-36.3454,,,,-38.6683,,,,-37.241,,,,-37.0092,,,,-36.29,,,,-36.9096,,,,-35.891,,,,-37.5402,,,,-36.943
,,,,-37.357,,,,-36.0465,,,,-35.98,,,,-34.8842,,,,-35.028,,,,-33.2562,,,,-35.714,,,,-36.3454,,,,-38.6683,,,,-37.241,,,,-37.0092,,,,-36.279,,,,-36.9428,,,,-35.913,,,,-37.5402,,,,-36.943
,,,,-37.374,,,,-36.0465,,,,-35.991,,,,-34.9174,,,,-35.028,,,,-33.2562,,,,-35.736,,,,-36.3785,,,,-38.7015,,,,-37.252,,,,-37.0092,,,,-36.279,,,,-36.9096,,,,-35.913,,,,-37.5733,,,,-36.976
,,,,-37.341,,,,-36.0134,,,,-35.991,,,,-34.9174,,,,-35.039,,,,-33.2896,,,,-35.725,,,,-36.3454,,,,-38.6683,,,,-37.241,,,,-37.0424,,,,-36.29,,,,-36.9096,,,,-35.913,,,,-37.5402,,,,-36.943
,,,,-37.407,,,,-36.1129,,,,-36.035,,,,-34.9507,,,,-35.061,,,,-33.2896,,,,-35.747,,,,-36.3785,,,,-38.7015,,,,-37.286,,,,-37.0424,,,,-36.312,,,,-36.9428,,,,-35.935,,,,-37.5733,,,,-36.976
,,,,-37.424,,,,-36.1793,,,,-36.069,,,,-34.9839,,,,-35.083,,,,-33.2896,,,,-35.758,,,,-36.4116,,,,-38.6683,,,,-37.297,,,,-37.0424,,,,-36.334,,,,-36.976,,,,-35.946,,,,-37.5733,,,,-36.992
,,,,-37.391,,,,-36.0796,,,,-36.046,,,,-35.0171,,,,-35.083,,,,-33.2896,,,,-35.758,,,,-36.4116,,,,-38.7015,,,,-37.274,,,,-37.0424,,,,-36.334,,,,-36.9428,,,,-35.935,,,,-37.5733,,,,-36.992
,,,,-37.407,,,,-36.1129,,,,-36.035,,,,-34.9174,,,,-35.061,,,,-33.3228,,,,-35.769,,,,-36.4116,,,,-38.7015,,,,-37.297,,,,-37.0755,,,,-36.312,,,,-36.9428,,,,-35.946,,,,-37.5733,,,,-36.992
,,,,-37.424,,,,-36.1129,,,,-36.069,,,,-34.9839,,,,-35.094,,,,-33.3228,,,,-35.769,,,,-36.4116,,,,-38.7346,,,,-37.319,,,,-37.1088,,,,-36.356,,,,-36.976,,,,-35.957,,,,-37.5733,,,,-36.992
,,,,-37.474,,,,-36.2125,,,,-36.102,,,,-34.9839,,,,-35.116,,,,-33.356,,,,-35.802,,,,-36.4449,,,,-38.7346,,,,-37.352,,,,-37.1088,,,,-36.367,,,,-37.0092,,,,-35.991,,,,-37.6066,,,,-37.026
,,,,-37.44,,,,-36.1793,,,,-36.091,,,,-34.9839,,,,-35.105,,,,-33.356,,,,-35.791,,,,-36.4449,,,,-38.7015,,,,-37.33,,,,-37.1088,,,,-36.356,,,,-36.976,,,,-35.968,,,,-37.5733,,,,-37.009
,,,,-37.44,,,,-36.1461,,,,-36.08,,,,-35.0171,,,,-35.127,,,,-33.356,,,,-35.802,,,,-36.4449,,,,-38.7346,,,,-37.319,,,,-37.0755,,,,-36.367,,,,-37.0092,,,,-35.991,,,,-37.6066,,,,-37.026
,,,,-37.424,,,,-36.1129,,,,-36.08,,,,-35.0171,,,,-35.138,,,,-33.3892,,,,-35.825,,,,-36.4781,,,,-38.7346,,,,-37.319,,,,-37.1088,,,,-36.378,,,,-37.0092,,,,-36.002,,,,-37.6066,,,,-37.042
,,,,-37.474,,,,-36.1793,,,,-36.113,,,,-35.0503,,,,-35.15,,,,-33.3892,,,,-35.825,,,,-36.4449,,,,-38.7678,,,,-37.352,,,,-37.1088,,,,-36.389,,,,-37.0092,,,,-36.013,,,,-37.6398,,,,-37.042
,,,,-37.44,,,,-36.1461,,,,-36.102,,,,-35.0171,,,,-35.15,,,,-33.4224,,,,-35.847,,,,-36.4781,,,,-38.7346,,,,-37.341,,,,-37.142,,,,-36.389,,,,-37.0092,,,,-36.024,,,,-37.6398,,,,-37.059
,,,,-37.507,,,,-36.2457,,,,-36.146,,,,-35.0503,,,,-35.172,,,,-33.4224,,,,-35.858,,,,-36.5113,,,,-38.7678,,,,-37.385,,,,-37.142,,,,-36.412,,,,-37.0424,,,,-36.035,,,,-37.6398,,,,-37.076
,,,,-37.523,,,,-36.2457,,,,-36.168,,,,-35.1167,,,,-35.216,,,,-33.4557,,,,-35.858,,,,-36.5113,,,,-38.801,,,,-37.396,,,,-37.142,,,,-36.445,,,,-37.0755,,,,-36.046,,,,-37.6066,,,,-37.059
,,,,-37.507,,,,-36.2457,,,,-36.179,,,,-35.1167,,,,-35.205,,,,-33.4557,,,,-35.869,,,,-36.5113,,,,-38.7678,,,,-37.396,,,,-37.1752,,,,-36.445,,,,-37.0424,,,,-36.046,,,,-37.6398,,,,-37.076
,,,,-37.507,,,,-36.2457,,,,-36.157,,,,-35.0834,,,,-35.205,,,,-33.4557,,,,-35.869,,,,-36.5113,,,,-38.7678,,,,-37.385,,,,-37.142,,,,-36.434,,,,-37.0755,,,,-36.057,,,,-37.6398,,,,-37.076
,,,,-37.54,,,,-36.2789,,,,-36.19,,,,-35.1167,,,,-35.205,,,,-33.4557,,,,-35.88,,,,-36.5113,,,,-38.801,,,,-37.418,,,,-37.1752,,,,-36.445,,,,-37.0424,,,,-36.057,,,,-37.673,,,,-37.092
,,,,-37.49,,,,-36.2125,,,,-36.157,,,,-35.0834,,,,-35.216,,,,-33.4889,,,,-35.88,,,,-36.5113,,,,-38.7678,,,,-37.385,,,,-37.1752,,,,-36.445,,,,-37.0755,,,,-36.068,,,,-37.6398,,,,-37.076
,,,,-37.54,,,,-36.2789,,,,-36.201,,,,-35.1499,,,,-35.249,,,,-33.5221,,,,-35.913,,,,-36.5445,,,,-38.801,,,,-37.418,,,,-37.1752,,,,-36.467,,,,-37.0755,,,,-36.09,,,,-37.673,,,,-37.109
,,,,-37.557,,,,-36.3122,,,,-36.201,,,,-35.1167,,,,-35.238,,,,-33.5221,,,,-35.924,,,,-36.5776,,,,-38.801,,,,-37.429,,,,-37.1752,,,,-36.456,,,,-37.0755,,,,-36.09,,,,-37.673,,,,-37.125
,,,,-37.557,,,,-36.3122,,,,-36.223,,,,-35.1499,,,,-35.271,,,,-33.5554,,,,-35.935,,,,-36.5776,,,,-38.801,,,,-37.441,,,,-37.2084,,,,-36.489,,,,-37.1088,,,,-36.112,,,,-37.673,,,,-37.125
,,,,-37.557,,,,-36.3122,,,,-36.223,,,,-35.1499,,,,-35.26,,,,-33.5554,,,,-35.935,,,,-36.5776,,,,-38.801,,,,-37.441,,,,-37.2084,,,,-36.478,,,,-37.0755,,,,-36.101,,,,-37.673,,,,-37.125
,,,,-37.557,,,,-36.3122,,,,-36.224,,,,-35.1832,,,,-35.282,,,,-33.5554,,,,-35.946,,,,-36.6109,,,,-38.801,,,,-37.429,,,,-37.1752,,,,-36.489,,,,-37.1088,,,,-36.112,,,,-37.673,,,,-37.142
,,,,-37.556,,,,-36.2457,,,,-36.235,,,,-35.2164,,,,-35.294,,,,-33.5554,,,,-35.946,,,,-36.6109,,,,-38.8673,,,,-37.452,,,,-37.2415,,,,-36.522,,,,-37.1088,,,,-36.112,,,,-37.673,,,,-37.142
,,,,-37.59,,,,-36.3454,,,,-36.235,,,,-35.1499,,,,-35.282,,,,-33.5886,,,,-35.958,,,,-36.6109,,,,-38.8342,,,,-37.463,,,,-37.2084,,,,-36.489,,,,-37.1088,,,,-36.123,,,,-37.673,,,,-37.142
,,,,-37.573,,,,-36.3122,,,,-36.235,,,,-35.1499,,,,-35.294,,,,-33.5886,,,,-35.969,,,,-36.6109,,,,-38.8342,,,,-37.463,,,,-37.2415,,,,-36.511,,,,-37.142,,,,-36.146,,,,-37.7062,,,,-37.159
,,,,-37.623,,,,-36.4116,,,,-36.301,,,,-35.2495,,,,-35.327,,,,-33.5886,,,,-35.969,,,,-36.6109,,,,-38.8342,,,,-37.496,,,,-37.2415,,,,-36.544,,,,-37.142,,,,-36.146,,,,-37.7062,,,,-37.159
,,,,-37.557,,,,-36.2789,,,,-36.268,,,,-35.2495,,,,-35.327,,,,-33.5886,,,,-35.958,,,,-36.6109,,,,-38.8342,,,,-37.463,,,,-37.2747,,,,-36.555,,,,-37.142,,,,-36.135,,,,-37.673,,,,-37.142
,,,,-37.557,,,,-36.2789,,,,-36.246,,,,-35.2164,,,,-35.327,,,,-33.6218,,,,-35.991,,,,-36.6441,,,,-38.8342,,,,-37.452,,,,-37.2415,,,,-36.533,,,,-37.142,,,,-36.157,,,,-37.7062,,,,-37.175
,,,,-37.59,,,,-36.3454,,,,-36.279,,,,-35.2164,,,,-35.349,,,,-33.6551,,,,-36.002,,,,-36.6441,,,,-38.8342,,,,-37.485,,,,-37.2747,,,,-36.555,,,,-37.1752,,,,-36.179,,,,-37.7062,,,,-37.175
,,,,-37.606,,,,-36.3454,,,,-36.29,,,,-35.2495,,,,-35.349,,,,-33.6551,,,,-36.002,,,,-36.6441,,,,-38.8673,,,,-37.496,,,,-37.2747,,,,-36.555,,,,-37.142,,,,-36.168,,,,-37.7062,,,,-37.175
,,,,-37.623,,,,-36.3785,,,,-36.301,,,,-35.2495,,,,-35.36,,,,-33.6551,,,,-36.013,,,,-36.6441,,,,-38.8673,,,,-37.507,,,,-37.2747,,,,-36.566,,,,-37.1752,,,,-36.19,,,,-37.7392,,,,-37.192
,,,,-37.689,,,,-36.5113,,,,-36.334,,,,-35.2164,,,,-35.338,,,,-33.6551,,,,-36.024,,,,-36.6773,,,,-38.8673,,,,-37.551,,,,-37.2747,,,,-36.544,,,,-37.142,,,,-36.179,,,,-37.7392,,,,-37.208
,,,,-37.623,,,,-36.3454,,,,-36.29,,,,-35.2164,,,,-35.36,,,,-33.6883,,,,-36.046,,,,-36.6773,,,,-38.9005,,,,-37.518,,,,-37.3079,,,,-36.566,,,,-37.1752,,,,-36.212,,,,-37.7725,,,,-37.225
,,,,-37.639,,,,-36.4116,,,,-36.323,,,,-35.2828,,,,-35.393,,,,-33.7215,,,,-36.046,,,,-36.6773,,,,-38.8673,,,,-37.518,,,,-37.2747,,,,-36.578,,,,-37.1752,,,,-36.212,,,,-37.7392,,,,-37.208
,,,,-37.639,,,,-36.4116,,,,-36.323,,,,-35.2828,,,,-35.393,,,,-33.6883,,,,-36.057,,,,-36.7105,,,,-38.8673,,,,-37.518,,,,-37.2747,,,,-36.589,,,,-37.2084,,,,-36.223,,,,-37.7725,,,,-37.242
,,,,-37.689,,,,-36.5113,,,,-36.389,,,,-35.3492,,,,-35.426,,,,-33.7215,,,,-36.046,,,,-36.6773,,,,-38.8673,,,,-37.562,,,,-37.3079,,,,-36.622,,,,-37.2084,,,,-36.223,,,,-37.7392,,,,-37.208
,,,,-37.673,,,,-36.4449,,,,-36.356,,,,-35.316,,,,-35.404,,,,-33.6883,,,,-36.057,,,,-36.7105,,,,-38.9005,,,,-37.551,,,,-37.3079,,,,-36.611,,,,-37.2084,,,,-36.223,,,,-37.7725,,,,-37.242
,,,,-37.656,,,,-36.4449,,,,-36.378,,,,-35.3492,,,,-35.426,,,,-33.7215,,,,-36.068,,,,-36.7105,,,,-38.8673,,,,-37.551,,,,-37.3411,,,,-36.633,,,,-37.2084,,,,-36.234,,,,-37.7725,,,,-37.242
,,,,-37.689,,,,-36.4781,,,,-36.389,,,,-35.3492,,,,-35.437,,,,-33.7546,,,,-36.079,,,,-36.7105,,,,-38.9005,,,,-37.573,,,,-37.3411,,,,-36.633,,,,-37.2084,,,,-36.245,,,,-37.7725,,,,-37.242
,,,,-37.706,,,,-36.5113,,,,-36.401,,,,-35.3492,,,,-35.449,,,,-33.788,,,,-36.101,,,,-36.7436,,,,-38.9005,,,,-37.584,,,,-37.3411,,,,-36.633,,,,-37.2084,,,,-36.256,,,,-37.7725,,,,-37.258
,,,,-37.706,,,,-36.5113,,,,-36.401,,,,-35.3492,,,,-35.471,,,,-33.788,,,,-36.101,,,,-36.7436,,,,-38.9005,,,,-37.584,,,,-37.3411,,,,-36.655,,,,-37.2747,,,,-36.278,,,,-37.7725,,,,-37.258
,,,,-37.706,,,,-36.5113,,,,-36.412,,,,-35.3492,,,,-35.449,,,,-33.788,,,,-36.101,,,,-36.7436,,,,-38.9005,,,,-37.595,,,,-37.3743,,,,-36.644,,,,-37.2084,,,,-36.256,,,,-37.7725,,,,-37.258
,,,,-37.689,,,,-36.4781,,,,-36.378,,,,-35.3492,,,,-35.471,,,,-33.8212,,,,-36.124,,,,-36.7769,,,,-38.9005,,,,-37.562,,,,-37.3079,,,,-36.633,,,,-37.2415,,,,-36.278,,,,-37.7725,,,,-37.275
,,,,-37.706,,,,-36.5113,,,,-36.423,,,,-35.3824,,,,-35.482,,,,-33.8212,,,,-36.135,,,,-36.7769,,,,-38.9005,,,,-37.595,,,,-37.3743,,,,-36.666,,,,-37.2415,,,,-36.289,,,,-37.8057,,,,-37.291
,,,,-37.739,,,,-36.5113,,,,-36.412,,,,-35.3824,,,,-35.482,,,,-33.8212,,,,-36.135,,,,-36.7769,,,,-38.9669,,,,-37.606,,,,-37.3411,,,,-36.655,,,,-37.2415,,,,-36.289,,,,-37.8057,,,,-37.291
,,,,-37.722,,,,-36.5113,,,,-36.423,,,,-35.4155,,,,-35.493,,,,-33.8212,,,,-36.124,,,,-36.7769,,,,-38.9337,,,,-37.595,,,,-37.3411,,,,-36.666,,,,-37.2415,,,,-36.278,,,,-37.7725,,,,-37.275
,,,,-37.722,,,,-36.5113,,,,-36.445,,,,-35.4488,,,,-35.515,,,,-33.8544,,,,-36.146,,,,-36.7769,,,,-38.9337,,,,-37.606,,,,-37.3743,,,,-36.688,,,,-37.2415,,,,-36.301,,,,-37.8057,,,,-37.291
,,,,-37.739,,,,-36.5445,,,,-36.456,,,,-35.4155,,,,-35.526,,,,-33.8876,,,,-36.157,,,,-36.7769,,,,-38.9337,,,,-37.629,,,,-37.4074,,,,-36.699,,,,-37.2747,,,,-36.323,,,,-37.8057,,,,-37.291
,,,,-37.739,,,,-36.5113,,,,-36.467,,,,-35.482,,,,-35.537,,,,-33.8544,,,,-36.146,,,,-36.7769,,,,-38.9669,,,,-37.629,,,,-37.4074,,,,-36.721,,,,-37.2747,,,,-36.312,,,,-37.8057,,,,-37.291
,,,,-37.772,,,,-36.5776,,,,-36.467,,,,-35.4488,,,,-35.537,,,,-33.8876,,,,-36.168,,,,-36.81,,,,-38.9669,,,,-37.64,,,,-37.3743,,,,-36.699,,,,-37.2747,,,,-36.323,,,,-37.8057,,,,-37.308
,,,,-37.756,,,,-36.5445,,,,-36.434,,,,-35.3824,,,,-35.515,,,,-33.8876,,,,-36.179,,,,-36.8432,,,,-38.9669,,,,-37.629,,,,-37.3743,,,,-36.677,,,,-37.2747,,,,-36.323,,,,-37.8057,,,,-37.324
,,,,-37.772,,,,-36.5776,,,,-36.489,,,,-35.482,,,,-35.57,,,,-33.9208,,,,-36.19,,,,-36.81,,,,-38.9669,,,,-37.651,,,,-37.4074,,,,-36.732,,,,-37.3079,,,,-36.356,,,,-37.8389,,,,-37.324
,,,,-37.806,,,,-36.6773,,,,-36.511,,,,-35.4488,,,,-35.537,,,,-33.8876,,,,-36.19,,,,-36.8432,,,,-38.9337,,,,-37.673,,,,-37.4074,,,,-36.71,,,,-37.2747,,,,-36.334,,,,-37.8389,,,,-37.341
,,,,-37.756,,,,-36.5445,,,,-36.467,,,,-35.4488,,,,-35.559,,,,-33.9208,,,,-36.201,,,,-36.8432,,,,-38.9669,,,,-37.64,,,,-37.4074,,,,-36.721,,,,-37.3079,,,,-36.356,,,,-37.8389,,,,-37.341
,,,,-37.756,,,,-36.5445,,,,-36.467,,,,-35.4488,,,,-35.559,,,,-33.9541,,,,-36.201,,,,-36.8432,,,,-38.9669,,,,-37.64,,,,-37.4074,,,,-36.71,,,,-37.2747,,,,-36.345,,,,-37.8057,,,,-37.324
,,,,-37.806,,,,-36.6441,,,,-36.522,,,,-35.482,,,,-35.604,,,,-33.9874,,,,-36.223,,,,-36.8432,,,,-38.9669,,,,-37.684,,,,-37.4407,,,,-36.755,,,,-37.3411,,,,-36.389,,,,-37.8389,,,,-37.341
,,,,-37.772,,,,-36.5776,,,,-36.511,,,,-35.5153,,,,-35.604,,,,-33.9541,,,,-36.234,,,,-36.8764,,,,-38.9669,,,,-37.662,,,,-37.4407,,,,-36.766,,,,-37.3411,,,,-36.389,,,,-37.8721,,,,-37.374
,,,,-37.805,,,,-36.6109,,,,-36.511,,,,-35.482,,,,-35.604,,,,-33.9874,,,,-36.234,,,,-36.8764,,,,-39.0,,,,-37.684,,,,-37.4407,,,,-36.755,,,,-37.3411,,,,-36.389,,,,-37.8389,,,,-37.358
,,,,-37.789,,,,-36.5776,,,,-36.533,,,,-35.5485,,,,-35.626,,,,-33.9874,,,,-36.234,,,,-36.8764,,,,-39.0,,,,-37.684,,,,-37.4738,,,,-36.788,,,,-37.3411,,,,-36.389,,,,-37.8389,,,,-37.358
,,,,-37.805,,,,-36.6109,,,,-36.522,,,,-35.5153,,,,-35.626,,,,-34.0205,,,,-36.245,,,,-36.8764,,,,-39.0,,,,-37.684,,,,-37.4407,,,,-36.766,,,,-37.3411,,,,-36.4,,,,-37.8389,,,,-37.358
,,,,-37.806,,,,-36.6441,,,,-36.555,,,,-35.5485,,,,-35.626,,,,-33.9874,,,,-36.245,,,,-36.8764,,,,-38.9669,,,,-37.695,,,,-37.4738,,,,-36.788,,,,-37.3411,,,,-36.4,,,,-37.8721,,,,-37.374
,,,,-37.822,,,,-36.6441,,,,-36.533,,,,-35.482,,,,-35.604,,,,-33.9874,,,,-36.256,,,,-36.9096,,,,-39.0,,,,-37.706,,,,-37.4738,,,,-36.766,,,,-37.3411,,,,-36.4,,,,-37.8721,,,,-37.391
,,,,-37.839,,,,-36.6441,,,,-36.555,,,,-35.5485,,,,-35.637,,,,-34.0205,,,,-36.267,,,,-36.9096,,,,-39.0332,,,,-37.717,,,,-37.4738,,,,-36.788,,,,-37.3411,,,,-36.411,,,,-37.8721,,,,-37.391
,,,,-37.855,,,,-36.7105,,,,-36.589,,,,-35.5816,,,,-35.67,,,,-34.0537,,,,-36.301,,,,-36.9428,,,,-39.0,,,,-37.728,,,,-37.4738,,,,-36.81,,,,-37.3743,,,,-36.444,,,,-37.9052,,,,-37.424
,,,,-37.839,,,,-36.6773,,,,-36.589,,,,-35.6149,,,,-35.681,,,,-34.0537,,,,-36.29,,,,-36.9428,,,,-39.0,,,,-37.717,,,,-37.4738,,,,-36.821,,,,-37.3743,,,,-36.433,,,,-37.8721,,,,-37.407
,,,,-37.872,,,,-36.7105,,,,-36.6,,,,-35.5816,,,,-35.67,,,,-34.0537,,,,-36.278,,,,-36.9096,,,,-39.0332,,,,-37.75,,,,-37.507,,,,-36.821,,,,-37.3743,,,,-36.433,,,,-37.8721,,,,-37.391
,,,,-37.888,,,,-36.7105,,,,-36.578,,,,-35.5485,,,,-35.67,,,,-34.0869,,,,-36.312,,,,-36.9428,,,,-39.0663,,,,-37.75,,,,-37.4738,,,,-36.799,,,,-37.3743,,,,-36.455,,,,-37.9052,,,,-37.424
,,,,-37.855,,,,-36.7105,,,,-36.6,,,,-35.6149,,,,-35.703,,,,-34.1202,,,,-36.312,,,,-36.9428,,,,-39.0,,,,-37.728,,,,-37.4738,,,,-36.821,,,,-37.3743,,,,-36.456,,,,-37.8721,,,,-37.407
,,,,-37.872,,,,-36.7105,,,,-36.611,,,,-35.6149,,,,-35.703,,,,-34.0869,,,,-36.323,,,,-36.976,,,,-39.0332,,,,-37.75,,,,-37.507,,,,-36.843,,,,-37.4074,,,,-36.466,,,,-37.9052,,,,-37.441
,,,,-37.905,,,,-36.7436,,,,-36.622,,,,-35.6149,,,,-35.703,,,,-34.1202,,,,-36.323,,,,-36.9428,,,,-39.0663,,,,-37.772,,,,-37.507,,,,-36.832,,,,-37.3743,,,,-36.467,,,,-37.9052,,,,-37.424
,,,,-37.888,,,,-36.7105,,,,-36.633,,,,-35.6481,,,,-35.736,,,,-34.1202,,,,-36.323,,,,-36.9428,,,,-39.0663,,,,-37.772,,,,-37.5402,,,,-36.876,,,,-37.4407,,,,-36.489,,,,-37.9052,,,,-37.424
,,,,-37.922,,,,-36.81,,,,-36.666,,,,-35.6813,,,,-35.747,,,,-34.1202,,,,-36.323,,,,-36.9428,,,,-39.0332,,,,-37.783,,,,-37.507,,,,-36.876,,,,-37.4407,,,,-36.489,,,,-37.9052,,,,-37.424
,,,,-37.888,,,,-36.7105,,,,-36.622,,,,-35.6149,,,,-35.714,,,,-34.1202,,,,-36.334,,,,-36.976,,,,-39.0663,,,,-37.772,,,,-37.5402,,,,-36.854,,,,-37.4074,,,,-36.478,,,,-37.9052,,,,-37.441
,,,,-37.922,,,,-36.7769,,,,-36.666,,,,-35.6813,,,,-35.747,,,,-34.1534,,,,-36.345,,,,-36.976,,,,-39.0663,,,,-37.794,,,,-37.5402,,,,-36.876,,,,-37.4074,,,,-36.489,,,,-37.9052,,,,-37.441
,,,,-37.922,,,,-36.7769,,,,-36.677,,,,-35.6813,,,,-35.758,,,,-34.1867,,,,-36.378,,,,-37.0092,,,,-39.0663,,,,-37.806,,,,-37.5733,,,,-36.887,,,,-37.4074,,,,-36.511,,,,-37.9384,,,,-37.474
,,,,-37.905,,,,-36.7436,,,,-36.655,,,,-35.6481,,,,-35.758,,,,-34.1867,,,,-36.378,,,,-37.0092,,,,-39.0663,,,,-37.794,,,,-37.5733,,,,-36.887,,,,-37.4407,,,,-36.522,,,,-37.9384,,,,-37.474
,,,,-37.938,,,,-36.81,,,,-36.688,,,,-35.7145,,,,-35.792,,,,-34.2199,,,,-36.378,,,,-37.0092,,,,-39.0663,,,,-37.806,,,,-37.5402,,,,-36.898,,,,-37.4407,,,,-36.522,,,,-37.9052,,,,-37.457
,,,,-37.955,,,,-36.8432,,,,-36.71,,,,-35.7145,,,,-35.792,,,,-34.2199,,,,-36.4,,,,-37.0424,,,,-39.0663,,,,-37.828,,,,-37.5733,,,,-36.91,,,,-37.4407,,,,-36.533,,,,-37.9384,,,,-37.49
,,,,-37.938,,,,-36.81,,,,-36.688,,,,-35.7145,,,,-35.781,,,,-34.1867,,,,-36.378,,,,-37.0424,,,,-39.0663,,,,-37.806,,,,-37.5402,,,,-36.898,,,,-37.4407,,,,-36.511,,,,-37.9052,,,,-37.474
,,,,-37.938,,,,-36.81,,,,-36.71,,,,-35.7476,,,,-35.814,,,,-34.2199,,,,-36.389,,,,-37.0092,,,,-39.0663,,,,-37.817,,,,-37.5733,,,,-36.932,,,,-37.4738,,,,-36.544,,,,-37.9384,,,,-37.474
,,,,-37.971,,,,-36.8764,,,,-36.71,,,,-35.6813,,,,-35.792,,,,-34.253,,,,-36.411,,,,-37.0424,,,,-39.0663,,,,-37.839,,,,-37.5733,,,,-36.898,,,,-37.4407,,,,-36.544,,,,-37.9384,,,,-37.49
,,,,-37.988,,,,-36.8764,,,,-36.744,,,,-35.7476,,,,-35.814,,,,-34.253,,,,-36.411,,,,-37.0424,,,,-39.0995,,,,-37.861,,,,-37.6066,,,,-36.932,,,,-37.4407,,,,-36.544,,,,-37.9384,,,,-37.49
,,,,-37.922,,,,-36.7769,,,,-36.71,,,,-35.7476,,,,-35.825,,,,-34.2863,,,,-36.444,,,,-37.0755,,,,-39.0663,,,,-37.817,,,,-37.6066,,,,-36.932,,,,-37.4407,,,,-36.566,,,,-37.9716,,,,-37.524
,,,,-37.988,,,,-36.8764,,,,-36.721,,,,-35.7145,,,,-35.814,,,,-34.253,,,,-36.433,,,,-37.0755,,,,-39.0995,,,,-37.85,,,,-37.5733,,,,-36.921,,,,-37.4738,,,,-36.566,,,,-37.9716,,,,-37.524
,,,,-37.988,,,,-36.8764,,,,-36.766,,,,-35.8141,,,,-35.858,,,,-34.2863,,,,-36.433,,,,-37.0755,,,,-39.0995,,,,-37.861,,,,-37.6066,,,,-36.965,,,,-37.4738,,,,-36.566,,,,-37.9384,,,,-37.507
,,,,-37.955,,,,-36.81,,,,-36.721,,,,-35.7476,,,,-35.836,,,,-34.2863,,,,-36.444,,,,-37.0755,,,,-39.0995,,,,-37.839,,,,-37.6066,,,,-36.943,,,,-37.4738,,,,-36.577,,,,-37.9716,,,,-37.524
,,,,-37.988,,,,-36.8764,,,,-36.766,,,,-35.8141,,,,-35.869,,,,-34.2863,,,,-36.444,,,,-37.1088,,,,-39.0995,,,,-37.861,,,,-37.6066,,,,-36.976,,,,-37.507,,,,-36.577,,,,-37.9384,,,,-37.524
,,,,-37.955,,,,-36.81,,,,-36.721,,,,-35.7476,,,,-35.847,,,,-34.3196,,,,-36.456,,,,-37.0755,,,,-39.0995,,,,-37.839,,,,-37.6066,,,,-36.943,,,,-37.4738,,,,-36.588,,,,-37.9716,,,,-37.524
,,,,-37.988,,,,-36.8764,,,,-36.766,,,,-35.7809,,,,-35.88,,,,-34.3527,,,,-36.467,,,,-37.1088,,,,-39.0995,,,,-37.872,,,,-37.6398,,,,-36.976,,,,-37.507,,,,-36.599,,,,-37.9384,,,,-37.524
,,,,-37.988,,,,-36.8764,,,,-36.777,,,,-35.8141,,,,-35.891,,,,-34.3527,,,,-36.478,,,,-37.1088,,,,-39.0995,,,,-37.872,,,,-37.6398,,,,-36.987,,,,-37.507,,,,-36.61,,,,-37.9716,,,,-37.54
,,,,-38.021,,,,-36.9096,,,,-36.777,,,,-35.7809,,,,-35.891,,,,-34.3527,,,,-36.478,,,,-37.1088,,,,-39.1327,,,,-37.894,,,,-37.6398,,,,-36.987,,,,-37.5402,,,,-36.622,,,,-37.9716,,,,-37.54
,,,,-37.988,,,,-36.8764,,,,-36.788,,,,-35.8473,,,,-35.902,,,,-34.3527,,,,-36.467,,,,-37.1088,,,,-39.0995,,,,-37.872,,,,-37.6398,,,,-36.998,,,,-37.507,,,,-36.599,,,,-37.9384,,,,-37.524
,,,,-38.021,,,,-36.9096,,,,-36.799,,,,-35.8473,,,,-35.913,,,,-34.386,,,,-36.511,,,,-37.142,,,,-39.1327,,,,-37.894,,,,-37.6398,,,,-36.998,,,,-37.507,,,,-36.633,,,,-38.0048,,,,-37.573
,,,,-38.005,,,,-36.9096,,,,-36.81,,,,-35.8473,,,,-35.913,,,,-34.386,,,,-36.511,,,,-37.142,,,,-39.0995,,,,-37.894,,,,-37.673,,,,-37.009,,,,-37.507,,,,-36.633,,,,-38.0048,,,,-37.573
,,,,-38.054,,,,-36.9428,,,,-36.821,,,,-35.8805,,,,-35.936,,,,-34.4191,,,,-36.511,,,,-37.142,,,,-39.1658,,,,-37.916,,,,-37.6398,,,,-37.009,,,,-37.507,,,,-36.633,,,,-37.9716,,,,-37.557
,,,,-38.054,,,,-36.976,,,,-36.832,,,,-35.8473,,,,-35.924,,,,-34.386,,,,-36.511,,,,-37.1752,,,,-39.1327,,,,-37.927,,,,-37.673,,,,-37.02,,,,-37.5402,,,,-36.633,,,,-37.9716,,,,-37.573
,,,,-38.054,,,,-36.976,,,,-36.832,,,,-35.8141,,,,-35.936,,,,-34.4524,,,,-36.555,,,,-37.2084,,,,-39.1327,,,,-37.938,,,,-37.7062,,,,-37.02,,,,-37.5402,,,,-36.666,,,,-38.0048,,,,-37.607
,,,,-38.054,,,,-36.976,,,,-36.854,,,,-35.8805,,,,-35.958,,,,-34.4524,,,,-36.544,,,,-37.1752,,,,-39.1327,,,,-37.938,,,,-37.7062,,,,-37.042,,,,-37.5402,,,,-36.666,,,,-38.0048,,,,-37.59
,,,,-38.071,,,,-37.0092,,,,-36.865,,,,-35.8805,,,,-35.958,,,,-34.4524,,,,-36.544,,,,-37.1752,,,,-39.1327,,,,-37.949,,,,-37.7062,,,,-37.042,,,,-37.5402,,,,-36.666,,,,-38.0048,,,,-37.59
,,,,-38.054,,,,-36.9428,,,,-36.854,,,,-35.9137,,,,-35.969,,,,-34.4524,,,,-36.555,,,,-37.1752,,,,-39.1658,,,,-37.938,,,,-37.7062,,,,-37.053,,,,-37.5402,,,,-36.677,,,,-38.038,,,,-37.607
,,,,-38.071,,,,-36.976,,,,-36.854,,,,-35.8805,,,,-35.969,,,,-34.4524,,,,-36.566,,,,-37.2084,,,,-39.1658,,,,-37.949,,,,-37.7062,,,,-37.053,,,,-37.5733,,,,-36.688,,,,-38.038,,,,-37.623
,,,,-38.104,,,,-37.0092,,,,-36.887,,,,-35.9137,,,,-35.991,,,,-34.4856,,,,-36.588,,,,-37.2084,,,,-39.199,,,,-37.982,,,,-37.7392,,,,-37.075,,,,-37.5733,,,,-36.71,,,,-38.071,,,,-37.64
,,,,-38.137,,,,-37.0424,,,,-36.932,,,,-35.9801,,,,-36.035,,,,-34.5189,,,,-36.599,,,,-37.2084,,,,-39.2321,,,,-38.016,,,,-37.7725,,,,-37.12,,,,-37.6066,,,,-36.732,,,,-38.071,,,,-37.64
,,,,-38.121,,,,-36.976,,,,-36.91,,,,-35.9469,,,,-36.013,,,,-34.4856,,,,-36.588,,,,-37.2084,,,,-39.2654,,,,-38.016,,,,-37.8057,,,,-37.12,,,,-37.6066,,,,-36.721,,,,-38.071,,,,-37.64
,,,,-38.17,,,,-37.0092,,,,-36.954,,,,-35.9469,,,,-36.035,,,,-34.5189,,,,-36.633,,,,-37.2415,,,,-39.3317,,,,-38.082,,,,-37.9052,,,,-37.164,,,,-37.6398,,,,-36.765,,,,-38.1375,,,,-37.69
,,,,-38.22,,,,-37.0424,,,,-36.987,,,,-35.9801,,,,-36.057,,,,-34.5521,,,,-36.666,,,,-37.2747,,,,-39.3979,,,,-38.126,,,,-37.9384,,,,-37.186,,,,-37.6398,,,,-36.788,,,,-38.1707,,,,-37.723
,,,,-38.287,,,,-37.0755,,,,-37.042,,,,-36.0465,,,,-36.079,,,,-34.5521,,,,-36.688,,,,-37.2747,,,,-39.4975,,,,-38.193,,,,-38.0048,,,,-37.23,,,,-37.6398,,,,-36.81,,,,-38.237,,,,-37.756
,,,,-38.287,,,,-37.0424,,,,-37.075,,,,-36.1129,,,,-36.135,,,,-34.5852,,,,-36.732,,,,-37.3079,,,,-39.5307,,,,-38.215,,,,-38.071,,,,-37.297,,,,-37.7062,,,,-36.865,,,,-38.3034,,,,-37.806
,,,,-38.353,,,,-37.1088,,,,-37.109,,,,-36.1129,,,,-36.135,,,,-34.5852,,,,-36.754,,,,-37.3411,,,,-39.597,,,,-38.27,,,,-38.1043,,,,-37.308,,,,-37.7062,,,,-36.876,,,,-38.3366,,,,-37.839
,,,,-38.386,,,,-37.1088,,,,-37.131,,,,-36.1461,,,,-36.168,,,,-34.6185,,,,-36.776,,,,-37.3411,,,,-39.6634,,,,-38.303,,,,-38.1375,,,,-37.341,,,,-37.7392,,,,-36.909,,,,-38.3698,,,,-37.855
,,,,-38.419,,,,-37.1752,,,,-37.175,,,,-36.1793,,,,-36.19,,,,-34.6517,,,,-36.81,,,,-37.3743,,,,-39.6634,,,,-38.336,,,,-38.1707,,,,-37.363,,,,-37.7392,,,,-36.931,,,,-38.4028,,,,-37.889
,,,,-38.436,,,,-37.142,,,,-37.175,,,,-36.1793,,,,-36.212,,,,-34.685,,,,-36.832,,,,-37.4074,,,,-39.7295,,,,-38.358,,,,-38.2039,,,,-37.385,,,,-37.7725,,,,-36.953,,,,-38.4028,,,,-37.905
,,,,-38.469,,,,-37.1752,,,,-37.241,,,,-36.2789,,,,-36.257,,,,-34.685,,,,-36.843,,,,-37.4074,,,,-39.7628,,,,-38.403,,,,-38.2702,,,,-37.452,,,,-37.8057,,,,-36.976,,,,-38.4361,,,,-37.922
,,,,-38.519,,,,-37.2084,,,,-37.264,,,,-36.2457,,,,-36.279,,,,-34.7181,,,,-36.898,,,,-37.4407,,,,-39.8291,,,,-38.458,,,,-38.3366,,,,-37.485,,,,-37.8721,,,,-37.042,,,,-38.5356,,,,-37.988
,,,,-38.585,,,,-37.2747,,,,-37.297,,,,-36.2457,,,,-36.29,,,,-34.7513,,,,-36.909,,,,-37.4407,,,,-39.8954,,,,-38.513,,,,-38.3698,,,,-37.496,,,,-37.8721,,,,-37.053,,,,-38.5356,,,,-37.988
,,,,-38.602,,,,-37.2415,,,,-37.308,,,,-36.2789,,,,-36.301,,,,-34.7513,,,,-36.931,,,,-37.4738,,,,-39.9618,,,,-38.535,,,,-38.4028,,,,-37.518,,,,-37.8721,,,,-37.064,,,,-38.5687,,,,-38.021
,,,,-38.651,,,,-37.2747,,,,-37.374,,,,-36.3785,,,,-36.367,,,,-34.7846,,,,-36.987,,,,-37.507,,,,-40.0281,,,,-38.591,,,,-38.4693,,,,-37.595,,,,-37.9384,,,,-37.13,,,,-38.6683,,,,-38.088
,,,,-38.668,,,,-37.2415,,,,-37.374,,,,-36.3454,,,,-36.367,,,,-34.8178,,,,-37.031,,,,-37.5733,,,,-40.0944,,,,-38.624,,,,-38.5356,,,,-37.606,,,,-37.9384,,,,-37.153,,,,-38.7015,,,,-38.137
,,,,-38.734,,,,-37.3411,,,,-37.452,,,,-36.4449,,,,-36.411,,,,-34.8178,,,,-37.042,,,,-37.5733,,,,-40.1275,,,,-38.679,,,,-38.5687,,,,-37.662,,,,-37.9716,,,,-37.175,,,,-38.7346,,,,-38.154
,,,,-38.784,,,,-37.3743,,,,-37.452,,,,-36.3785,,,,-36.411,,,,-34.851,,,,-37.075,,,,-37.6066,,,,-40.1939,,,,-38.723,,,,-38.602,,,,-37.662,,,,-38.0048,,,,-37.208,,,,-38.7678,,,,-38.187
,,,,-38.983,,,,-37.4738,,,,-37.662,,,,-36.6441,,,,-36.611,,,,-35.0171,,,,-37.263,,,,-37.7725,,,,-40.4923,,,,-38.944,,,,-38.8673,,,,-37.894,,,,-38.1707,,,,-37.396,,,,-39.0,,,,-38.386
,,,,-39.033,,,,-37.5733,,,,-37.706,,,,-36.6441,,,,-36.622,,,,-35.0171,,,,-37.296,,,,-37.8057,,,,-40.4923,,,,-38.989,,,,-38.9005,,,,-37.916,,,,-38.2039,,,,-37.429,,,,-39.0663,,,,-38.436
,,,,-39.049,,,,-37.5402,,,,-37.728,,,,-36.7105,,,,-36.655,,,,-35.0503,,,,-37.318,,,,-37.8057,,,,-40.5585,,,,-39.011,,,,-38.9337,,,,-37.949,,,,-38.2039,,,,-37.451,,,,-39.0995,,,,-38.453
,,,,-39.066,,,,-37.5733,,,,-37.772,,,,-36.7769,,,,-36.71,,,,-35.0834,,,,-37.352,,,,-37.8389,,,,-40.5585,,,,-39.033,,,,-38.9669,,,,-38.005,,,,-38.2702,,,,-37.495,,,,-39.1327,,,,-38.486
,,,,-39.082,,,,-37.5733,,,,-37.761,,,,-36.7105,,,,-36.688,,,,-35.0834,,,,-37.385,,,,-37.8721,,,,-40.5917,,,,-39.055,,,,-39.0,,,,-37.994,,,,-38.2702,,,,-37.518,,,,-39.199,,,,-38.536
,,,,-39.116,,,,-37.6066,,,,-37.806,,,,-36.81,,,,-36.754,,,,-35.1499,,,,-37.407,,,,-37.9052,,,,-40.6249,,,,-39.077,,,,-39.0,,,,-38.038,,,,-38.3034,,,,-37.54,,,,-39.1658,,,,-38.536
,,,,-39.149,,,,-37.6066,,,,-37.828,,,,-36.81,,,,-36.777,,,,-35.1832,,,,-37.44,,,,-37.9384,,,,-40.6912,,,,-39.121,,,,-39.0663,,,,-38.071,,,,-38.3366,,,,-37.573,,,,-39.199,,,,-38.569
,,,,-39.166,,,,-37.6398,,,,-37.85,,,,-36.8432,,,,-36.777,,,,-35.1499,,,,-37.44,,,,-37.9384,,,,-40.6912,,,,-39.132,,,,-39.0663,,,,-38.082,,,,-38.3366,,,,-37.573,,,,-39.2321,,,,-38.585
,,,,-39.182,,,,-37.6398,,,,-37.861,,,,-36.8432,,,,-36.799,,,,-35.1832,,,,-37.473,,,,-37.9716,,,,-40.7243,,,,-39.155,,,,-39.0995,,,,-38.104,,,,-38.3698,,,,-37.606,,,,-39.2654,,,,-38.618
,,,,-39.232,,,,-37.7392,,,,-37.883,,,,-36.81,,,,-36.81,,,,-35.2164,,,,-37.518,,,,-38.0048,,,,-40.7243,,,,-39.188,,,,-39.0995,,,,-38.104,,,,-38.4028,,,,-37.65,,,,-39.3317,,,,-38.668
,,,,-39.248,,,,-37.7062,,,,-37.916,,,,-36.8764,,,,-36.843,,,,-35.2164,,,,-37.529,,,,-38.0048,,,,-40.7906,,,,-39.221,,,,-39.1658,,,,-38.159,,,,-38.4361,,,,-37.672,,,,-39.3649,,,,-38.685
,,,,-39.248,,,,-37.7062,,,,-37.938,,,,-36.9096,,,,-36.876,,,,-35.2828,,,,-37.562,,,,-38.038,,,,-40.7906,,,,-39.232,,,,-39.199,,,,-38.182,,,,-38.4361,,,,-37.695,,,,-39.3649,,,,-38.701
,,,,-39.248,,,,-37.673,,,,-37.938,,,,-36.9428,,,,-36.898,,,,-35.2828,,,,-37.584,,,,-38.071,,,,-40.8237,,,,-39.232,,,,-39.199,,,,-38.204,,,,-38.4693,,,,-37.717,,,,-39.3979,,,,-38.734
,,,,-39.331,,,,-37.8057,,,,-37.994,,,,-36.9428,,,,-36.92,,,,-35.316,,,,-37.606,,,,-38.071,,,,-40.8569,,,,-39.298,,,,-39.2321,,,,-38.226,,,,-38.5024,,,,-37.75,,,,-39.4312,,,,-38.751
,,,,-39.331,,,,-37.7725,,,,-37.994,,,,-36.976,,,,-36.943,,,,-35.3492,,,,-37.628,,,,-38.1043,,,,-40.89,,,,-39.298,,,,-39.2321,,,,-38.237,,,,-38.5024,,,,-37.761,,,,-39.4312,,,,-38.768
,,,,-39.364,,,,-37.8389,,,,-38.027,,,,-36.976,,,,-36.954,,,,-35.3492,,,,-37.65,,,,-38.1375,,,,-40.89,,,,-39.331,,,,-39.2654,,,,-38.259,,,,-38.5356,,,,-37.783,,,,-39.4643,,,,-38.801
,,,,-39.364,,,,-37.8389,,,,-38.049,,,,-37.0092,,,,-36.976,,,,-35.3824,,,,-37.684,,,,-38.1375,,,,-40.89,,,,-39.342,,,,-39.2986,,,,-38.281,,,,-38.5356,,,,-37.816,,,,-39.5307,,,,-38.834
,,,,-39.398,,,,-37.8721,,,,-38.093,,,,-37.0755,,,,-37.009,,,,-35.3824,,,,-37.695,,,,-38.1707,,,,-40.9232,,,,-39.376,,,,-39.3317,,,,-38.325,,,,-38.5687,,,,-37.827,,,,-39.5307,,,,-38.851
,,,,-39.447,,,,-37.9052,,,,-38.104,,,,-37.0424,,,,-37.02,,,,-35.4155,,,,-37.739,,,,-38.2039,,,,-40.9895,,,,-39.42,,,,-39.3649,,,,-38.336,,,,-38.602,,,,-37.872,,,,-39.597,,,,-38.9
,,,,-39.447,,,,-37.8721,,,,-38.115,,,,-37.0755,,,,-37.064,,,,-35.482,,,,-37.783,,,,-38.237,,,,-41.0227,,,,-39.431,,,,-39.3979,,,,-38.37,,,,-38.6352,,,,-37.916,,,,-39.6302,,,,-38.934
,,,,-39.497,,,,-37.9384,,,,-38.182,,,,-37.1752,,,,-37.109,,,,-35.5153,,,,-37.816,,,,-38.2702,,,,-41.0558,,,,-39.475,,,,-39.4312,,,,-38.414,,,,-38.6352,,,,-37.938,,,,-39.6634,,,,-38.967
,,,,-39.48,,,,-37.9052,,,,-38.171,,,,-37.142,,,,-37.12,,,,-35.5153,,,,-37.827,,,,-38.3034,,,,-41.0558,,,,-39.475,,,,-39.4643,,,,-38.436,,,,-38.7015,,,,-37.96,,,,-39.6634,,,,-38.983
,,,,-39.514,,,,-37.9384,,,,-38.204,,,,-37.2084,,,,-37.153,,,,-35.5485,,,,-37.849,,,,-38.3034,,,,-41.089,,,,-39.497,,,,-39.4643,,,,-38.458,,,,-38.7015,,,,-37.982,,,,-39.6965,,,,-39.0
,,,,-39.53,,,,-37.9716,,,,-38.226,,,,-37.2084,,,,-37.164,,,,-35.5485,,,,-37.86,,,,-38.3034,,,,-41.089,,,,-39.519,,,,-39.4975,,,,-38.48,,,,-38.7346,,,,-38.004,,,,-39.7295,,,,-39.016
,,,,-39.547,,,,-38.0048,,,,-38.237,,,,-37.1752,,,,-37.164,,,,-35.5816,,,,-37.894,,,,-38.3698,,,,-41.089,,,,-39.542,,,,-39.5307,,,,-38.48,,,,-38.7346,,,,-38.015,,,,-39.7295,,,,-39.05
,,,,-39.563,,,,-37.9716,,,,-38.237,,,,-37.2415,,,,-37.197,,,,-35.5816,,,,-37.916,,,,-38.4028,,,,-41.1552,,,,-39.541,,,,-39.4975,,,,-38.502,,,,-38.7678,,,,-38.037,,,,-39.7628,,,,-39.083
,,,,-39.597,,,,-38.038,,,,-38.27,,,,-37.2084,,,,-37.197,,,,-35.6149,,,,-37.938,,,,-38.4028,,,,-41.1552,,,,-39.586,,,,-39.5638,,,,-38.513,,,,-38.7678,,,,-38.06,,,,-39.796,,,,-39.099
,,,,-39.58,,,,-38.0048,,,,-38.27,,,,-37.2415,,,,-37.23,,,,-35.6481,,,,-37.949,,,,-38.4028,,,,-41.1552,,,,-39.575,,,,-39.5638,,,,-38.535,,,,-38.801,,,,-38.082,,,,-39.796,,,,-39.099
,,,,-39.63,,,,-38.071,,,,-38.336,,,,-37.3411,,,,-37.263,,,,-35.6481,,,,-37.971,,,,-38.4361,,,,-41.1884,,,,-39.619,,,,-39.597,,,,-38.58,,,,-38.801,,,,-38.093,,,,-39.8291,,,,-39.133
,,,,-39.646,,,,-38.1043,,,,-38.314,,,,-37.2415,,,,-37.241,,,,-35.6813,,,,-37.993,,,,-38.4361,,,,-41.1884,,,,-39.63,,,,-39.597,,,,-38.546,,,,-38.801,,,,-38.115,,,,-39.8623,,,,-39.149
,,,,-39.679,,,,-38.1375,,,,-38.359,,,,-37.3079,,,,-37.274,,,,-35.6813,,,,-38.026,,,,-38.4693,,,,-41.2214,,,,-39.663,,,,-39.6302,,,,-38.591,,,,-38.8342,,,,-38.148,,,,-39.9286,,,,-39.199
,,,,-39.679,,,,-38.1375,,,,-38.359,,,,-37.3079,,,,-37.274,,,,-35.6813,,,,-38.026,,,,-38.5024,,,,-41.2214,,,,-39.663,,,,-39.6302,,,,-38.591,,,,-38.8342,,,,-38.137,,,,-39.8954,,,,-39.199
,,,,-39.713,,,,-38.1375,,,,-38.37,,,,-37.3079,,,,-37.297,,,,-35.7145,,,,-38.06,,,,-38.5356,,,,-41.2878,,,,-39.696,,,,-39.6634,,,,-38.613,,,,-38.8673,,,,-38.17,,,,-39.9286,,,,-39.232
,,,,-39.729,,,,-38.1707,,,,-38.403,,,,-37.3411,,,,-37.33,,,,-35.7476,,,,-38.06,,,,-38.5024,,,,-41.2878,,,,-39.718,,,,-39.6965,,,,-38.646,,,,-38.9005,,,,-38.192,,,,-39.9286,,,,-39.216
,,,,-39.746,,,,-38.2039,,,,-38.425,,,,-37.3743,,,,-37.33,,,,-35.7145,,,,-38.082,,,,-38.5687,,,,-41.2878,,,,-39.729,,,,-39.6965,,,,-38.657,,,,-38.9005,,,,-38.192,,,,-39.9618,,,,-39.265
,,,,-39.812,,,,-38.2702,,,,-38.48,,,,-37.4074,,,,-37.385,,,,-35.8141,,,,-38.17,,,,-38.6352,,,,-41.3541,,,,-39.796,,,,-39.7628,,,,-38.701,,,,-38.9337,,,,-38.27,,,,-40.0611,,,,-39.348
,,,,-39.796,,,,-38.237,,,,-38.48,,,,-37.4407,,,,-37.418,,,,-35.8473,,,,-38.17,,,,-38.6352,,,,-41.3541,,,,-39.785,,,,-39.7628,,,,-38.723,,,,-38.9669,,,,-38.281,,,,-40.0281,,,,-39.332
,,,,-39.812,,,,-38.237,,,,-38.48,,,,-37.4407,,,,-37.429,,,,-35.8473,,,,-38.192,,,,-38.6683,,,,-41.3872,,,,-39.796,,,,-39.7628,,,,-38.734,,,,-39.0,,,,-38.303,,,,-40.0611,,,,-39.365
,,,,-39.829,,,,-38.2702,,,,-38.513,,,,-37.4738,,,,-37.462,,,,-35.8805,,,,-38.214,,,,-38.6683,,,,-41.3872,,,,-39.818,,,,-39.796,,,,-38.768,,,,-39.0332,,,,-38.336,,,,-40.0944,,,,-39.381
,,,,-39.845,,,,-38.2702,,,,-38.535,,,,-37.507,,,,-37.485,,,,-35.9137,,,,-38.237,,,,-38.7015,,,,-41.4204,,,,-39.84,,,,-39.8291,,,,-38.79,,,,-39.0332,,,,-38.347,,,,-40.0944,,,,-39.398
,,,,-39.862,,,,-38.2702,,,,-38.558,,,,-37.5402,,,,-37.496,,,,-35.9137,,,,-38.248,,,,-38.7015,,,,-41.4535,,,,-39.862,,,,-39.8623,,,,-38.812,,,,-39.0332,,,,-38.358,,,,-40.1275,,,,-39.415
,,,,-39.878,,,,-38.3034,,,,-38.569,,,,-37.5402,,,,-37.518,,,,-35.9469,,,,-38.281,,,,-38.7346,,,,-41.4535,,,,-39.873,,,,-39.8623,,,,-38.823,,,,-39.0663,,,,-38.391,,,,-40.1607,,,,-39.448
,,,,-39.912,,,,-38.3366,,,,-38.591,,,,-37.5733,,,,-37.529,,,,-35.9469,,,,-38.281,,,,-38.7346,,,,-41.4866,,,,-39.895,,,,-39.8623,,,,-38.834,,,,-39.0663,,,,-38.391,,,,-40.1607,,,,-39.448
,,,,-39.945,,,,-38.4028,,,,-38.635,,,,-37.6066,,,,-37.562,,,,-35.9801,,,,-38.314,,,,-38.7678,,,,-41.4866,,,,-39.928,,,,-39.8954,,,,-38.867,,,,-39.0995,,,,-38.424,,,,-40.1939,,,,-39.481
,,,,-39.928,,,,-38.3366,,,,-38.624,,,,-37.6066,,,,-37.551,,,,-35.9801,,,,-38.325,,,,-38.801,,,,-41.5198,,,,-39.928,,,,-39.9286,,,,-38.867,,,,-39.0663,,,,-38.413,,,,-40.1939,,,,-39.497
,,,,-39.945,,,,-38.4028,,,,-38.679,,,,-37.673,,,,-37.595,,,,-36.0134,,,,-38.347,,,,-38.801,,,,-41.4866,,,,-39.95,,,,-39.9618,,,,-38.911,,,,-39.0995,,,,-38.447,,,,-40.227,,,,-39.514
,,,,-39.994,,,,-38.4361,,,,-38.668,,,,-37.6398,,,,-37.606,,,,-36.0134,,,,-38.358,,,,-38.8342,,,,-41.5529,,,,-39.973,,,,-39.9286,,,,-38.911,,,,-39.1658,,,,-38.469,,,,-40.227,,,,-39.531
,,,,-39.994,,,,-38.4028,,,,-38.668,,,,-37.6398,,,,-37.617,,,,-36.0465,,,,-38.391,,,,-38.8673,,,,-41.5861,,,,-39.984,,,,-39.9618,,,,-38.922,,,,-39.1658,,,,-38.491,,,,-40.2602,,,,-39.564
,,,,-39.994,,,,-38.4361,,,,-38.701,,,,-37.7062,,,,-37.662,,,,-36.0796,,,,-38.413,,,,-38.8673,,,,-41.5529,,,,-39.984,,,,-39.9618,,,,-38.956,,,,-39.199,,,,-38.524,,,,-40.2934,,,,-39.58
,,,,-40.011,,,,-38.4361,,,,-38.712,,,,-37.7062,,,,-37.64,,,,-36.0465,,,,-38.413,,,,-38.8673,,,,-41.5861,,,,-40.006,,,,-39.9949,,,,-38.956,,,,-39.1658,,,,-38.513,,,,-40.3265,,,,-39.597
,,,,-40.028,,,,-38.4361,,,,-38.712,,,,-37.673,,,,-37.651,,,,-36.0796,,,,-38.436,,,,-38.9005,,,,-41.6192,,,,-40.028,,,,-40.0281,,,,-38.967,,,,-39.199,,,,-38.535,,,,-40.3265,,,,-39.614
,,,,-40.028,,,,-38.4693,,,,-38.735,,,,-37.7062,,,,-37.684,,,,-36.1129,,,,-38.447,,,,-38.9005,,,,-41.5861,,,,-40.028,,,,-40.0281,,,,-38.989,,,,-39.2321,,,,-38.557,,,,-40.3265,,,,-39.614
,,,,-40.077,,,,-38.5024,,,,-38.768,,,,-37.7392,,,,-37.684,,,,-36.0796,,,,-38.447,,,,-38.9005,,,,-41.6524,,,,-40.072,,,,-40.0611,,,,-39.011,,,,-39.2321,,,,-38.557,,,,-40.3597,,,,-39.63
,,,,-40.077,,,,-38.5356,,,,-38.79,,,,-37.7725,,,,-37.728,,,,-36.1461,,,,-38.48,,,,-38.9337,,,,-41.6192,,,,-40.072,,,,-40.0611,,,,-39.033,,,,-39.2654,,,,-38.59,,,,-40.3597,,,,-39.647
,,,,-40.094,,,,-38.5024,,,,-38.768,,,,-37.7392,,,,-37.717,,,,-36.1461,,,,-38.491,,,,-38.9669,,,,-41.6855,,,,-40.083,,,,-40.0611,,,,-39.022,,,,-39.2654,,,,-38.59,,,,-40.3597,,,,-39.663
,,,,-40.111,,,,-38.5687,,,,-38.823,,,,-37.8057,,,,-37.75,,,,-36.1461,,,,-38.502,,,,-38.9669,,,,-41.6524,,,,-40.105,,,,-40.0944,,,,-39.066,,,,-39.2986,,,,-38.612,,,,-40.3927,,,,-39.68
,,,,-40.16,,,,-38.602,,,,-38.867,,,,-37.8389,,,,-37.805,,,,-36.2457,,,,-38.568,,,,-39.0332,,,,-41.7186,,,,-40.16,,,,-40.1607,,,,-39.11,,,,-39.3317,,,,-38.668,,,,-40.426,,,,-39.73
,,,,-40.21,,,,-38.6352,,,,-38.889,,,,-37.8389,,,,-37.828,,,,-36.2789,,,,-38.613,,,,-39.0995,,,,-41.785,,,,-40.205,,,,-40.1939,,,,-39.133,,,,-39.3649,,,,-38.701,,,,-40.4591,,,,-39.779
,,,,-40.21,,,,-38.6352,,,,-38.911,,,,-37.9052,,,,-37.85,,,,-36.2789,,,,-38.624,,,,-39.0995,,,,-41.785,,,,-40.205,,,,-40.1939,,,,-39.155,,,,-39.3649,,,,-38.712,,,,-40.4923,,,,-39.796
,,,,-40.243,,,,-38.7015,,,,-38.945,,,,-37.9384,,,,-37.883,,,,-36.3122,,,,-38.646,,,,-39.1327,,,,-41.785,,,,-40.227,,,,-40.1939,,,,-39.177,,,,-39.3979,,,,-38.734,,,,-40.4923,,,,-39.812
,,,,-40.26,,,,-38.7015,,,,-38.978,,,,-37.9716,,,,-37.905,,,,-36.3122,,,,-38.657,,,,-39.1327,,,,-41.818,,,,-40.26,,,,-40.2602,,,,-39.221,,,,-39.4312,,,,-38.756,,,,-40.5254,,,,-39.829
,,,,-40.31,,,,-38.7678,,,,-38.989,,,,-37.9384,,,,-37.916,,,,-36.3454,,,,-38.679,,,,-39.1658,,,,-41.8512,,,,-40.293,,,,-40.2602,,,,-39.221,,,,-39.4643,,,,-38.778,,,,-40.5254,,,,-39.846
,,,,-40.343,,,,-38.801,,,,-39.011,,,,-37.9384,,,,-37.949,,,,-36.4116,,,,-38.723,,,,-39.199,,,,-41.8842,,,,-40.326,,,,-40.2934,,,,-39.243,,,,-39.4975,,,,-38.823,,,,-40.5585,,,,-39.879
,,,,-40.343,,,,-38.801,,,,-39.044,,,,-38.0048,,,,-37.971,,,,-36.4116,,,,-38.745,,,,-39.2321,,,,-41.8842,,,,-40.337,,,,-40.3265,,,,-39.276,,,,-39.4975,,,,-38.834,,,,-40.5917,,,,-39.912
,,,,-40.359,,,,-38.8342,,,,-39.055,,,,-38.038,,,,-37.982,,,,-36.4116,,,,-38.745,,,,-39.2321,,,,-41.8842,,,,-40.337,,,,-40.2934,,,,-39.276,,,,-39.4975,,,,-38.834,,,,-40.5917,,,,-39.912
,,,,-40.359,,,,-38.8342,,,,-39.066,,,,-38.038,,,,-37.993,,,,-36.4449,,,,-38.767,,,,-39.2654,,,,-41.8842,,,,-40.348,,,,-40.3265,,,,-39.287,,,,-39.4975,,,,-38.845,,,,-40.5917,,,,-39.929
,,,,-40.376,,,,-38.8673,,,,-39.088,,,,-38.071,,,,-38.016,,,,-36.4449,,,,-38.778,,,,-39.2654,,,,-41.8842,,,,-40.359,,,,-40.3265,,,,-39.309,,,,-39.5307,,,,-38.867,,,,-40.6249,,,,-39.945
,,,,-40.376,,,,-38.8342,,,,-39.099,,,,-38.071,,,,-38.027,,,,-36.4781,,,,-38.789,,,,-39.2654,,,,-41.9174,,,,-40.381,,,,-40.3927,,,,-39.331,,,,-39.5307,,,,-38.878,,,,-40.6249,,,,-39.945
,,,,-40.409,,,,-38.8673,,,,-39.099,,,,-38.071,,,,-38.049,,,,-36.5113,,,,-38.823,,,,-39.2986,,,,-41.9506,,,,-40.393,,,,-40.3597,,,,-39.332,,,,-39.5638,,,,-38.911,,,,-40.658,,,,-39.978
,,,,-40.376,,,,-38.8342,,,,-39.11,,,,-38.1375,,,,-38.071,,,,-36.5113,,,,-38.834,,,,-39.3317,,,,-41.9174,,,,-40.37,,,,-40.3597,,,,-39.354,,,,-39.5638,,,,-38.911,,,,-40.658,,,,-39.995
,,,,-40.442,,,,-38.9337,,,,-39.166,,,,-38.1707,,,,-38.093,,,,-36.5113,,,,-38.834,,,,-39.3317,,,,-41.9506,,,,-40.426,,,,-40.3927,,,,-39.387,,,,-39.597,,,,-38.922,,,,-40.658,,,,-39.995
,,,,-40.475,,,,-38.9669,,,,-39.155,,,,-38.1043,,,,-38.071,,,,-36.5113,,,,-38.856,,,,-39.3649,,,,-41.9837,,,,-40.448,,,,-40.3927,,,,-39.365,,,,-39.597,,,,-38.933,,,,-40.6912,,,,-40.028
,,,,-40.459,,,,-38.9337,,,,-39.177,,,,-38.2039,,,,-38.115,,,,-36.5445,,,,-38.867,,,,-39.3649,,,,-41.9837,,,,-40.437,,,,-40.3927,,,,-39.398,,,,-39.597,,,,-38.944,,,,-40.6912,,,,-40.028
,,,,-40.492,,,,-39.0,,,,-39.188,,,,-38.1375,,,,-38.115,,,,-36.5776,,,,-38.889,,,,-39.3649,,,,-41.9837,,,,-40.47,,,,-40.426,,,,-39.398,,,,-39.6302,,,,-38.977,,,,-40.7243,,,,-40.045
,,,,-40.492,,,,-38.9669,,,,-39.177,,,,-38.1375,,,,-38.126,,,,-36.6109,,,,-38.911,,,,-39.3979,,,,-42.0169,,,,-40.47,,,,-40.426,,,,-39.398,,,,-39.6302,,,,-38.988,,,,-40.7243,,,,-40.061
,,,,-40.459,,,,-38.9005,,,,-39.188,,,,-38.2039,,,,-38.137,,,,-36.5776,,,,-38.922,,,,-39.4312,,,,-42.0169,,,,-40.459,,,,-40.4591,,,,-39.431,,,,-39.6302,,,,-38.988,,,,-40.7575,,,,-40.094
,,,,-40.525,,,,-39.0332,,,,-39.232,,,,-38.2039,,,,-38.159,,,,-36.6109,,,,-38.922,,,,-39.4312,,,,-42.0169,,,,-40.503,,,,-40.4591,,,,-39.442,,,,-39.6634,,,,-39.0,,,,-40.7243,,,,-40.078
,,,,-40.508,,,,-38.9669,,,,-39.221,,,,-38.237,,,,-38.181,,,,-36.6109,,,,-38.922,,,,-39.4312,,,,-42.05,,,,-40.492,,,,-40.4591,,,,-39.464,,,,-39.6965,,,,-39.011,,,,-40.7243,,,,-40.078
,,,,-40.558,,,,-39.0663,,,,-39.265,,,,-38.237,,,,-38.193,,,,-36.6441,,,,-38.955,,,,-39.4643,,,,-42.05,,,,-40.536,,,,-40.4923,,,,-39.475,,,,-39.6965,,,,-39.033,,,,-40.7575,,,,-40.111
,,,,-40.608,,,,-39.1327,,,,-39.298,,,,-38.2702,,,,-38.193,,,,-36.6441,,,,-38.966,,,,-39.4643,,,,-42.0832,,,,-40.569,,,,-40.4923,,,,-39.475,,,,-39.6634,,,,-39.033,,,,-40.7906,,,,-40.127
,,,,-40.575,,,,-39.0663,,,,-39.287,,,,-38.2702,,,,-38.226,,,,-36.6773,,,,-38.988,,,,-39.4975,,,,-42.0832,,,,-40.558,,,,-40.5254,,,,-39.508,,,,-39.7295,,,,-39.066,,,,-40.7906,,,,-40.144
,,,,-40.575,,,,-39.0663,,,,-39.287,,,,-38.2702,,,,-38.226,,,,-36.6773,,,,-39.0,,,,-39.5307,,,,-42.0832,,,,-40.558,,,,-40.5254,,,,-39.508,,,,-39.7295,,,,-39.066,,,,-40.7906,,,,-40.161
,,,,-40.608,,,,-39.0995,,,,-39.32,,,,-38.3034,,,,-38.237,,,,-36.6773,,,,-39.0,,,,-39.4975,,,,-42.1163,,,,-40.591,,,,-40.5585,,,,-39.53,,,,-39.7295,,,,-39.077,,,,-40.8237,,,,-40.161
,,,,-40.591,,,,-39.0332,,,,-39.298,,,,-38.3034,,,,-38.248,,,,-36.7105,,,,-39.022,,,,-39.5307,,,,-42.1494,,,,-40.58,,,,-40.5585,,,,-39.53,,,,-39.7295,,,,-39.088,,,,-40.8237,,,,-40.177
,,,,-40.641,,,,-39.1327,,,,-39.332,,,,-38.3034,,,,-38.27,,,,-36.7436,,,,-39.044,,,,-39.5638,,,,-42.1494,,,,-40.614,,,,-40.5585,,,,-39.542,,,,-39.7628,,,,-39.11,,,,-40.8237,,,,-40.194
,,,,-40.658,,,,-39.1658,,,,-39.365,,,,-38.3698,,,,-38.314,,,,-36.7769,,,,-39.077,,,,-39.597,,,,-42.1494,,,,-40.625,,,,-40.5585,,,,-39.575,,,,-39.796,,,,-39.143,,,,-40.8569,,,,-40.227
,,,,-40.641,,,,-39.1327,,,,-39.354,,,,-38.3366,,,,-38.303,,,,-36.7769,,,,-39.077,,,,-39.597,,,,-42.1494,,,,-40.625,,,,-40.5917,,,,-39.575,,,,-39.796,,,,-39.143,,,,-40.8569,,,,-40.227
,,,,-40.691,,,,-39.1658,,,,-39.387,,,,-38.4028,,,,-38.325,,,,-36.7769,,,,-39.077,,,,-39.597,,,,-42.2156,,,,-40.658,,,,-40.5917,,,,-39.597,,,,-39.796,,,,-39.143,,,,-40.8569,,,,-40.227
,,,,-40.707,,,,-39.199,,,,-39.398,,,,-38.3698,,,,-38.325,,,,-36.7769,,,,-39.088,,,,-39.6302,,,,-42.2156,,,,-40.68,,,,-40.6249,,,,-39.608,,,,-39.8291,,,,-39.154,,,,-40.8569,,,,-40.244
,,,,-40.724,,,,-39.2321,,,,-39.42,,,,-38.4028,,,,-38.347,,,,-36.81,,,,-39.11,,,,-39.6302,,,,-42.2156,,,,-40.691,,,,-40.6249,,,,-39.619,,,,-39.8291,,,,-39.176,,,,-40.89,,,,-40.26
,,,,-40.707,,,,-39.199,,,,-39.398,,,,-38.3698,,,,-38.347,,,,-36.8432,,,,-39.121,,,,-39.6302,,,,-42.2156,,,,-40.68,,,,-40.6249,,,,-39.608,,,,-39.8291,,,,-39.187,,,,-40.89,,,,-40.26
,,,,-40.74,,,,-39.2321,,,,-39.42,,,,-38.3698,,,,-38.336,,,,-36.81,,,,-39.132,,,,-39.6634,,,,-42.2488,,,,-40.713,,,,-40.658,,,,-39.619,,,,-39.8291,,,,-39.187,,,,-40.9232,,,,-40.293
,,,,-40.724,,,,-39.2321,,,,-39.431,,,,-38.4028,,,,-38.369,,,,-36.8432,,,,-39.143,,,,-39.6634,,,,-42.2156,,,,-40.702,,,,-40.658,,,,-39.641,,,,-39.8623,,,,-39.21,,,,-40.9232,,,,-40.293
,,,,-40.757,,,,-39.2654,,,,-39.475,,,,-38.4693,,,,-38.403,,,,-36.8764,,,,-39.165,,,,-39.6965,,,,-42.2488,,,,-40.735,,,,-40.6912,,,,-39.674,,,,-39.8623,,,,-39.221,,,,-40.9232,,,,-40.31
,,,,-40.757,,,,-39.2654,,,,-39.464,,,,-38.4361,,,,-38.403,,,,-36.8764,,,,-39.165,,,,-39.6965,,,,-42.2488,,,,-40.735,,,,-40.6912,,,,-39.674,,,,-39.8954,,,,-39.232,,,,-40.9232,,,,-40.31
,,,,-40.79,,,,-39.2986,,,,-39.464,,,,-38.3698,,,,-38.369,,,,-36.8764,,,,-39.176,,,,-39.6965,,,,-42.2819,,,,-40.768,,,,-40.7243,,,,-39.652,,,,-39.8623,,,,-39.232,,,,-40.9564,,,,-40.326
,,,,-40.757,,,,-39.2321,,,,-39.497,,,,-38.5356,,,,-38.458,,,,-36.9096,,,,-39.198,,,,-39.7295,,,,-42.2819,,,,-40.746,,,,-40.7243,,,,-39.73,,,,-39.9286,,,,-39.265,,,,-40.9564,,,,-40.343
,,,,-40.823,,,,-39.3649,,,,-39.52,,,,-38.4693,,,,-38.447,,,,-36.9428,,,,-39.221,,,,-39.7295,,,,-42.2819,,,,-40.79,,,,-40.7243,,,,-39.707,,,,-39.9286,,,,-39.287,,,,-40.9895,,,,-40.36
,,,,-40.84,,,,-39.3649,,,,-39.553,,,,-38.5687,,,,-38.491,,,,-36.9428,,,,-39.221,,,,-39.7628,,,,-42.3151,,,,-40.801,,,,-40.7243,,,,-39.752,,,,-39.9618,,,,-39.287,,,,-40.9564,,,,-40.36
,,,,-40.857,,,,-39.3649,,,,-39.542,,,,-38.5024,,,,-38.48,,,,-36.976,,,,-39.243,,,,-39.7295,,,,-42.3482,,,,-40.824,,,,-40.7575,,,,-39.741,,,,-39.9618,,,,-39.32,,,,-41.0227,,,,-40.376
,,,,-40.857,,,,-39.3649,,,,-39.553,,,,-38.5356,,,,-38.491,,,,-36.976,,,,-39.254,,,,-39.796,,,,-42.3482,,,,-40.824,,,,-40.7575,,,,-39.752,,,,-39.9618,,,,-39.309,,,,-40.9895,,,,-40.393
,,,,-40.84,,,,-39.3317,,,,-39.542,,,,-38.5356,,,,-38.513,,,,-37.0092,,,,-39.265,,,,-39.796,,,,-42.3482,,,,-40.812,,,,-40.7575,,,,-39.763,,,,-39.9949,,,,-39.331,,,,-40.9895,,,,-40.393
,,,,-40.873,,,,-39.3649,,,,-39.586,,,,-38.602,,,,-38.524,,,,-36.976,,,,-39.265,,,,-39.796,,,,-42.3813,,,,-40.846,,,,-40.7906,,,,-39.796,,,,-39.9949,,,,-39.331,,,,-41.0227,,,,-40.409
,,,,-40.973,,,,-39.4975,,,,-39.652,,,,-38.602,,,,-38.58,,,,-37.1088,,,,-39.342,,,,-39.8623,,,,-42.4476,,,,-40.934,,,,-40.8569,,,,-39.829,,,,-40.0281,,,,-39.398,,,,-41.0558,,,,-40.459
,,,,-40.939,,,,-39.4312,,,,-39.641,,,,-38.6352,,,,-38.602,,,,-37.1088,,,,-39.353,,,,-39.8954,,,,-42.4476,,,,-40.912,,,,-40.8569,,,,-39.851,,,,-40.0611,,,,-39.409,,,,-41.0558,,,,-40.476
,,,,-40.972,,,,-39.4643,,,,-39.652,,,,-38.6352,,,,-38.591,,,,-37.0755,,,,-39.353,,,,-39.8954,,,,-42.4807,,,,-40.934,,,,-40.8569,,,,-39.851,,,,-40.0611,,,,-39.409,,,,-41.089,,,,-40.492
,,,,-41.006,,,,-39.5638,,,,-39.718,,,,-38.7015,,,,-38.646,,,,-37.142,,,,-39.387,,,,-39.9286,,,,-42.4476,,,,-40.967,,,,-40.89,,,,-39.895,,,,-40.0944,,,,-39.442,,,,-41.089,,,,-40.509
,,,,-41.006,,,,-39.5307,,,,-39.707,,,,-38.7015,,,,-38.646,,,,-37.142,,,,-39.398,,,,-39.9286,,,,-42.4807,,,,-40.967,,,,-40.89,,,,-39.895,,,,-40.0944,,,,-39.453,,,,-41.1221,,,,-40.525
,,,,-41.039,,,,-39.5638,,,,-39.741,,,,-38.7346,,,,-38.668,,,,-37.142,,,,-39.409,,,,-39.9618,,,,-42.5139,,,,-41.0,,,,-40.9232,,,,-39.928,,,,-40.1275,,,,-39.464,,,,-41.1221,,,,-40.542
,,,,-41.039,,,,-39.5638,,,,-39.718,,,,-38.7015,,,,-38.668,,,,-37.1752,,,,-39.42,,,,-39.9618,,,,-42.5139,,,,-40.989,,,,-40.89,,,,-39.906,,,,-40.1275,,,,-39.475,,,,-41.1221,,,,-40.542
,,,,-41.039,,,,-39.597,,,,-39.741,,,,-38.7015,,,,-38.679,,,,-37.2084,,,,-39.442,,,,-39.9949,,,,-42.4807,,,,-41.0,,,,-40.9232,,,,-39.917,,,,-40.1275,,,,-39.486,,,,-41.1221,,,,-40.558
,,,,-41.072,,,,-39.597,,,,-39.752,,,,-38.7346,,,,-38.701,,,,-37.2084,,,,-39.453,,,,-39.9949,,,,-42.5469,,,,-41.022,,,,-40.9232,,,,-39.94,,,,-40.1607,,,,-39.508,,,,-41.1552,,,,-40.575
,,,,-41.089,,,,-39.6634,,,,-39.796,,,,-38.7678,,,,-38.712,,,,-37.2084,,,,-39.464,,,,-40.0281,,,,-42.5139,,,,-41.045,,,,-40.9564,,,,-39.962,,,,-40.1607,,,,-39.508,,,,-41.1552,,,,-40.592
,,,,-41.089,,,,-39.6302,,,,-39.796,,,,-38.801,,,,-38.723,,,,-37.2084,,,,-39.464,,,,-40.0281,,,,-42.5469,,,,-41.044,,,,-40.9564,,,,-39.973,,,,-40.1607,,,,-39.508,,,,-41.1552,,,,-40.592
,,,,-41.105,,,,-39.6634,,,,-39.796,,,,-38.7678,,,,-38.723,,,,-37.2415,,,,-39.486,,,,-40.0281,,,,-42.5469,,,,-41.056,,,,-40.9564,,,,-39.962,,,,-40.1607,,,,-39.53,,,,-41.1884,,,,-40.608
,,,,-41.122,,,,-39.6634,,,,-39.796,,,,-38.7346,,,,-38.734,,,,-37.2747,,,,-39.508,,,,-40.0611,,,,-42.5801,,,,-41.078,,,,-40.9895,,,,-39.973,,,,-40.1939,,,,-39.552,,,,-41.1884,,,,-40.625
,,,,-41.171,,,,-39.7628,,,,-39.851,,,,-38.801,,,,-38.757,,,,-37.2747,,,,-39.519,,,,-40.0611,,,,-42.5801,,,,-41.111,,,,-40.9895,,,,-39.995,,,,-40.1939,,,,-39.563,,,,-41.2214,,,,-40.641
,,,,-41.138,,,,-39.6965,,,,-39.84,,,,-38.8342,,,,-38.768,,,,-37.2747,,,,-39.519,,,,-40.0611,,,,-42.5801,,,,-41.089,,,,-40.9895,,,,-40.006,,,,-40.1939,,,,-39.563,,,,-41.2214,,,,-40.641
,,,,-41.205,,,,-39.7628,,,,-39.917,,,,-38.9005,,,,-38.856,,,,-37.3743,,,,-39.619,,,,-40.1939,,,,-42.6464,,,,-41.166,,,,-41.089,,,,-40.094,,,,-40.2934,,,,-39.652,,,,-41.2878,,,,-40.741
,,,,-41.271,,,,-39.8291,,,,-39.984,,,,-39.0,,,,-38.9,,,,-37.4074,,,,-39.63,,,,-40.1939,,,,-42.7126,,,,-41.221,,,,-41.1221,,,,-40.138,,,,-40.2934,,,,-39.663,,,,-41.2878,,,,-40.741
,,,,-41.254,,,,-39.796,,,,-39.973,,,,-39.0,,,,-38.933,,,,-37.4738,,,,-39.674,,,,-40.227,,,,-42.7126,,,,-41.21,,,,-41.1221,,,,-40.15,,,,-40.3265,,,,-39.707,,,,-41.321,,,,-40.774
,,,,-41.304,,,,-39.8623,,,,-40.017,,,,-39.0332,,,,-38.956,,,,-37.4738,,,,-39.685,,,,-40.2602,,,,-42.7458,,,,-41.254,,,,-41.1552,,,,-40.183,,,,-40.3597,,,,-39.718,,,,-41.321,,,,-40.791
,,,,-41.337,,,,-39.9286,,,,-40.039,,,,-39.0332,,,,-38.978,,,,-37.5402,,,,-39.729,,,,-40.2934,,,,-42.7458,,,,-41.277,,,,-41.1552,,,,-40.183,,,,-40.3597,,,,-39.751,,,,-41.3541,,,,-40.824
,,,,-41.321,,,,-39.8623,,,,-40.05,,,,-39.0995,,,,-39.0,,,,-37.507,,,,-39.718,,,,-40.2934,,,,-42.7789,,,,-41.277,,,,-41.1884,,,,-40.227,,,,-40.3927,,,,-39.751,,,,-41.3541,,,,-40.824
,,,,-41.354,,,,-39.9286,,,,-40.072,,,,-39.0995,,,,-39.022,,,,-37.5402,,,,-39.74,,,,-40.3265,,,,-42.7789,,,,-41.299,,,,-41.1884,,,,-40.238,,,,-40.426,,,,-39.773,,,,-41.3541,,,,-40.84
,,,,-41.354,,,,-39.9286,,,,-40.072,,,,-39.0995,,,,-39.033,,,,-37.5733,,,,-39.751,,,,-40.3265,,,,-42.7789,,,,-41.299,,,,-41.1884,,,,-40.238,,,,-40.426,,,,-39.784,,,,-41.3541,,,,-40.84
,,,,-41.387,,,,-39.9618,,,,-40.072,,,,-39.0663,,,,-39.022,,,,-37.5733,,,,-39.762,,,,-40.3265,,,,-42.812,,,,-41.321,,,,-41.1884,,,,-40.227,,,,-40.426,,,,-39.796,,,,-41.3872,,,,-40.857
,,,,-41.387,,,,-39.9618,,,,-40.094,,,,-39.0995,,,,-39.055,,,,-37.6066,,,,-39.784,,,,-40.3597,,,,-42.812,,,,-41.332,,,,-41.2214,,,,-40.26,,,,-40.4591,,,,-39.818,,,,-41.3872,,,,-40.873
,,,,-41.37,,,,-39.9286,,,,-40.083,,,,-39.0995,,,,-39.055,,,,-37.6066,,,,-39.784,,,,-40.3597,,,,-42.812,,,,-41.321,,,,-41.2214,,,,-40.26,,,,-40.4591,,,,-39.818,,,,-41.3872,,,,-40.873
,,,,-41.42,,,,-40.0281,,,,-40.15,,,,-39.1658,,,,-39.077,,,,-37.6066,,,,-39.807,,,,-40.3927,,,,-42.812,,,,-41.365,,,,-41.2547,,,,-40.293,,,,-40.4591,,,,-39.829,,,,-41.4204,,,,-40.907
,,,,-41.387,,,,-39.9286,,,,-40.094,,,,-39.0995,,,,-39.077,,,,-37.6398,,,,-39.829,,,,-40.426,,,,-42.8451,,,,-41.343,,,,-41.2547,,,,-40.282,,,,-40.4923,,,,-39.851,,,,-41.4204,,,,-40.923
,,,,-41.42,,,,-39.9949,,,,-40.138,,,,-39.1658,,,,-39.099,,,,-37.6398,,,,-39.818,,,,-40.3927,,,,-42.8451,,,,-41.365,,,,-41.2547,,,,-40.304,,,,-40.4923,,,,-39.851,,,,-41.4204,,,,-40.907
,,,,-41.47,,,,-40.0944,,,,-40.183,,,,-39.199,,,,-39.121,,,,-37.6398,,,,-39.829,,,,-40.426,,,,-42.8451,,,,-41.398,,,,-41.2547,,,,-40.326,,,,-40.5254,,,,-39.862,,,,-41.4204,,,,-40.923
,,,,-41.47,,,,-40.0611,,,,-40.172,,,,-39.1658,,,,-39.121,,,,-37.673,,,,-39.84,,,,-40.426,,,,-42.8782,,,,-41.409,,,,-41.2878,,,,-40.326,,,,-40.5254,,,,-39.873,,,,-41.4204,,,,-40.923
,,,,-41.486,,,,-40.0944,,,,-40.183,,,,-39.1658,,,,-39.121,,,,-37.673,,,,-39.851,,,,-40.426,,,,-42.8782,,,,-41.42,,,,-41.2878,,,,-40.326,,,,-40.5254,,,,-39.884,,,,-41.4535,,,,-40.94
,,,,-41.47,,,,-40.0611,,,,-40.194,,,,-39.2321,,,,-39.155,,,,-37.673,,,,-39.862,,,,-40.4591,,,,-42.8782,,,,-41.409,,,,-41.2878,,,,-40.359,,,,-40.5585,,,,-39.895,,,,-41.4535,,,,-40.956
,,,,-41.47,,,,-40.0611,,,,-40.194,,,,-39.2321,,,,-39.166,,,,-37.7062,,,,-39.884,,,,-40.4591,,,,-42.8782,,,,-41.409,,,,-41.2878,,,,-40.359,,,,-40.5585,,,,-39.917,,,,-41.4866,,,,-40.973
,,,,-41.519,,,,-40.1275,,,,-40.216,,,,-39.199,,,,-39.166,,,,-37.7392,,,,-39.906,,,,-40.4923,,,,-42.9114,,,,-41.453,,,,-41.321,,,,-40.36,,,,-40.5585,,,,-39.928,,,,-41.4866,,,,-40.989
,,,,-41.536,,,,-40.1275,,,,-40.227,,,,-39.2321,,,,-39.177,,,,-37.7392,,,,-39.906,,,,-40.4923,,,,-42.9445,,,,-41.464,,,,-41.321,,,,-40.371,,,,-40.5585,,,,-39.928,,,,-41.4866,,,,-40.989
,,,,-41.486,,,,-40.0611,,,,-40.216,,,,-39.2321,,,,-39.188,,,,-37.7392,,,,-39.917,,,,-40.5254,,,,-42.9114,,,,-41.442,,,,-41.3541,,,,-40.393,,,,-40.5917,,,,-39.939,,,,-41.4866,,,,-41.006
,,,,-41.553,,,,-40.1607,,,,-40.238,,,,-39.199,,,,-39.188,,,,-37.7725,,,,-39.917,,,,-40.4923,,,,-42.9445,,,,-41.486,,,,-41.3541,,,,-40.382,,,,-40.5917,,,,-39.95,,,,-41.4866,,,,-40.989
,,,,-41.536,,,,-40.1275,,,,-40.271,,,,-39.2986,,,,-39.221,,,,-37.7725,,,,-39.95,,,,-40.5254,,,,-42.9445,,,,-41.486,,,,-41.3872,,,,-40.426,,,,-40.5917,,,,-39.972,,,,-41.5529,,,,-41.039
,,,,-41.586,,,,-40.1939,,,,-40.326,,,,-39.3649,,,,-39.276,,,,-37.8389,,,,-39.983,,,,-40.5585,,,,-42.9776,,,,-41.531,,,,-41.4204,,,,-40.47,,,,-40.6249,,,,-40.006,,,,-41.5529,,,,-41.056
,,,,-41.636,,,,-40.2602,,,,-40.315,,,,-39.2986,,,,-39.254,,,,-37.8389,,,,-39.972,,,,-40.5585,,,,-43.0108,,,,-41.553,,,,-41.3872,,,,-40.437,,,,-40.6249,,,,-39.995,,,,-41.5198,,,,-41.039
,,,,-41.602,,,,-40.1939,,,,-40.315,,,,-39.3649,,,,-39.276,,,,-37.8389,,,,-39.994,,,,-40.5917,,,,-43.0108,,,,-41.531,,,,-41.3872,,,,-40.459,,,,-40.6249,,,,-40.006,,,,-41.5529,,,,-41.072
,,,,-41.619,,,,-40.227,,,,-40.337,,,,-39.3649,,,,-39.298,,,,-37.8721,,,,-40.006,,,,-40.5917,,,,-43.0108,,,,-41.553,,,,-41.4204,,,,-40.481,,,,-40.658,,,,-40.028,,,,-41.5529,,,,-41.072
,,,,-41.635,,,,-40.227,,,,-40.337,,,,-39.3317,,,,-39.287,,,,-37.8721,,,,-40.017,,,,-40.5917,,,,-43.0438,,,,-41.575,,,,-41.4535,,,,-40.481,,,,-40.658,,,,-40.039,,,,-41.5861,,,,-41.089
,,,,-41.669,,,,-40.2934,,,,-40.36,,,,-39.3317,,,,-39.298,,,,-37.8721,,,,-40.017,,,,-40.6249,,,,-43.0438,,,,-41.597,,,,-41.4535,,,,-40.492,,,,-40.6912,,,,-40.039,,,,-41.5529,,,,-41.089
,,,,-41.652,,,,-40.2602,,,,-40.404,,,,-39.4643,,,,-39.342,,,,-37.9052,,,,-40.039,,,,-40.658,,,,-43.0438,,,,-41.597,,,,-41.4866,,,,-40.536,,,,-40.658,,,,-40.039,,,,-41.5529,,,,-41.105
,,,,-41.669,,,,-40.2602,,,,-40.371,,,,-39.3979,,,,-39.342,,,,-37.9384,,,,-40.061,,,,-40.658,,,,-43.077,,,,-41.597,,,,-41.4535,,,,-40.514,,,,-40.6912,,,,-40.072,,,,-41.5861,,,,-41.122
,,,,-41.669,,,,-40.2602,,,,-40.371,,,,-39.3649,,,,-39.332,,,,-37.9384,,,,-40.072,,,,-40.658,,,,-43.077,,,,-41.608,,,,-41.4866,,,,-40.514,,,,-40.6912,,,,-40.083,,,,-41.6192,,,,-41.139
,,,,-41.702,,,,-40.3265,,,,-40.426,,,,-39.4643,,,,-39.376,,,,-37.9384,,,,-40.072,,,,-40.658,,,,-43.077,,,,-41.63,,,,-41.4866,,,,-40.558,,,,-40.7243,,,,-40.094,,,,-41.6192,,,,-41.139
,,,,-41.735,,,,-40.3597,,,,-40.448,,,,-39.4643,,,,-39.387,,,,-37.9716,,,,-40.105,,,,-40.7243,,,,-43.1102,,,,-41.663,,,,-41.5198,,,,-40.569,,,,-40.7243,,,,-40.105,,,,-41.6192,,,,-41.172
,,,,-41.718,,,,-40.3265,,,,-40.437,,,,-39.4643,,,,-39.398,,,,-37.9716,,,,-40.094,,,,-40.6912,,,,-43.1102,,,,-41.652,,,,-41.5198,,,,-40.581,,,,-40.7575,,,,-40.116,,,,-41.6192,,,,-41.155
,,,,-41.735,,,,-40.3597,,,,-40.448,,,,-39.4643,,,,-39.409,,,,-38.0048,,,,-40.116,,,,-40.7243,,,,-43.1102,,,,-41.663,,,,-41.5198,,,,-40.581,,,,-40.7575,,,,-40.127,,,,-41.6192,,,,-41.172
,,,,-41.751,,,,-40.3597,,,,-40.459,,,,-39.4975,,,,-39.409,,,,-37.9716,,,,-40.116,,,,-40.7243,,,,-43.1432,,,,-41.674,,,,-41.5198,,,,-40.592,,,,-40.7575,,,,-40.127,,,,-41.6524,,,,-41.188
,,,,-41.768,,,,-40.3927,,,,-40.47,,,,-39.4975,,,,-39.42,,,,-38.0048,,,,-40.138,,,,-40.7575,,,,-43.1432,,,,-41.685,,,,-41.5198,,,,-40.592,,,,-40.7575,,,,-40.138,,,,-41.6524,,,,-41.205
,,,,-41.785,,,,-40.426,,,,-40.503,,,,-39.5307,,,,-39.453,,,,-38.038,,,,-40.149,,,,-40.7575,,,,-43.1432,,,,-41.707,,,,-41.5529,,,,-40.625,,,,-40.7906,,,,-40.16,,,,-41.6524,,,,-41.205
,,,,-41.751,,,,-40.3597,,,,-40.481,,,,-39.4975,,,,-39.453,,,,-38.071,,,,-40.16,,,,-40.7575,,,,-43.1432,,,,-41.696,,,,-41.5861,,,,-40.625,,,,-40.7906,,,,-40.171,,,,-41.6524,,,,-41.205
,,,,-41.768,,,,-40.3927,,,,-40.514,,,,-39.5638,,,,-39.475,,,,-38.071,,,,-40.16,,,,-40.7575,,,,-43.1432,,,,-41.707,,,,-41.5861,,,,-40.647,,,,-40.7906,,,,-40.171,,,,-41.6524,,,,-41.205
,,,,-41.818,,,,-40.4591,,,,-40.536,,,,-39.5638,,,,-39.475,,,,-38.071,,,,-40.193,,,,-40.8237,,,,-43.1764,,,,-41.741,,,,-41.5861,,,,-40.647,,,,-40.7906,,,,-40.182,,,,-41.6855,,,,-41.255
,,,,-41.801,,,,-40.3927,,,,-40.514,,,,-39.5638,,,,-39.497,,,,-38.071,,,,-40.182,,,,-40.7906,,,,-43.2094,,,,-41.729,,,,-41.5861,,,,-40.669,,,,-40.8569,,,,-40.204,,,,-41.6855,,,,-41.238
,,,,-41.818,,,,-40.4591,,,,-40.536,,,,-39.5638,,,,-39.508,,,,-38.1043,,,,-40.216,,,,-40.8569,,,,-43.1764,,,,-41.741,,,,-41.5861,,,,-40.669,,,,-40.8569,,,,-40.216,,,,-41.6855,,,,-41.271
,,,,-41.851,,,,-40.5254,,,,-40.581,,,,-39.597,,,,-39.53,,,,-38.1375,,,,-40.227,,,,-40.8569,,,,-43.1764,,,,-41.774,,,,-41.6192,,,,-40.691,,,,-40.8569,,,,-40.227,,,,-41.6855,,,,-41.271
,,,,-41.851,,,,-40.4923,,,,-40.581,,,,-39.597,,,,-39.542,,,,-38.1375,,,,-40.238,,,,-40.8569,,,,-43.2094,,,,-41.785,,,,-41.6524,,,,-40.713,,,,-40.89,,,,-40.249,,,,-41.7186,,,,-41.288
,,,,-41.917,,,,-40.5585,,,,-40.636,,,,-39.6634,,,,-39.575,,,,-38.1707,,,,-40.271,,,,-40.89,,,,-43.2757,,,,-41.84,,,,-41.6855,,,,-40.746,,,,-40.89,,,,-40.271,,,,-41.7518,,,,-41.321
,,,,-41.884,,,,-40.5254,,,,-40.614,,,,-39.6302,,,,-39.575,,,,-38.1707,,,,-40.271,,,,-40.89,,,,-43.2426,,,,-41.818,,,,-41.6855,,,,-40.746,,,,-40.9232,,,,-40.282,,,,-41.7518,,,,-41.321
,,,,-41.934,,,,-40.5917,,,,-40.647,,,,-39.6634,,,,-39.597,,,,-38.2039,,,,-40.282,,,,-40.89,,,,-43.2757,,,,-41.851,,,,-41.6855,,,,-40.757,,,,-40.9232,,,,-40.293,,,,-41.7518,,,,-41.321
,,,,-41.884,,,,-40.5254,,,,-40.636,,,,-39.6634,,,,-39.608,,,,-38.2039,,,,-40.293,,,,-40.9232,,,,-43.2426,,,,-41.829,,,,-41.7186,,,,-40.779,,,,-40.9564,,,,-40.304,,,,-41.7518,,,,-41.338
,,,,-41.95,,,,-40.6249,,,,-40.669,,,,-39.6965,,,,-39.619,,,,-38.237,,,,-40.315,,,,-40.9232,,,,-43.2757,,,,-41.862,,,,-41.6855,,,,-40.768,,,,-40.9232,,,,-40.315,,,,-41.785,,,,-41.354
,,,,-41.967,,,,-40.658,,,,-40.68,,,,-39.6634,,,,-39.619,,,,-38.237,,,,-40.326,,,,-40.9564,,,,-43.2757,,,,-41.884,,,,-41.7186,,,,-40.779,,,,-40.9564,,,,-40.326,,,,-41.785,,,,-41.371
,,,,-41.95,,,,-40.6249,,,,-40.669,,,,-39.6634,,,,-39.619,,,,-38.237,,,,-40.337,,,,-40.9564,,,,-43.2757,,,,-41.873,,,,-41.7186,,,,-40.779,,,,-40.9564,,,,-40.337,,,,-41.818,,,,-41.387
,,,,-41.983,,,,-40.658,,,,-40.691,,,,-39.6965,,,,-39.641,,,,-38.2702,,,,-40.337,,,,-40.9564,,,,-43.3089,,,,-41.895,,,,-41.7186,,,,-40.79,,,,-40.9564,,,,-40.337,,,,-41.785,,,,-41.371
,,,,-41.967,,,,-40.6249,,,,-40.713,,,,-39.7628,,,,-39.674,,,,-38.3034,,,,-40.37,,,,-40.9895,,,,-43.3089,,,,-41.895,,,,-41.7518,,,,-40.824,,,,-40.9564,,,,-40.359,,,,-41.818,,,,-41.404
,,,,-42.0,,,,-40.6912,,,,-40.735,,,,-39.7628,,,,-39.685,,,,-38.3034,,,,-40.37,,,,-40.9895,,,,-43.3089,,,,-41.917,,,,-41.7518,,,,-40.835,,,,-40.9895,,,,-40.37,,,,-41.818,,,,-41.404
,,,,-42.017,,,,-40.6912,,,,-40.735,,,,-39.7628,,,,-39.685,,,,-38.3034,,,,-40.381,,,,-41.0227,,,,-43.342,,,,-41.928,,,,-41.7518,,,,-40.835,,,,-40.9895,,,,-40.37,,,,-41.818,,,,-41.42
,,,,-42.033,,,,-40.7243,,,,-40.768,,,,-39.796,,,,-39.707,,,,-38.3034,,,,-40.381,,,,-41.0227,,,,-43.342,,,,-41.95,,,,-41.785,,,,-40.868,,,,-41.0227,,,,-40.381,,,,-41.818,,,,-41.42
,,,,-42.0,,,,-40.658,,,,-40.735,,,,-39.7628,,,,-39.707,,,,-38.3366,,,,-40.392,,,,-41.0227,,,,-43.342,,,,-41.928,,,,-41.785,,,,-40.857,,,,-41.0227,,,,-40.392,,,,-41.818,,,,-41.42
,,,,-42.033,,,,-40.7243,,,,-40.768,,,,-39.796,,,,-39.718,,,,-38.3366,,,,-40.403,,,,-41.0558,,,,-43.342,,,,-41.95,,,,-41.785,,,,-40.868,,,,-41.0227,,,,-40.392,,,,-41.818,,,,-41.437
,,,,-42.05,,,,-40.7243,,,,-40.768,,,,-39.796,,,,-39.729,,,,-38.3698,,,,-40.415,,,,-41.0558,,,,-43.375,,,,-41.961,,,,-41.785,,,,-40.868,,,,-41.0227,,,,-40.404,,,,-41.818,,,,-41.437
,,,,-42.033,,,,-40.7243,,,,-40.779,,,,-39.796,,,,-39.741,,,,-38.3698,,,,-40.426,,,,-41.0558,,,,-43.342,,,,-41.961,,,,-41.818,,,,-40.89,,,,-41.0558,,,,-40.426,,,,-41.8512,,,,-41.454
,,,,-42.083,,,,-40.7906,,,,-40.824,,,,-39.8623,,,,-39.774,,,,-38.4028,,,,-40.437,,,,-41.0558,,,,-43.375,,,,-41.995,,,,-41.818,,,,-40.912,,,,-41.0558,,,,-40.437,,,,-41.8512,,,,-41.454
,,,,-42.066,,,,-40.7575,,,,-40.802,,,,-39.8291,,,,-39.752,,,,-38.4028,,,,-40.459,,,,-41.1221,,,,-43.375,,,,-41.984,,,,-41.818,,,,-40.89,,,,-41.0227,,,,-40.426,,,,-41.8512,,,,-41.487
,,,,-42.083,,,,-40.7906,,,,-40.835,,,,-39.8954,,,,-39.785,,,,-38.4028,,,,-40.448,,,,-41.089,,,,-43.375,,,,-41.995,,,,-41.818,,,,-40.923,,,,-41.0558,,,,-40.437,,,,-41.8512,,,,-41.47
,,,,-42.066,,,,-40.7575,,,,-40.835,,,,-39.8954,,,,-39.807,,,,-38.4361,,,,-40.47,,,,-41.1221,,,,-43.375,,,,-41.995,,,,-41.8512,,,,-40.945,,,,-41.089,,,,-40.459,,,,-41.8512,,,,-41.487
,,,,-42.099,,,,-40.7906,,,,-40.846,,,,-39.8954,,,,-39.807,,,,-38.4361,,,,-40.481,,,,-41.1221,,,,-43.4082,,,,-42.017,,,,-41.8512,,,,-40.945,,,,-41.089,,,,-40.47,,,,-41.8842,,,,-41.503
,,,,-42.133,,,,-40.8237,,,,-40.868,,,,-39.8954,,,,-39.818,,,,-38.4693,,,,-40.492,,,,-41.1221,,,,-43.4414,,,,-42.05,,,,-41.8842,,,,-40.956,,,,-41.089,,,,-40.481,,,,-41.8842,,,,-41.503
,,,,-42.149,,,,-40.8237,,,,-40.868,,,,-39.8623,,,,-39.818,,,,-38.4693,,,,-40.514,,,,-41.1552,,,,-43.4745,,,,-42.072,,,,-41.9174,,,,-40.967,,,,-41.1221,,,,-40.503,,,,-41.9174,,,,-41.536
,,,,-42.166,,,,-40.7906,,,,-40.923,,,,-39.9949,,,,-39.873,,,,-38.5024,,,,-40.547,,,,-41.1552,,,,-43.5406,,,,-42.105,,,,-41.9837,,,,-41.034,,,,-41.1221,,,,-40.536,,,,-41.9837,,,,-41.569
,,,,-42.199,,,,-40.7906,,,,-40.923,,,,-39.9618,,,,-39.884,,,,-38.5024,,,,-40.558,,,,-41.1552,,,,-43.6069,,,,-42.138,,,,-42.0169,,,,-41.056,,,,-41.1884,,,,-40.569,,,,-42.0169,,,,-41.586
,,,,-42.248,,,,-40.8237,,,,-40.978,,,,-39.9949,,,,-39.906,,,,-38.5356,,,,-40.591,,,,-41.1884,,,,-43.6732,,,,-42.204,,,,-42.1163,,,,-41.1,,,,-41.1884,,,,-40.591,,,,-42.05,,,,-41.619
,,,,-42.414,,,,-40.9564,,,,-41.1,,,,-40.0611,,,,-39.962,,,,-38.5687,,,,-40.68,,,,-41.2878,,,,-43.8718,,,,-42.37,,,,-42.2819,,,,-41.199,,,,-41.2547,,,,-40.669,,,,-42.1825,,,,-41.735
,,,,-42.48,,,,-40.9564,,,,-41.166,,,,-40.1939,,,,-40.05,,,,-38.6352,,,,-40.735,,,,-41.3541,,,,-44.0043,,,,-42.436,,,,-42.3482,,,,-41.288,,,,-41.321,,,,-40.724,,,,-42.2156,,,,-41.785
,,,,-42.596,,,,-41.089,,,,-41.244,,,,-40.227,,,,-40.094,,,,-38.7015,,,,-40.801,,,,-41.3872,,,,-44.1037,,,,-42.536,,,,-42.4145,,,,-41.332,,,,-41.3541,,,,-40.79,,,,-42.3151,,,,-41.851
,,,,-42.596,,,,-41.0558,,,,-41.288,,,,-40.2934,,,,-40.149,,,,-38.7346,,,,-40.834,,,,-41.4204,,,,-44.1368,,,,-42.569,,,,-42.5139,,,,-41.409,,,,-41.4204,,,,-40.834,,,,-42.3482,,,,-41.884
,,,,-42.629,,,,-41.0558,,,,-41.31,,,,-40.2934,,,,-40.149,,,,-38.7346,,,,-40.868,,,,-41.4535,,,,-44.2029,,,,-42.613,,,,-42.5801,,,,-41.431,,,,-41.4204,,,,-40.857,,,,-42.4145,,,,-41.934
,,,,-42.696,,,,-41.1221,,,,-41.354,,,,-40.3265,,,,-40.183,,,,-38.7678,,,,-40.901,,,,-41.4866,,,,-44.2692,,,,-42.668,,,,-42.6133,,,,-41.464,,,,-41.4535,,,,-40.89,,,,-42.4476,,,,-41.967
,,,,-42.712,,,,-41.0558,,,,-41.354,,,,-40.3265,,,,-40.205,,,,-38.801,,,,-40.934,,,,-41.4866,,,,-44.3685,,,,-42.701,,,,-42.6795,,,,-41.498,,,,-41.4866,,,,-40.934,,,,-42.5139,,,,-42.0
,,,,-42.845,,,,-41.2214,,,,-41.453,,,,-40.3927,,,,-40.249,,,,-38.8342,,,,-40.978,,,,-41.5529,,,,-44.4679,,,,-42.812,,,,-42.7458,,,,-41.553,,,,-41.5198,,,,-40.967,,,,-42.5469,,,,-42.05
,,,,-42.845,,,,-41.1884,,,,-41.464,,,,-40.426,,,,-40.293,,,,-38.8673,,,,-41.011,,,,-41.5861,,,,-44.5009,,,,-42.823,,,,-42.7789,,,,-41.597,,,,-41.5861,,,,-41.011,,,,-42.5801,,,,-42.083
,,,,-42.911,,,,-41.2547,,,,-41.498,,,,-40.426,,,,-40.304,,,,-38.9005,,,,-41.044,,,,-41.5861,,,,-44.5672,,,,-42.878,,,,-42.812,,,,-41.608,,,,-41.5861,,,,-41.044,,,,-42.6464,,,,-42.116
,,,,-42.894,,,,-41.1884,,,,-41.52,,,,-40.5254,,,,-40.359,,,,-38.9005,,,,-41.066,,,,-41.6192,,,,-44.6003,,,,-42.878,,,,-42.8451,,,,-41.674,,,,-41.6524,,,,-41.077,,,,-42.6795,,,,-42.149
,,,,-42.994,,,,-41.321,,,,-41.586,,,,-40.5254,,,,-40.37,,,,-38.9337,,,,-41.111,,,,-41.6855,,,,-44.6665,,,,-42.966,,,,-42.9114,,,,-41.696,,,,-41.6524,,,,-41.1,,,,-42.7126,,,,-42.199
,,,,-43.01,,,,-41.321,,,,-41.608,,,,-40.5585,,,,-40.404,,,,-38.9669,,,,-41.144,,,,-41.7186,,,,-44.6995,,,,-42.988,,,,-42.9445,,,,-41.73,,,,-41.6855,,,,-41.133,,,,-42.7458,,,,-42.232
,,,,-43.06,,,,-41.321,,,,-41.652,,,,-40.6249,,,,-40.448,,,,-39.0,,,,-41.166,,,,-41.7186,,,,-44.7989,,,,-43.044,,,,-43.0108,,,,-41.785,,,,-41.7186,,,,-41.166,,,,-42.7789,,,,-42.249
,,,,-43.06,,,,-41.321,,,,-41.663,,,,-40.6249,,,,-40.47,,,,-39.0332,,,,-41.21,,,,-41.7518,,,,-44.7989,,,,-43.055,,,,-43.0438,,,,-41.807,,,,-41.7518,,,,-41.21,,,,-42.8451,,,,-42.298
,,,,-43.093,,,,-41.321,,,,-41.685,,,,-40.658,,,,-40.503,,,,-39.0663,,,,-41.243,,,,-41.785,,,,-44.865,,,,-43.088,,,,-43.077,,,,-41.84,,,,-41.785,,,,-41.243,,,,-42.8782,,,,-42.332
,,,,-43.159,,,,-41.4204,,,,-41.741,,,,-40.658,,,,-40.525,,,,-39.0995,,,,-41.265,,,,-41.818,,,,-44.8982,,,,-43.154,,,,-43.1432,,,,-41.873,,,,-41.818,,,,-41.265,,,,-42.8782,,,,-42.348
,,,,-43.209,,,,-41.4535,,,,-41.796,,,,-40.7575,,,,-40.558,,,,-39.0995,,,,-41.298,,,,-41.8512,,,,-44.9644,,,,-43.198,,,,-43.1764,,,,-41.917,,,,-41.818,,,,-41.287,,,,-42.9445,,,,-42.398
,,,,-43.226,,,,-41.4535,,,,-41.818,,,,-40.7906,,,,-40.614,,,,-39.1658,,,,-41.332,,,,-41.8842,,,,-44.9975,,,,-43.22,,,,-43.2094,,,,-41.961,,,,-41.8842,,,,-41.332,,,,-42.9445,,,,-42.414
,,,,-43.275,,,,-41.5198,,,,-41.84,,,,-40.7906,,,,-40.625,,,,-39.199,,,,-41.376,,,,-41.9174,,,,-45.0306,,,,-43.253,,,,-43.2094,,,,-41.961,,,,-41.8842,,,,-41.365,,,,-43.0108,,,,-42.464
,,,,-43.292,,,,-41.4866,,,,-41.862,,,,-40.8237,,,,-40.658,,,,-39.199,,,,-41.387,,,,-41.9174,,,,-45.0969,,,,-43.286,,,,-43.2757,,,,-42.017,,,,-41.9506,,,,-41.398,,,,-43.0438,,,,-42.481
,,,,-43.325,,,,-41.5529,,,,-41.895,,,,-40.8569,,,,-40.68,,,,-39.2321,,,,-41.42,,,,-41.9837,,,,-45.0969,,,,-43.308,,,,-43.2757,,,,-42.028,,,,-41.9506,,,,-41.409,,,,-43.0438,,,,-42.514
,,,,-43.375,,,,-41.6192,,,,-41.95,,,,-40.89,,,,-40.702,,,,-39.2321,,,,-41.453,,,,-42.0169,,,,-45.13,,,,-43.364,,,,-43.342,,,,-42.072,,,,-41.9837,,,,-41.442,,,,-43.1102,,,,-42.564
,,,,-43.374,,,,-41.5529,,,,-41.95,,,,-40.9232,,,,-40.735,,,,-39.2654,,,,-41.464,,,,-42.0169,,,,-45.196,,,,-43.375,,,,-43.375,,,,-42.105,,,,-42.0169,,,,-41.464,,,,-43.1102,,,,-42.564
,,,,-43.424,,,,-41.6192,,,,-41.984,,,,-40.89,,,,-40.746,,,,-39.2986,,,,-41.497,,,,-42.05,,,,-45.2292,,,,-43.43,,,,-43.4414,,,,-42.127,,,,-42.05,,,,-41.497,,,,-43.1432,,,,-42.597
,,,,-43.441,,,,-41.6192,,,,-42.006,,,,-40.9564,,,,-40.768,,,,-39.2986,,,,-41.53,,,,-42.0832,,,,-45.2623,,,,-43.441,,,,-43.4414,,,,-42.149,,,,-42.05,,,,-41.519,,,,-43.2094,,,,-42.646
,,,,-43.49,,,,-41.6855,,,,-42.05,,,,-40.9895,,,,-40.801,,,,-39.3317,,,,-41.552,,,,-42.1163,,,,-45.2954,,,,-43.485,,,,-43.4745,,,,-42.182,,,,-42.0832,,,,-41.541,,,,-43.2094,,,,-42.663
,,,,-43.639,,,,-41.818,,,,-42.182,,,,-41.1221,,,,-40.923,,,,-39.4643,,,,-41.685,,,,-42.2156,,,,-45.4609,,,,-43.629,,,,-43.6069,,,,-42.304,,,,-42.1825,,,,-41.674,,,,-43.375,,,,-42.795
,,,,-43.673,,,,-41.8512,,,,-42.215,,,,-41.1552,,,,-40.956,,,,-39.4975,,,,-41.707,,,,-42.2488,,,,-45.494,,,,-43.662,,,,-43.64,,,,-42.337,,,,-42.2156,,,,-41.696,,,,-43.375,,,,-42.812
,,,,-43.64,,,,-41.785,,,,-42.204,,,,-41.1884,,,,-40.989,,,,-39.5307,,,,-41.751,,,,-42.3151,,,,-45.494,,,,-43.64,,,,-43.64,,,,-42.359,,,,-42.2488,,,,-41.729,,,,-43.4082,,,,-42.862
,,,,-43.689,,,,-41.8512,,,,-42.238,,,,-41.1552,,,,-40.989,,,,-39.5638,,,,-41.773,,,,-42.3151,,,,-45.527,,,,-43.695,,,,-43.7062,,,,-42.37,,,,-42.2488,,,,-41.751,,,,-43.4414,,,,-42.878
,,,,-43.689,,,,-41.8512,,,,-42.249,,,,-41.1884,,,,-41.0,,,,-39.5307,,,,-41.773,,,,-42.3482,,,,-45.527,,,,-43.695,,,,-43.7062,,,,-42.392,,,,-42.2819,,,,-41.751,,,,-43.4414,,,,-42.895
,,,,-43.772,,,,-41.9506,,,,-42.304,,,,-41.2214,,,,-41.033,,,,-39.597,,,,-41.796,,,,-42.3482,,,,-45.5933,,,,-43.761,,,,-43.7394,,,,-42.414,,,,-42.2819,,,,-41.773,,,,-43.4414,,,,-42.895
,,,,-43.755,,,,-41.9174,,,,-42.315,,,,-41.2547,,,,-41.067,,,,-39.6302,,,,-41.84,,,,-42.3813,,,,-45.5933,,,,-43.761,,,,-43.7725,,,,-42.447,,,,-42.3151,,,,-41.818,,,,-43.5076,,,,-42.944
,,,,-43.805,,,,-41.9837,,,,-42.337,,,,-41.2547,,,,-41.078,,,,-39.6302,,,,-41.862,,,,-42.4145,,,,-45.6264,,,,-43.794,,,,-43.7725,,,,-42.458,,,,-42.3482,,,,-41.84,,,,-43.5406,,,,-42.978
,,,,-43.788,,,,-41.9506,,,,-42.348,,,,-41.2878,,,,-41.1,,,,-39.6302,,,,-41.873,,,,-42.4145,,,,-45.6264,,,,-43.794,,,,-43.8057,,,,-42.492,,,,-42.3813,,,,-41.862,,,,-43.5738,,,,-42.994
,,,,-43.871,,,,-42.0832,,,,-42.403,,,,-41.321,,,,-41.122,,,,-39.6634,,,,-41.906,,,,-42.4807,,,,-45.6595,,,,-43.849,,,,-43.8057,,,,-42.503,,,,-42.3813,,,,-41.873,,,,-43.5738,,,,-43.027
,,,,-43.855,,,,-42.05,,,,-42.392,,,,-41.2878,,,,-41.144,,,,-39.7295,,,,-41.928,,,,-42.4807,,,,-45.6595,,,,-43.849,,,,-43.8387,,,,-42.514,,,,-42.4145,,,,-41.906,,,,-43.5738,,,,-43.027
,,,,-43.888,,,,-42.05,,,,-42.425,,,,-41.3541,,,,-41.166,,,,-39.7295,,,,-41.95,,,,-42.5139,,,,-45.7257,,,,-43.882,,,,-43.8718,,,,-42.547,,,,-42.4145,,,,-41.917,,,,-43.6069,,,,-43.06
,,,,-43.904,,,,-42.05,,,,-42.447,,,,-41.3872,,,,-41.199,,,,-39.7628,,,,-41.972,,,,-42.5139,,,,-45.7588,,,,-43.905,,,,-43.905,,,,-42.58,,,,-42.4476,,,,-41.95,,,,-43.64,,,,-43.077
,,,,-43.938,,,,-42.1163,,,,-42.458,,,,-41.3541,,,,-41.199,,,,-39.7628,,,,-41.983,,,,-42.5469,,,,-45.7588,,,,-43.927,,,,-43.905,,,,-42.58,,,,-42.4807,,,,-41.961,,,,-43.64,,,,-43.093
,,,,-43.954,,,,-42.1494,,,,-42.492,,,,-41.3872,,,,-41.221,,,,-39.796,,,,-42.016,,,,-42.5801,,,,-45.7588,,,,-43.949,,,,-43.9381,,,,-42.602,,,,-42.4807,,,,-41.983,,,,-43.6732,,,,-43.127
,,,,-43.987,,,,-42.1825,,,,-42.525,,,,-41.4204,,,,-41.243,,,,-39.796,,,,-42.038,,,,-42.6133,,,,-45.7919,,,,-43.982,,,,-43.9712,,,,-42.635,,,,-42.5139,,,,-42.005,,,,-43.7062,,,,-43.16
,,,,-43.938,,,,-42.0832,,,,-42.514,,,,-41.4866,,,,-41.288,,,,-39.8291,,,,-42.061,,,,-42.6464,,,,-45.7919,,,,-43.949,,,,-43.9712,,,,-42.668,,,,-42.5469,,,,-42.027,,,,-43.7062,,,,-43.176
,,,,-44.02,,,,-42.1825,,,,-42.558,,,,-41.4866,,,,-41.277,,,,-39.8291,,,,-42.072,,,,-42.6464,,,,-45.858,,,,-44.015,,,,-44.0043,,,,-42.668,,,,-42.5139,,,,-42.027,,,,-43.7394,,,,-43.193
,,,,-43.987,,,,-42.1163,,,,-42.536,,,,-41.4866,,,,-41.299,,,,-39.8623,,,,-42.094,,,,-42.6795,,,,-45.858,,,,-43.993,,,,-44.0043,,,,-42.679,,,,-42.5469,,,,-42.05,,,,-43.7394,,,,-43.209
,,,,-44.02,,,,-42.1825,,,,-42.58,,,,-41.5198,,,,-41.321,,,,-39.8623,,,,-42.105,,,,-42.7126,,,,-45.858,,,,-44.026,,,,-44.0374,,,,-42.712,,,,-42.5801,,,,-42.061,,,,-43.7394,,,,-43.226
,,,,-44.053,,,,-42.2156,,,,-42.602,,,,-41.5529,,,,-41.354,,,,-39.8954,,,,-42.127,,,,-42.7126,,,,-45.8911,,,,-44.048,,,,-44.0374,,,,-42.735,,,,-42.6133,,,,-42.094,,,,-43.7725,,,,-43.243
,,,,-44.103,,,,-42.2819,,,,-42.635,,,,-41.5861,,,,-41.376,,,,-39.9286,,,,-42.149,,,,-42.7458,,,,-45.9242,,,,-44.081,,,,-44.0374,,,,-42.746,,,,-42.6133,,,,-42.105,,,,-43.7725,,,,-43.259
,,,,-44.07,,,,-42.2156,,,,-42.635,,,,-41.5861,,,,-41.376,,,,-39.9286,,,,-42.182,,,,-42.7789,,,,-45.9242,,,,-44.081,,,,-44.1037,,,,-42.768,,,,-42.6133,,,,-42.127,,,,-43.8387,,,,-43.309
,,,,-44.103,,,,-42.2488,,,,-42.657,,,,-41.6192,,,,-41.42,,,,-39.9949,,,,-42.215,,,,-42.812,,,,-45.9573,,,,-44.103,,,,-44.1037,,,,-42.79,,,,-42.6464,,,,-42.16,,,,-43.8387,,,,-43.325
,,,,-44.136,,,,-42.3151,,,,-42.69,,,,-41.6192,,,,-41.431,,,,-39.9949,,,,-42.215,,,,-42.812,,,,-45.9573,,,,-44.136,,,,-44.1368,,,,-42.812,,,,-42.6795,,,,-42.171,,,,-43.8387,,,,-43.325
,,,,-44.169,,,,-42.3813,,,,-42.723,,,,-41.6192,,,,-41.442,,,,-40.0281,,,,-42.248,,,,-42.8451,,,,-45.9573,,,,-44.169,,,,-44.1698,,,,-42.823,,,,-42.6795,,,,-42.193,,,,-43.8718,,,,-43.358
,,,,-44.186,,,,-42.3813,,,,-42.735,,,,-41.6524,,,,-41.453,,,,-40.0281,,,,-42.27,,,,-42.8782,,,,-45.9904,,,,-44.18,,,,-44.1698,,,,-42.834,,,,-42.6795,,,,-42.204,,,,-43.905,,,,-43.392
,,,,-44.169,,,,-42.3482,,,,-42.757,,,,-41.7186,,,,-41.497,,,,-40.0611,,,,-42.281,,,,-42.8782,,,,-45.9904,,,,-44.18,,,,-44.2029,,,,-42.878,,,,-42.7126,,,,-42.226,,,,-43.905,,,,-43.392
,,,,-44.236,,,,-42.4145,,,,-42.757,,,,-41.6524,,,,-41.486,,,,-40.0611,,,,-42.292,,,,-42.8782,,,,-46.0566,,,,-44.225,,,,-44.2029,,,,-42.867,,,,-42.7458,,,,-42.248,,,,-43.9381,,,,-43.408
,,,,-44.269,,,,-42.4476,,,,-42.834,,,,-41.785,,,,-41.542,,,,-40.0944,,,,-42.348,,,,-42.9776,,,,-46.0897,,,,-44.269,,,,-44.2692,,,,-42.933,,,,-42.7458,,,,-42.27,,,,-43.9712,,,,-43.474
,,,,-44.285,,,,-42.4807,,,,-42.856,,,,-41.818,,,,-41.575,,,,-40.1275,,,,-42.359,,,,-42.9776,,,,-46.0897,,,,-44.28,,,,-44.2692,,,,-42.955,,,,-42.7789,,,,-42.293,,,,-43.9712,,,,-43.474
,,,,-44.302,,,,-42.4807,,,,-42.856,,,,-41.785,,,,-41.586,,,,-40.1607,,,,-42.381,,,,-42.9776,,,,-46.1228,,,,-44.302,,,,-44.3023,,,,-42.966,,,,-42.812,,,,-42.326,,,,-44.0043,,,,-43.491
,,,,-44.318,,,,-42.5139,,,,-42.867,,,,-41.785,,,,-41.597,,,,-40.1607,,,,-42.414,,,,-43.0438,,,,-46.1228,,,,-44.313,,,,-44.3023,,,,-42.977,,,,-42.8451,,,,-42.348,,,,-44.0374,,,,-43.541
,,,,-44.335,,,,-42.5139,,,,-42.889,,,,-41.818,,,,-41.619,,,,-40.1939,,,,-42.425,,,,-43.0438,,,,-46.1559,,,,-44.335,,,,-44.3354,,,,-42.999,,,,-42.8451,,,,-42.359,,,,-44.0374,,,,-43.541
,,,,-44.384,,,,-42.5801,,,,-42.922,,,,-41.818,,,,-41.663,,,,-40.2602,,,,-42.469,,,,-43.077,,,,-46.1888,,,,-44.379,,,,-44.3685,,,,-43.033,,,,-42.9114,,,,-42.414,,,,-44.0706,,,,-43.574
,,,,-44.418,,,,-42.6464,,,,-42.955,,,,-41.8512,,,,-41.685,,,,-40.2934,,,,-42.502,,,,-43.1102,,,,-46.1888,,,,-44.401,,,,-44.3685,,,,-43.044,,,,-42.9114,,,,-42.436,,,,-44.1037,,,,-43.607
,,,,-44.434,,,,-42.6133,,,,-42.966,,,,-41.8842,,,,-41.696,,,,-40.2934,,,,-42.502,,,,-43.1102,,,,-46.2551,,,,-44.423,,,,-44.4017,,,,-43.066,,,,-42.9114,,,,-42.436,,,,-44.1037,,,,-43.607
,,,,-44.434,,,,-42.6133,,,,-42.966,,,,-41.8512,,,,-41.685,,,,-40.2934,,,,-42.524,,,,-43.1432,,,,-46.2551,,,,-44.434,,,,-44.4348,,,,-43.066,,,,-42.9114,,,,-42.447,,,,-44.1368,,,,-43.64
,,,,-44.467,,,,-42.6795,,,,-43.022,,,,-41.9506,,,,-41.73,,,,-40.2934,,,,-42.536,,,,-43.1764,,,,-46.2551,,,,-44.456,,,,-44.4348,,,,-43.11,,,,-42.9445,,,,-42.458,,,,-44.1368,,,,-43.657
,,,,-44.534,,,,-42.7458,,,,-43.099,,,,-42.05,,,,-41.796,,,,-40.3927,,,,-42.591,,,,-43.2094,,,,-46.3213,,,,-44.523,,,,-44.5009,,,,-43.165,,,,-42.9445,,,,-42.502,,,,-44.1698,,,,-43.69
,,,,-44.534,,,,-42.7458,,,,-43.077,,,,-41.9837,,,,-41.785,,,,-40.3927,,,,-42.602,,,,-43.2426,,,,-46.3213,,,,-44.523,,,,-44.5009,,,,-43.154,,,,-42.9776,,,,-42.513,,,,-44.1698,,,,-43.706
,,,,-44.583,,,,-42.812,,,,-43.143,,,,-42.0832,,,,-41.84,,,,-40.426,,,,-42.635,,,,-43.2757,,,,-46.3543,,,,-44.567,,,,-44.534,,,,-43.209,,,,-43.0108,,,,-42.547,,,,-44.2029,,,,-43.739
,,,,-44.6,,,,-42.812,,,,-43.154,,,,-42.1163,,,,-41.851,,,,-40.426,,,,-42.646,,,,-43.2757,,,,-46.3875,,,,-44.578,,,,-44.534,,,,-43.22,,,,-43.0108,,,,-42.558,,,,-44.2361,,,,-43.756
,,,,-44.583,,,,-42.812,,,,-43.165,,,,-42.0832,,,,-41.873,,,,-40.4923,,,,-42.679,,,,-43.342,,,,-46.3543,,,,-44.589,,,,-44.6003,,,,-43.242,,,,-43.0438,,,,-42.58,,,,-44.2029,,,,-43.772
,,,,-44.633,,,,-42.8451,,,,-43.187,,,,-42.1163,,,,-41.884,,,,-40.4923,,,,-42.69,,,,-43.342,,,,-46.4205,,,,-44.622,,,,-44.6003,,,,-43.253,,,,-43.0438,,,,-42.591,,,,-44.2361,,,,-43.789
,,,,-44.649,,,,-42.8782,,,,-43.176,,,,-42.05,,,,-41.873,,,,-40.4923,,,,-42.701,,,,-43.375,,,,-46.4205,,,,-44.633,,,,-44.6003,,,,-43.242,,,,-43.077,,,,-42.602,,,,-44.2361,,,,-43.806
,,,,-44.683,,,,-42.9114,,,,-43.209,,,,-42.1163,,,,-41.895,,,,-40.4923,,,,-42.712,,,,-43.375,,,,-46.4536,,,,-44.655,,,,-44.6003,,,,-43.265,,,,-43.077,,,,-42.613,,,,-44.2692,,,,-43.822
,,,,-44.683,,,,-42.9114,,,,-43.22,,,,-42.1163,,,,-41.917,,,,-40.5585,,,,-42.756,,,,-43.4082,,,,-46.4536,,,,-44.666,,,,-44.6334,,,,-43.276,,,,-43.077,,,,-42.646,,,,-44.3023,,,,-43.855
,,,,-44.683,,,,-42.9114,,,,-43.242,,,,-42.1825,,,,-41.95,,,,-40.5585,,,,-42.756,,,,-43.4082,,,,-46.4536,,,,-44.666,,,,-44.6334,,,,-43.309,,,,-43.1102,,,,-42.657,,,,-44.3023,,,,-43.855
,,,,-44.732,,,,-42.9776,,,,-43.276,,,,-42.1825,,,,-41.972,,,,-40.5917,,,,-42.778,,,,-43.4414,,,,-46.4867,,,,-44.71,,,,-44.6665,,,,-43.331,,,,-43.1432,,,,-42.679,,,,-44.3023,,,,-43.872
,,,,-44.732,,,,-42.9445,,,,-43.298,,,,-42.2488,,,,-41.995,,,,-40.5917,,,,-42.79,,,,-43.4745,,,,-46.5197,,,,-44.721,,,,-44.6995,,,,-43.364,,,,-43.1432,,,,-42.679,,,,-44.3023,,,,-43.888
,,,,-44.765,,,,-42.9776,,,,-43.298,,,,-42.2156,,,,-42.006,,,,-40.6249,,,,-42.812,,,,-43.4745,,,,-46.5529,,,,-44.743,,,,-44.6995,,,,-43.364,,,,-43.1764,,,,-42.712,,,,-44.3354,,,,-43.905
,,,,-44.749,,,,-42.9445,,,,-43.287,,,,-42.1825,,,,-42.006,,,,-40.658,,,,-42.834,,,,-43.5076,,,,-46.5529,,,,-44.743,,,,-44.7327,,,,-43.364,,,,-43.1764,,,,-42.723,,,,-44.3354,,,,-43.921
,,,,-44.815,,,,-43.0438,,,,-43.342,,,,-42.2488,,,,-42.028,,,,-40.658,,,,-42.845,,,,-43.5406,,,,-46.586,,,,-44.788,,,,-44.7327,,,,-43.386,,,,-43.1764,,,,-42.723,,,,-44.3354,,,,-43.938
,,,,-44.815,,,,-43.0438,,,,-43.364,,,,-42.2819,,,,-42.05,,,,-40.658,,,,-42.856,,,,-43.5406,,,,-46.586,,,,-44.799,,,,-44.7658,,,,-43.419,,,,-43.2094,,,,-42.745,,,,-44.3685,,,,-43.955
,,,,-44.832,,,,-43.077,,,,-43.386,,,,-42.3151,,,,-42.072,,,,-40.6912,,,,-42.878,,,,-43.5406,,,,-46.586,,,,-44.81,,,,-44.7658,,,,-43.43,,,,-43.2094,,,,-42.767,,,,-44.4017,,,,-43.971
,,,,-44.865,,,,-43.1102,,,,-43.408,,,,-42.3151,,,,-42.094,,,,-40.7243,,,,-42.9,,,,-43.6069,,,,-46.619,,,,-44.843,,,,-44.7989,,,,-43.452,,,,-43.2426,,,,-42.778,,,,-44.3685,,,,-43.988
,,,,-44.848,,,,-43.0438,,,,-43.397,,,,-42.3482,,,,-42.105,,,,-40.7243,,,,-42.9,,,,-43.6069,,,,-46.6521,,,,-44.832,,,,-44.7989,,,,-43.463,,,,-43.2426,,,,-42.778,,,,-44.3685,,,,-43.988
,,,,-44.881,,,,-43.1102,,,,-43.419,,,,-42.3151,,,,-42.094,,,,-40.7243,,,,-42.933,,,,-43.64,,,,-46.6521,,,,-44.865,,,,-44.832,,,,-43.463,,,,-43.2426,,,,-42.801,,,,-44.4348,,,,-44.037
,,,,-44.931,,,,-43.1432,,,,-43.463,,,,-42.3813,,,,-42.127,,,,-40.7575,,,,-42.944,,,,-43.64,,,,-46.7183,,,,-44.909,,,,-44.865,,,,-43.496,,,,-43.2426,,,,-42.812,,,,-44.4348,,,,-44.037
,,,,-44.931,,,,-43.1764,,,,-43.485,,,,-42.4145,,,,-42.16,,,,-40.7906,,,,-42.955,,,,-43.64,,,,-46.6852,,,,-44.909,,,,-44.865,,,,-43.518,,,,-43.2757,,,,-42.834,,,,-44.4348,,,,-44.037
,,,,-44.947,,,,-43.1764,,,,-43.474,,,,-42.3813,,,,-42.16,,,,-40.8237,,,,-42.977,,,,-43.6732,,,,-46.7183,,,,-44.92,,,,-44.865,,,,-43.507,,,,-43.2757,,,,-42.845,,,,-44.4348,,,,-44.054
,,,,-44.947,,,,-43.1764,,,,-43.485,,,,-42.4145,,,,-42.193,,,,-40.8569,,,,-42.988,,,,-43.6732,,,,-46.7183,,,,-44.92,,,,-44.865,,,,-43.529,,,,-43.3089,,,,-42.867,,,,-44.4348,,,,-44.054
,,,,-44.98,,,,-43.2426,,,,-43.54,,,,-42.4476,,,,-42.193,,,,-40.8237,,,,-42.988,,,,-43.7062,,,,-46.7183,,,,-44.964,,,,-44.9313,,,,-43.563,,,,-43.3089,,,,-42.856,,,,-44.4348,,,,-44.07
,,,,-44.98,,,,-43.2094,,,,-43.518,,,,-42.4476,,,,-42.204,,,,-40.8237,,,,-42.999,,,,-43.7062,,,,-46.7514,,,,-44.953,,,,-44.8982,,,,-43.563,,,,-43.342,,,,-42.878,,,,-44.4679,,,,-44.087
,,,,-45.014,,,,-43.2426,,,,-43.529,,,,-42.4145,,,,-42.216,,,,-40.89,,,,-43.032,,,,-43.7394,,,,-46.7845,,,,-44.986,,,,-44.9313,,,,-43.563,,,,-43.342,,,,-42.9,,,,-44.4679,,,,-44.104
,,,,-45.047,,,,-43.3089,,,,-43.574,,,,-42.4807,,,,-42.238,,,,-40.89,,,,-43.043,,,,-43.7725,,,,-46.7845,,,,-45.008,,,,-44.9313,,,,-43.585,,,,-43.342,,,,-42.9,,,,-44.4679,,,,-44.12
,,,,-45.08,,,,-43.342,,,,-43.596,,,,-42.4807,,,,-42.249,,,,-40.9232,,,,-43.066,,,,-43.7725,,,,-46.8176,,,,-45.041,,,,-44.9644,,,,-43.596,,,,-43.342,,,,-42.922,,,,-44.5009,,,,-44.137
,,,,-45.03,,,,-43.2757,,,,-43.607,,,,-42.5801,,,,-42.282,,,,-40.9232,,,,-43.077,,,,-43.8057,,,,-46.7845,,,,-45.008,,,,-44.9644,,,,-43.629,,,,-43.342,,,,-42.922,,,,-44.5009,,,,-44.153
,,,,-45.063,,,,-43.3089,,,,-43.618,,,,-42.5801,,,,-42.304,,,,-40.9564,,,,-43.099,,,,-43.8057,,,,-46.8176,,,,-45.03,,,,-44.9644,,,,-43.64,,,,-43.375,,,,-42.955,,,,-44.534,,,,-44.17
,,,,-45.163,,,,-43.4414,,,,-43.662,,,,-42.5469,,,,-42.293,,,,-40.9895,,,,-43.11,,,,-43.8387,,,,-46.8837,,,,-45.108,,,,-44.9975,,,,-43.629,,,,-43.342,,,,-42.944,,,,-44.5009,,,,-44.17
,,,,-45.146,,,,-43.4082,,,,-43.684,,,,-42.6133,,,,-42.337,,,,-40.9895,,,,-43.132,,,,-43.8718,,,,-46.8837,,,,-45.107,,,,-45.0306,,,,-43.684,,,,-43.4082,,,,-42.977,,,,-44.534,,,,-44.203
,,,,-45.113,,,,-43.342,,,,-43.673,,,,-42.6464,,,,-42.359,,,,-41.0227,,,,-43.143,,,,-43.905,,,,-46.8837,,,,-45.085,,,,-45.0306,,,,-43.695,,,,-43.4082,,,,-42.977,,,,-44.5009,,,,-44.203
,,,,-45.096,,,,-43.3089,,,,-43.662,,,,-42.6133,,,,-42.348,,,,-41.0227,,,,-43.143,,,,-43.8718,,,,-46.8837,,,,-45.085,,,,-45.0637,,,,-43.695,,,,-43.4082,,,,-42.988,,,,-44.534,,,,-44.203
,,,,-45.179,,,,-43.4414,,,,-43.706,,,,-42.6133,,,,-42.359,,,,-41.0558,,,,-43.176,,,,-43.905,,,,-46.9167,,,,-45.141,,,,-45.0637,,,,-43.695,,,,-43.4082,,,,-43.01,,,,-44.5672,,,,-44.236
,,,,-45.212,,,,-43.5076,,,,-43.75,,,,-42.6464,,,,-42.392,,,,-41.089,,,,-43.187,,,,-43.905,,,,-46.9167,,,,-45.174,,,,-45.0969,,,,-43.728,,,,-43.4414,,,,-43.033,,,,-44.5672,,,,-44.236
,,,,-45.212,,,,-43.4745,,,,-43.75,,,,-42.6795,,,,-42.403,,,,-41.089,,,,-43.198,,,,-43.9381,,,,-46.9498,,,,-45.174,,,,-45.0969,,,,-43.739,,,,-43.4414,,,,-43.033,,,,-44.5672,,,,-44.253
,,,,-45.295,,,,-43.5738,,,,-43.85,,,,-42.7789,,,,-42.492,,,,-41.1884,,,,-43.286,,,,-44.0706,,,,-47.0159,,,,-45.262,,,,-45.196,,,,-43.827,,,,-43.5076,,,,-43.099,,,,-44.6003,,,,-44.335
,,,,-45.311,,,,-43.5738,,,,-43.85,,,,-42.7789,,,,-42.492,,,,-41.1884,,,,-43.297,,,,-44.0706,,,,-47.0491,,,,-45.273,,,,-45.196,,,,-43.827,,,,-43.5076,,,,-43.11,,,,-44.6334,,,,-44.352
,,,,-45.361,,,,-43.64,,,,-43.894,,,,-42.812,,,,-42.525,,,,-41.2214,,,,-43.32,,,,-44.1037,,,,-47.0822,,,,-45.317,,,,-45.2292,,,,-43.861,,,,-43.5406,,,,-43.132,,,,-44.6334,,,,-44.369
,,,,-45.328,,,,-43.6069,,,,-43.894,,,,-42.812,,,,-42.525,,,,-41.2214,,,,-43.32,,,,-44.1037,,,,-47.0491,,,,-45.306,,,,-45.2623,,,,-43.872,,,,-43.5406,,,,-43.132,,,,-44.6334,,,,-44.369
,,,,-45.361,,,,-43.64,,,,-43.916,,,,-42.8451,,,,-42.547,,,,-41.2547,,,,-43.342,,,,-44.1368,,,,-47.0822,,,,-45.328,,,,-45.2623,,,,-43.883,,,,-43.5406,,,,-43.143,,,,-44.6334,,,,-44.385
,,,,-45.411,,,,-43.7062,,,,-43.938,,,,-42.8451,,,,-42.558,,,,-41.2547,,,,-43.353,,,,-44.1698,,,,-47.1153,,,,-45.361,,,,-45.2623,,,,-43.894,,,,-43.5738,,,,-43.154,,,,-44.6334,,,,-44.402
,,,,-45.394,,,,-43.6732,,,,-43.927,,,,-42.8451,,,,-42.558,,,,-41.2547,,,,-43.364,,,,-44.1698,,,,-47.1153,,,,-45.35,,,,-45.2623,,,,-43.894,,,,-43.5738,,,,-43.165,,,,-44.6665,,,,-44.418
,,,,-45.411,,,,-43.7062,,,,-43.96,,,,-42.8782,,,,-42.58,,,,-41.2878,,,,-43.386,,,,-44.2029,,,,-47.1153,,,,-45.372,,,,-45.2954,,,,-43.916,,,,-43.5738,,,,-43.176,,,,-44.6665,,,,-44.435
,,,,-45.427,,,,-43.7062,,,,-43.982,,,,-42.9114,,,,-42.602,,,,-41.2878,,,,-43.386,,,,-44.2029,,,,-47.1483,,,,-45.394,,,,-45.3285,,,,-43.949,,,,-43.6069,,,,-43.187,,,,-44.6665,,,,-44.435
,,,,-45.46,,,,-43.7725,,,,-44.004,,,,-42.9114,,,,-42.624,,,,-41.3541,,,,-43.408,,,,-44.2029,,,,-47.1483,,,,-45.416,,,,-45.3285,,,,-43.949,,,,-43.6069,,,,-43.209,,,,-44.6665,,,,-44.435
,,,,-45.527,,,,-43.8718,,,,-44.048,,,,-42.9445,,,,-42.635,,,,-41.3541,,,,-43.419,,,,-44.2361,,,,-47.1813,,,,-45.461,,,,-45.3285,,,,-43.96,,,,-43.6069,,,,-43.209,,,,-44.6665,,,,-44.451
,,,,-45.444,,,,-43.7062,,,,-44.037,,,,-43.0108,,,,-42.679,,,,-41.3872,,,,-43.441,,,,-44.2692,,,,-47.1813,,,,-45.427,,,,-45.3947,,,,-44.015,,,,-43.64,,,,-43.231,,,,-44.6665,,,,-44.468
,,,,-45.527,,,,-43.8387,,,,-44.07,,,,-43.0108,,,,-42.679,,,,-41.3872,,,,-43.452,,,,-44.2692,,,,-47.2144,,,,-45.472,,,,-45.3616,,,,-44.004,,,,-43.64,,,,-43.242,,,,-44.6995,,,,-44.484
,,,,-45.51,,,,-43.8057,,,,-44.07,,,,-43.0108,,,,-42.701,,,,-41.4204,,,,-43.474,,,,-44.3023,,,,-47.2144,,,,-45.472,,,,-45.3947,,,,-44.026,,,,-43.6732,,,,-43.264,,,,-44.6995,,,,-44.501
,,,,-45.543,,,,-43.8387,,,,-44.081,,,,-43.0108,,,,-42.713,,,,-41.4535,,,,-43.485,,,,-44.3023,,,,-47.2475,,,,-45.494,,,,-45.3947,,,,-44.026,,,,-43.6732,,,,-43.275,,,,-44.6995,,,,-44.501
,,,,-45.527,,,,-43.8387,,,,-44.081,,,,-43.0108,,,,-42.701,,,,-41.4204,,,,-43.485,,,,-44.3354,,,,-47.2144,,,,-45.483,,,,-45.3947,,,,-44.026,,,,-43.6732,,,,-43.264,,,,-44.6995,,,,-44.517
,,,,-45.56,,,,-43.8387,,,,-44.103,,,,-43.0438,,,,-42.724,,,,-41.4535,,,,-43.518,,,,-44.3685,,,,-47.2806,,,,-45.516,,,,-45.4278,,,,-44.048,,,,-43.6732,,,,-43.286,,,,-44.7327,,,,-44.551
,,,,-45.609,,,,-43.9381,,,,-44.137,,,,-43.0438,,,,-42.746,,,,-41.4866,,,,-43.529,,,,-44.3685,,,,-47.2806,,,,-45.549,,,,-45.4278,,,,-44.059,,,,-43.7062,,,,-43.308,,,,-44.7327,,,,-44.551
,,,,-45.576,,,,-43.8718,,,,-44.148,,,,-43.1432,,,,-42.779,,,,-41.4866,,,,-43.54,,,,-44.3685,,,,-47.2806,,,,-45.527,,,,-45.4278,,,,-44.092,,,,-43.7062,,,,-43.32,,,,-44.7658,,,,-44.567
,,,,-45.626,,,,-43.9381,,,,-44.159,,,,-43.077,,,,-42.768,,,,-41.5198,,,,-43.551,,,,-44.3685,,,,-47.3137,,,,-45.571,,,,-45.4609,,,,-44.081,,,,-43.7062,,,,-43.331,,,,-44.7658,,,,-44.567
,,,,-45.676,,,,-44.0043,,,,-44.214,,,,-43.1432,,,,-42.801,,,,-41.5198,,,,-43.584,,,,-44.4348,,,,-47.3467,,,,-45.615,,,,-45.494,,,,-44.126,,,,-43.7394,,,,-43.353,,,,-44.7989,,,,-44.617
,,,,-45.692,,,,-44.0043,,,,-44.236,,,,-43.1764,,,,-42.823,,,,-41.5529,,,,-43.596,,,,-44.4679,,,,-47.3799,,,,-45.637,,,,-45.527,,,,-44.148,,,,-43.7394,,,,-43.353,,,,-44.7658,,,,-44.617
,,,,-45.709,,,,-44.0374,,,,-44.236,,,,-43.1102,,,,-42.823,,,,-41.5861,,,,-43.629,,,,-44.5009,,,,-47.3799,,,,-45.659,,,,-45.5602,,,,-44.148,,,,-43.7725,,,,-43.386,,,,-44.7989,,,,-44.65
,,,,-45.709,,,,-44.0374,,,,-44.269,,,,-43.2094,,,,-42.867,,,,-41.6192,,,,-43.64,,,,-44.5009,,,,-47.3799,,,,-45.659,,,,-45.5602,,,,-44.181,,,,-43.7725,,,,-43.397,,,,-44.7989,,,,-44.65
,,,,-45.758,,,,-44.1037,,,,-44.302,,,,-43.2094,,,,-42.867,,,,-41.6524,,,,-43.651,,,,-44.5009,,,,-47.4129,,,,-45.703,,,,-45.5933,,,,-44.181,,,,-43.7394,,,,-43.397,,,,-44.7989,,,,-44.65
,,,,-45.758,,,,-44.1037,,,,-44.313,,,,-43.2426,,,,-42.889,,,,-41.6524,,,,-43.662,,,,-44.534,,,,-47.4129,,,,-45.703,,,,-45.5933,,,,-44.203,,,,-43.7725,,,,-43.408,,,,-44.7989,,,,-44.666
,,,,-45.758,,,,-44.0706,,,,-44.324,,,,-43.2757,,,,-42.922,,,,-41.6855,,,,-43.684,,,,-44.534,,,,-47.446,,,,-45.714,,,,-45.6264,,,,-44.236,,,,-43.8057,,,,-43.441,,,,-44.832,,,,-44.683
,,,,-45.775,,,,-44.1037,,,,-44.335,,,,-43.2757,,,,-42.922,,,,-41.6855,,,,-43.695,,,,-44.5672,,,,-47.446,,,,-45.725,,,,-45.6264,,,,-44.236,,,,-43.8057,,,,-43.441,,,,-44.832,,,,-44.7
,,,,-45.808,,,,-44.1368,,,,-44.335,,,,-43.2426,,,,-42.933,,,,-41.7186,,,,-43.728,,,,-44.6003,,,,-47.4791,,,,-45.747,,,,-45.6264,,,,-44.236,,,,-43.8387,,,,-43.474,,,,-44.865,,,,-44.733
,,,,-45.808,,,,-44.1368,,,,-44.346,,,,-43.2757,,,,-42.944,,,,-41.7518,,,,-43.728,,,,-44.6003,,,,-47.4791,,,,-45.747,,,,-45.6264,,,,-44.236,,,,-43.8057,,,,-43.463,,,,-44.832,,,,-44.716
,,,,-45.857,,,,-44.2029,,,,-44.379,,,,-43.2757,,,,-42.955,,,,-41.7518,,,,-43.739,,,,-44.6334,,,,-47.512,,,,-45.791,,,,-45.6595,,,,-44.258,,,,-43.8387,,,,-43.474,,,,-44.832,,,,-44.733
,,,,-45.824,,,,-44.1368,,,,-44.379,,,,-43.3089,,,,-42.978,,,,-41.785,,,,-43.772,,,,-44.6665,,,,-47.512,,,,-45.78,,,,-45.6925,,,,-44.28,,,,-43.8387,,,,-43.496,,,,-44.865,,,,-44.766
,,,,-45.874,,,,-44.2361,,,,-44.424,,,,-43.3089,,,,-42.978,,,,-41.785,,,,-43.772,,,,-44.6665,,,,-47.512,,,,-45.825,,,,-45.7257,,,,-44.291,,,,-43.8387,,,,-43.496,,,,-44.865,,,,-44.766
,,,,-45.874,,,,-44.2029,,,,-44.424,,,,-43.342,,,,-43.0,,,,-41.818,,,,-43.783,,,,-44.6665,,,,-47.5452,,,,-45.825,,,,-45.7257,,,,-44.302,,,,-43.8387,,,,-43.507,,,,-44.865,,,,-44.766
,,,,-45.891,,,,-44.2361,,,,-44.457,,,,-43.4082,,,,-43.022,,,,-41.818,,,,-43.805,,,,-44.6995,,,,-47.5452,,,,-45.836,,,,-45.7257,,,,-44.324,,,,-43.8387,,,,-43.518,,,,-44.8982,,,,-44.799
,,,,-45.94,,,,-44.3354,,,,-44.501,,,,-43.4414,,,,-43.055,,,,-41.8512,,,,-43.816,,,,-44.6995,,,,-47.5452,,,,-45.869,,,,-45.7257,,,,-44.346,,,,-43.8718,,,,-43.54,,,,-44.8982,,,,-44.799
,,,,-45.94,,,,-44.3023,,,,-44.468,,,,-43.342,,,,-43.033,,,,-41.8842,,,,-43.838,,,,-44.7327,,,,-47.5783,,,,-45.88,,,,-45.7588,,,,-44.324,,,,-43.8718,,,,-43.551,,,,-44.8982,,,,-44.815
,,,,-45.924,,,,-44.2692,,,,-44.49,,,,-43.4414,,,,-43.077,,,,-41.8842,,,,-43.838,,,,-44.7327,,,,-47.5783,,,,-45.869,,,,-45.7588,,,,-44.368,,,,-43.905,,,,-43.562,,,,-44.8982,,,,-44.815
,,,,-45.99,,,,-44.3685,,,,-44.545,,,,-43.4745,,,,-43.088,,,,-41.8842,,,,-43.86,,,,-44.7658,,,,-47.6113,,,,-45.924,,,,-45.7919,,,,-44.39,,,,-43.905,,,,-43.573,,,,-44.9313,,,,-44.849
,,,,-45.94,,,,-44.2692,,,,-44.534,,,,-43.5406,,,,-43.121,,,,-41.9174,,,,-43.883,,,,-44.7989,,,,-47.6113,,,,-45.891,,,,-45.7919,,,,-44.412,,,,-43.905,,,,-43.585,,,,-44.9313,,,,-44.865
,,,,-46.006,,,,-44.4017,,,,-44.578,,,,-43.5076,,,,-43.132,,,,-41.9506,,,,-43.894,,,,-44.7989,,,,-47.6113,,,,-45.946,,,,-45.825,,,,-44.424,,,,-43.9381,,,,-43.607,,,,-44.9313,,,,-44.865
,,,,-46.006,,,,-44.3685,,,,-44.545,,,,-43.4414,,,,-43.099,,,,-41.9174,,,,-43.894,,,,-44.832,,,,-47.6444,,,,-45.946,,,,-45.825,,,,-44.402,,,,-43.9381,,,,-43.596,,,,-44.9313,,,,-44.882
,,,,-46.023,,,,-44.4017,,,,-44.611,,,,-43.5738,,,,-43.154,,,,-41.9506,,,,-43.916,,,,-44.832,,,,-47.6444,,,,-45.968,,,,-45.858,,,,-44.457,,,,-43.9381,,,,-43.618,,,,-44.9644,,,,-44.898
,,,,-46.023,,,,-44.4017,,,,-44.578,,,,-43.5076,,,,-43.143,,,,-41.9837,,,,-43.916,,,,-44.832,,,,-47.6444,,,,-45.957,,,,-45.825,,,,-44.424,,,,-43.9381,,,,-43.618,,,,-44.9313,,,,-44.882
,,,,-46.073,,,,-44.4679,,,,-44.622,,,,-43.5406,,,,-43.154,,,,-41.9837,,,,-43.938,,,,-44.865,,,,-47.6774,,,,-46.001,,,,-45.858,,,,-44.446,,,,-43.9381,,,,-43.629,,,,-44.9644,,,,-44.915
,,,,-46.073,,,,-44.4679,,,,-44.611,,,,-43.5076,,,,-43.154,,,,-42.0169,,,,-43.949,,,,-44.865,,,,-47.6774,,,,-46.001,,,,-45.858,,,,-44.435,,,,-43.9381,,,,-43.64,,,,-44.9644,,,,-44.915
,,,,-46.089,,,,-44.4679,,,,-44.622,,,,-43.5076,,,,-43.154,,,,-42.0169,,,,-43.96,,,,-44.8982,,,,-47.7106,,,,-46.023,,,,-45.8911,,,,-44.446,,,,-43.9381,,,,-43.64,,,,-44.9644,,,,-44.931
,,,,-46.089,,,,-44.4679,,,,-44.655,,,,-43.6069,,,,-43.209,,,,-42.05,,,,-43.982,,,,-44.9313,,,,-47.7106,,,,-46.023,,,,-45.8911,,,,-44.49,,,,-43.9712,,,,-43.662,,,,-44.9644,,,,-44.948
,,,,-46.106,,,,-44.5009,,,,-44.677,,,,-43.64,,,,-43.231,,,,-42.0832,,,,-43.993,,,,-44.9313,,,,-47.7106,,,,-46.034,,,,-45.8911,,,,-44.501,,,,-43.9712,,,,-43.673,,,,-44.9644,,,,-44.948
,,,,-46.122,,,,-44.5009,,,,-44.688,,,,-43.64,,,,-43.243,,,,-42.1163,,,,-44.015,,,,-44.9644,,,,-47.7437,,,,-46.056,,,,-45.9242,,,,-44.512,,,,-43.9712,,,,-43.684,,,,-44.9644,,,,-44.964
,,,,-46.122,,,,-44.5009,,,,-44.699,,,,-43.6732,,,,-43.243,,,,-42.0832,,,,-44.026,,,,-44.9975,,,,-47.7437,,,,-46.056,,,,-45.9242,,,,-44.523,,,,-43.9712,,,,-43.684,,,,-44.9975,,,,-44.998
,,,,-46.155,,,,-44.534,,,,-44.699,,,,-43.6069,,,,-43.231,,,,-42.1163,,,,-44.037,,,,-44.9975,,,,-47.7767,,,,-46.089,,,,-45.9573,,,,-44.512,,,,-43.9712,,,,-43.695,,,,-44.9975,,,,-44.998
,,,,-46.172,,,,-44.5672,,,,-44.744,,,,-43.7062,,,,-43.265,,,,-42.1163,,,,-44.037,,,,-44.9975,,,,-47.7767,,,,-46.1,,,,-45.9573,,,,-44.545,,,,-43.9712,,,,-43.695,,,,-44.9975,,,,-44.998
,,,,-46.255,,,,-44.6665,,,,-44.81,,,,-43.7394,,,,-43.342,,,,-42.2488,,,,-44.136,,,,-45.0969,,,,-47.8427,,,,-46.178,,,,-46.0234,,,,-44.6,,,,-44.0374,,,,-43.783,,,,-45.0637,,,,-45.08
,,,,-46.288,,,,-44.7327,,,,-44.854,,,,-43.7725,,,,-43.353,,,,-42.2488,,,,-44.136,,,,-45.0969,,,,-47.8427,,,,-46.211,,,,-46.0566,,,,-44.622,,,,-44.0374,,,,-43.783,,,,-45.0637,,,,-45.08
,,,,-46.288,,,,-44.7327,,,,-44.887,,,,-43.8387,,,,-43.386,,,,-42.2819,,,,-44.148,,,,-45.13,,,,-47.8427,,,,-46.222,,,,-46.0897,,,,-44.655,,,,-44.0374,,,,-43.783,,,,-45.0306,,,,-45.08
,,,,-46.288,,,,-44.6995,,,,-44.865,,,,-43.8387,,,,-43.386,,,,-42.2819,,,,-44.159,,,,-45.13,,,,-47.8759,,,,-46.211,,,,-46.0566,,,,-44.644,,,,-44.0374,,,,-43.794,,,,-45.0637,,,,-45.097
,,,,-46.304,,,,-44.7327,,,,-44.876,,,,-43.8387,,,,-43.386,,,,-42.2819,,,,-44.159,,,,-45.13,,,,-47.8759,,,,-46.222,,,,-46.0566,,,,-44.644,,,,-44.0374,,,,-43.794,,,,-45.0637,,,,-45.097
,,,,-46.321,,,,-44.7658,,,,-44.898,,,,-43.8387,,,,-43.397,,,,-42.3151,,,,-44.192,,,,-45.163,,,,-47.8759,,,,-46.244,,,,-46.0897,,,,-44.655,,,,-44.0374,,,,-43.816,,,,-45.0969,,,,-45.13
,,,,-46.37,,,,-44.7989,,,,-44.92,,,,-43.8387,,,,-43.419,,,,-42.3482,,,,-44.192,,,,-45.163,,,,-47.942,,,,-46.288,,,,-46.1228,,,,-44.677,,,,-44.0706,,,,-43.827,,,,-45.0637,,,,-45.113
,,,,-46.354,,,,-44.7989,,,,-44.92,,,,-43.8718,,,,-43.419,,,,-42.3482,,,,-44.203,,,,-45.196,,,,-47.909,,,,-46.266,,,,-46.0897,,,,-44.666,,,,-44.0374,,,,-43.816,,,,-45.0637,,,,-45.13
,,,,-46.37,,,,-44.832,,,,-44.975,,,,-43.9712,,,,-43.474,,,,-42.3813,,,,-44.225,,,,-45.196,,,,-47.909,,,,-46.288,,,,-46.1228,,,,-44.722,,,,-44.0706,,,,-43.85,,,,-45.0969,,,,-45.146
,,,,-46.387,,,,-44.832,,,,-44.953,,,,-43.8718,,,,-43.441,,,,-42.3813,,,,-44.236,,,,-45.2292,,,,-47.942,,,,-46.31,,,,-46.1559,,,,-44.699,,,,-44.0706,,,,-43.85,,,,-45.0969,,,,-45.163
,,,,-46.37,,,,-44.7989,,,,-44.931,,,,-43.8387,,,,-43.441,,,,-42.4145,,,,-44.247,,,,-45.2292,,,,-47.942,,,,-46.299,,,,-46.1559,,,,-44.688,,,,-44.0706,,,,-43.861,,,,-45.0969,,,,-45.163
,,,,-46.42,,,,-44.865,,,,-44.986,,,,-43.9381,,,,-43.474,,,,-42.4145,,,,-44.258,,,,-45.2623,,,,-47.9751,,,,-46.332,,,,-46.1559,,,,-44.722,,,,-44.0706,,,,-43.861,,,,-45.0969,,,,-45.18
,,,,-46.437,,,,-44.8982,,,,-45.008,,,,-43.9712,,,,-43.485,,,,-42.4145,,,,-44.269,,,,-45.2954,,,,-47.9751,,,,-46.343,,,,-46.1559,,,,-44.733,,,,-44.0706,,,,-43.861,,,,-45.0969,,,,-45.196
,,,,-46.437,,,,-44.8982,,,,-45.008,,,,-43.9381,,,,-43.485,,,,-42.4476,,,,-44.28,,,,-45.2623,,,,-47.9751,,,,-46.354,,,,-46.1888,,,,-44.732,,,,-44.0706,,,,-43.883,,,,-45.13,,,,-45.196
,,,,-46.42,,,,-44.865,,,,-44.997,,,,-43.9381,,,,-43.485,,,,-42.4476,,,,-44.291,,,,-45.2954,,,,-47.9751,,,,-46.343,,,,-46.1888,,,,-44.732,,,,-44.0706,,,,-43.883,,,,-45.13,,,,-45.213
,,,,-46.437,,,,-44.8982,,,,-45.008,,,,-43.9381,,,,-43.485,,,,-42.4476,,,,-44.291,,,,-45.2954,,,,-47.9751,,,,-46.354,,,,-46.1888,,,,-44.732,,,,-44.0706,,,,-43.883,,,,-45.13,,,,-45.213
,,,,-46.47,,,,-44.9313,,,,-45.019,,,,-43.9381,,,,-43.508,,,,-42.4807,,,,-44.313,,,,-45.3285,,,,-48.0081,,,,-46.376,,,,-46.1888,,,,-44.744,,,,-44.1037,,,,-43.905,,,,-45.13,,,,-45.229
,,,,-46.437,,,,-44.865,,,,-45.03,,,,-44.0043,,,,-43.53,,,,-42.5139,,,,-44.324,,,,-45.3285,,,,-48.0081,,,,-46.365,,,,-46.222,,,,-44.766,,,,-44.0706,,,,-43.905,,,,-45.13,,,,-45.229
,,,,-46.503,,,,-44.9975,,,,-45.064,,,,-43.9712,,,,-43.53,,,,-42.5139,,,,-44.335,,,,-45.3285,,,,-48.0081,,,,-46.409,,,,-46.222,,,,-44.766,,,,-44.1037,,,,-43.927,,,,-45.163,,,,-45.246
,,,,-46.503,,,,-44.9644,,,,-45.097,,,,-44.0706,,,,-43.574,,,,-42.5469,,,,-44.357,,,,-45.3616,,,,-48.0412,,,,-46.42,,,,-46.2551,,,,-44.81,,,,-44.1037,,,,-43.938,,,,-45.163,,,,-45.262
,,,,-46.519,,,,-44.9975,,,,-45.108,,,,-44.0706,,,,-43.585,,,,-42.5469,,,,-44.357,,,,-45.3616,,,,-48.0412,,,,-46.431,,,,-46.2551,,,,-44.821,,,,-44.1368,,,,-43.949,,,,-45.163,,,,-45.262
,,,,-46.519,,,,-44.9975,,,,-45.097,,,,-44.0374,,,,-43.574,,,,-42.5469,,,,-44.368,,,,-45.3947,,,,-48.0412,,,,-46.431,,,,-46.2551,,,,-44.81,,,,-44.1368,,,,-43.949,,,,-45.163,,,,-45.279
,,,,-46.552,,,,-45.0637,,,,-45.141,,,,-44.0706,,,,-43.585,,,,-42.5801,,,,-44.401,,,,-45.4278,,,,-48.0412,,,,-46.464,,,,-46.2882,,,,-44.821,,,,-44.1037,,,,-43.96,,,,-45.196,,,,-45.312
,,,,-46.552,,,,-45.0306,,,,-45.152,,,,-44.1037,,,,-43.618,,,,-42.6133,,,,-44.401,,,,-45.3947,,,,-48.0743,,,,-46.475,,,,-46.3213,,,,-44.854,,,,-44.1368,,,,-43.982,,,,-45.196,,,,-45.295
,,,,-46.569,,,,-45.0306,,,,-45.152,,,,-44.1037,,,,-43.618,,,,-42.6133,,,,-44.423,,,,-45.4609,,,,-48.1074,,,,-46.486,,,,-46.3213,,,,-44.854,,,,-44.1368,,,,-43.982,,,,-45.196,,,,-45.328
,,,,-46.602,,,,-45.0969,,,,-45.174,,,,-44.1037,,,,-43.618,,,,-42.6133,,,,-44.434,,,,-45.4609,,,,-48.1074,,,,-46.509,,,,-46.3213,,,,-44.854,,,,-44.1368,,,,-43.993,,,,-45.2292,,,,-45.345
,,,,-46.602,,,,-45.13,,,,-45.196,,,,-44.1368,,,,-43.64,,,,-42.6464,,,,-44.446,,,,-45.4609,,,,-48.0743,,,,-46.509,,,,-46.3213,,,,-44.865,,,,-44.1368,,,,-44.004,,,,-45.2292,,,,-45.345
,,,,-46.619,,,,-45.0969,,,,-45.185,,,,-44.1368,,,,-43.651,,,,-42.6795,,,,-44.468,,,,-45.494,,,,-48.1405,,,,-46.52,,,,-46.3213,,,,-44.865,,,,-44.1368,,,,-44.015,,,,-45.2292,,,,-45.362
,,,,-46.635,,,,-45.13,,,,-45.218,,,,-44.1698,,,,-43.662,,,,-42.6795,,,,-44.456,,,,-45.494,,,,-48.1405,,,,-46.542,,,,-46.3543,,,,-44.887,,,,-44.1368,,,,-44.004,,,,-45.196,,,,-45.345
,,,,-46.652,,,,-45.163,,,,-45.24,,,,-44.2029,,,,-43.673,,,,-42.6795,,,,-44.468,,,,-45.494,,,,-48.1405,,,,-46.553,,,,-46.3543,,,,-44.898,,,,-44.1368,,,,-44.015,,,,-45.2292,,,,-45.362
,,,,-46.652,,,,-45.13,,,,-45.262,,,,-44.2692,,,,-43.717,,,,-42.7126,,,,-44.501,,,,-45.527,,,,-48.1734,,,,-46.564,,,,-46.3875,,,,-44.942,,,,-44.1698,,,,-44.048,,,,-45.2623,,,,-45.395
,,,,-46.668,,,,-45.163,,,,-45.273,,,,-44.2361,,,,-43.706,,,,-42.7458,,,,-44.523,,,,-45.5602,,,,-48.1734,,,,-46.586,,,,-46.4205,,,,-44.931,,,,-44.1368,,,,-44.048,,,,-45.2623,,,,-45.411
,,,,-46.718,,,,-45.2623,,,,-45.306,,,,-44.2692,,,,-43.75,,,,-42.812,,,,-44.567,,,,-45.5933,,,,-48.1734,,,,-46.608,,,,-46.3875,,,,-44.942,,,,-44.1698,,,,-44.092,,,,-45.2954,,,,-45.444
,,,,-46.718,,,,-45.2292,,,,-45.328,,,,-44.3023,,,,-43.772,,,,-42.8451,,,,-44.589,,,,-45.6264,,,,-48.2066,,,,-46.63,,,,-46.4536,,,,-44.975,,,,-44.1698,,,,-44.103,,,,-45.2954,,,,-45.461
,,,,-46.701,,,,-45.196,,,,-45.328,,,,-44.3354,,,,-43.783,,,,-42.8451,,,,-44.589,,,,-45.6264,,,,-48.2066,,,,-46.619,,,,-46.4536,,,,-44.986,,,,-44.1698,,,,-44.103,,,,-45.2954,,,,-45.461
,,,,-46.734,,,,-45.2292,,,,-45.339,,,,-44.3023,,,,-43.772,,,,-42.8451,,,,-44.589,,,,-45.6264,,,,-48.2396,,,,-46.652,,,,-46.4867,,,,-44.986,,,,-44.1698,,,,-44.103,,,,-45.2954,,,,-45.461
,,,,-46.751,,,,-45.2292,,,,-45.361,,,,-44.3354,,,,-43.794,,,,-42.8782,,,,-44.611,,,,-45.6264,,,,-48.2727,,,,-46.674,,,,-46.5197,,,,-45.008,,,,-44.1698,,,,-44.125,,,,-45.3285,,,,-45.477
,,,,-46.817,,,,-45.3285,,,,-45.395,,,,-44.3354,,,,-43.805,,,,-42.8782,,,,-44.622,,,,-45.6595,,,,-48.3058,,,,-46.718,,,,-46.5197,,,,-45.019,,,,-44.2029,,,,-44.137,,,,-45.3285,,,,-45.494
,,,,-46.768,,,,-45.2292,,,,-45.361,,,,-44.3354,,,,-43.806,,,,-42.9114,,,,-44.644,,,,-45.6925,,,,-48.3058,,,,-46.685,,,,-46.5197,,,,-45.008,,,,-44.1698,,,,-44.137,,,,-45.3285,,,,-45.51
,,,,-46.784,,,,-45.2954,,,,-45.417,,,,-44.4017,,,,-43.828,,,,-42.9114,,,,-44.644,,,,-45.6925,,,,-48.2727,,,,-46.707,,,,-46.5529,,,,-45.041,,,,-44.1698,,,,-44.137,,,,-45.3285,,,,-45.51
,,,,-46.817,,,,-45.3285,,,,-45.406,,,,-44.3685,,,,-43.828,,,,-42.9114,,,,-44.644,,,,-45.6925,,,,-48.3058,,,,-46.718,,,,-46.5197,,,,-45.03,,,,-44.2029,,,,-44.148,,,,-45.3285,,,,-45.51
,,,,-46.834,,,,-45.3616,,,,-45.45,,,,-44.4348,,,,-43.861,,,,-42.9445,,,,-44.677,,,,-45.7257,,,,-48.3058,,,,-46.74,,,,-46.5529,,,,-45.064,,,,-44.2029,,,,-44.17,,,,-45.3616,,,,-45.544
,,,,-46.834,,,,-45.3616,,,,-45.439,,,,-44.4017,,,,-43.85,,,,-42.9445,,,,-44.688,,,,-45.7588,,,,-48.3058,,,,-46.74,,,,-46.5529,,,,-45.052,,,,-44.2029,,,,-44.17,,,,-45.3616,,,,-45.56
,,,,-46.85,,,,-45.3947,,,,-45.472,,,,-44.4679,,,,-43.872,,,,-42.9445,,,,-44.699,,,,-45.7588,,,,-48.3058,,,,-46.751,,,,-46.5529,,,,-45.075,,,,-44.2029,,,,-44.181,,,,-45.3947,,,,-45.577
,,,,-46.85,,,,-45.3616,,,,-45.461,,,,-44.4348,,,,-43.872,,,,-42.9776,,,,-44.699,,,,-45.7588,,,,-48.3388,,,,-46.762,,,,-46.586,,,,-45.075,,,,-44.2029,,,,-44.181,,,,-45.3616,,,,-45.56
,,,,-46.85,,,,-45.3616,,,,-45.483,,,,-44.5009,,,,-43.916,,,,-43.0108,,,,-44.732,,,,-45.7919,,,,-48.3388,,,,-46.762,,,,-46.586,,,,-45.108,,,,-44.2361,,,,-44.214,,,,-45.3947,,,,-45.593
,,,,-46.883,,,,-45.4278,,,,-45.494,,,,-44.4348,,,,-43.883,,,,-43.0108,,,,-44.732,,,,-45.7919,,,,-48.3388,,,,-46.795,,,,-46.619,,,,-45.086,,,,-44.2029,,,,-44.203,,,,-45.3947,,,,-45.593
,,,,-46.867,,,,-45.3616,,,,-45.494,,,,-44.5009,,,,-43.905,,,,-43.0108,,,,-44.744,,,,-45.7919,,,,-48.3719,,,,-46.784,,,,-46.619,,,,-45.108,,,,-44.2029,,,,-44.214,,,,-45.4278,,,,-45.61
,,,,-46.9,,,,-45.4278,,,,-45.516,,,,-44.5009,,,,-43.916,,,,-43.0438,,,,-44.743,,,,-45.7919,,,,-48.3719,,,,-46.806,,,,-46.619,,,,-45.108,,,,-44.2029,,,,-44.214,,,,-45.3947,,,,-45.593
,,,,-46.916,,,,-45.4609,,,,-45.538,,,,-44.5009,,,,-43.927,,,,-43.0438,,,,-44.766,,,,-45.825,,,,-48.3719,,,,-46.828,,,,-46.6521,,,,-45.13,,,,-44.2361,,,,-44.236,,,,-45.4278,,,,-45.626
,,,,-46.933,,,,-45.494,,,,-45.582,,,,-44.6003,,,,-43.96,,,,-43.0438,,,,-44.766,,,,-45.825,,,,-48.3719,,,,-46.839,,,,-46.6521,,,,-45.163,,,,-44.2361,,,,-44.236,,,,-45.4278,,,,-45.626
,,,,-46.949,,,,-45.527,,,,-45.582,,,,-44.5672,,,,-43.949,,,,-43.077,,,,-44.777,,,,-45.825,,,,-48.3719,,,,-46.85,,,,-46.6521,,,,-45.141,,,,-44.2029,,,,-44.236,,,,-45.4278,,,,-45.626
,,,,-46.966,,,,-45.527,,,,-45.571,,,,-44.534,,,,-43.96,,,,-43.1102,,,,-44.799,,,,-45.858,,,,-48.405,,,,-46.861,,,,-46.6521,,,,-45.141,,,,-44.2361,,,,-44.258,,,,-45.4278,,,,-45.643
,,,,-46.983,,,,-45.5602,,,,-45.604,,,,-44.6003,,,,-43.993,,,,-43.1102,,,,-44.799,,,,-45.858,,,,-48.405,,,,-46.872,,,,-46.6521,,,,-45.174,,,,-44.2692,,,,-44.269,,,,-45.4278,,,,-45.643
,,,,-46.982,,,,-45.527,,,,-45.593,,,,-44.5672,,,,-43.993,,,,-43.1432,,,,-44.821,,,,-45.8911,,,,-48.438,,,,-46.883,,,,-46.6852,,,,-45.174,,,,-44.2692,,,,-44.28,,,,-45.4278,,,,-45.659
,,,,-47.016,,,,-45.5933,,,,-45.637,,,,-44.6003,,,,-44.015,,,,-43.1764,,,,-44.843,,,,-45.8911,,,,-48.438,,,,-46.917,,,,-46.7183,,,,-45.196,,,,-44.2692,,,,-44.302,,,,-45.4609,,,,-45.676
,,,,-47.016,,,,-45.5933,,,,-45.648,,,,-44.6334,,,,-44.015,,,,-43.1764,,,,-44.832,,,,-45.8911,,,,-48.438,,,,-46.917,,,,-46.7183,,,,-45.196,,,,-44.2361,,,,-44.28,,,,-45.4278,,,,-45.659
,,,,-47.016,,,,-45.5602,,,,-45.659,,,,-44.6665,,,,-44.037,,,,-43.1764,,,,-44.854,,,,-45.9242,,,,-48.4711,,,,-46.928,,,,-46.7514,,,,-45.229,,,,-44.2692,,,,-44.302,,,,-45.4609,,,,-45.693
,,,,-47.032,,,,-45.5933,,,,-45.659,,,,-44.6334,,,,-44.026,,,,-43.1764,,,,-44.854,,,,-45.9242,,,,-48.4711,,,,-46.939,,,,-46.7514,,,,-45.218,,,,-44.2692,,,,-44.302,,,,-45.4609,,,,-45.693
,,,,-47.032,,,,-45.5933,,,,-45.67,,,,-44.6665,,,,-44.037,,,,-43.1764,,,,-44.854,,,,-45.9573,,,,-48.4711,,,,-46.939,,,,-46.7514,,,,-45.229,,,,-44.2692,,,,-44.291,,,,-45.4278,,,,-45.693
,,,,-47.049,,,,-45.6264,,,,-45.67,,,,-44.6334,,,,-44.026,,,,-43.2094,,,,-44.887,,,,-45.9573,,,,-48.4711,,,,-46.95,,,,-46.7514,,,,-45.207,,,,-44.2361,,,,-44.313,,,,-45.494,,,,-45.726
,,,,-47.065,,,,-45.6595,,,,-45.681,,,,-44.6003,,,,-44.026,,,,-43.2094,,,,-44.898,,,,-45.9904,,,,-48.4711,,,,-46.972,,,,-46.7845,,,,-45.218,,,,-44.2692,,,,-44.324,,,,-45.494,,,,-45.742
,,,,-47.082,,,,-45.6595,,,,-45.704,,,,-44.6665,,,,-44.059,,,,-43.2426,,,,-44.909,,,,-45.9904,,,,-48.504,,,,-46.983,,,,-46.7845,,,,-45.24,,,,-44.2692,,,,-44.335,,,,-45.494,,,,-45.742
,,,,-47.082,,,,-45.6595,,,,-45.715,,,,-44.6665,,,,-44.059,,,,-43.2426,,,,-44.909,,,,-45.9904,,,,-48.504,,,,-46.994,,,,-46.8176,,,,-45.251,,,,-44.2692,,,,-44.335,,,,-45.494,,,,-45.742
,,,,-47.098,,,,-45.6925,,,,-45.748,,,,-44.7658,,,,-44.104,,,,-43.2757,,,,-44.931,,,,-45.9904,,,,-48.504,,,,-46.994,,,,-46.7845,,,,-45.273,,,,-44.2692,,,,-44.357,,,,-45.527,,,,-45.759
,,,,-47.115,,,,-45.7257,,,,-45.737,,,,-44.6995,,,,-44.093,,,,-43.3089,,,,-44.942,,,,-46.0234,,,,-48.504,,,,-47.005,,,,-46.7845,,,,-45.251,,,,-44.2692,,,,-44.357,,,,-45.494,,,,-45.759
,,,,-47.082,,,,-45.6925,,,,-45.737,,,,-44.7327,,,,-44.104,,,,-43.3089,,,,-44.953,,,,-46.0566,,,,-48.4711,,,,-46.983,,,,-46.7845,,,,-45.262,,,,-44.2692,,,,-44.357,,,,-45.494,,,,-45.775
,,,,-47.115,,,,-45.7257,,,,-45.77,,,,-44.7658,,,,-44.137,,,,-43.342,,,,-44.975,,,,-46.0566,,,,-48.504,,,,-47.016,,,,-46.8176,,,,-45.295,,,,-44.3023,,,,-44.39,,,,-45.527,,,,-45.792
,,,,-47.115,,,,-45.7257,,,,-45.759,,,,-44.7327,,,,-44.126,,,,-43.342,,,,-44.975,,,,-46.0566,,,,-48.504,,,,-47.016,,,,-46.8176,,,,-45.284,,,,-44.3023,,,,-44.39,,,,-45.527,,,,-45.792
,,,,-47.148,,,,-45.7588,,,,-45.803,,,,-44.7989,,,,-44.137,,,,-43.342,,,,-44.975,,,,-46.0566,,,,-48.5372,,,,-47.049,,,,-46.8505,,,,-45.306,,,,-44.2692,,,,-44.379,,,,-45.527,,,,-45.792
,,,,-47.165,,,,-45.7588,,,,-45.781,,,,-44.7327,,,,-44.137,,,,-43.375,,,,-44.997,,,,-46.0897,,,,-48.5703,,,,-47.06,,,,-46.8505,,,,-45.295,,,,-44.3023,,,,-44.401,,,,-45.527,,,,-45.808
,,,,-47.181,,,,-45.825,,,,-45.836,,,,-44.832,,,,-44.17,,,,-43.375,,,,-44.997,,,,-46.0897,,,,-48.5372,,,,-47.071,,,,-46.8505,,,,-45.328,,,,-44.3023,,,,-44.401,,,,-45.527,,,,-45.808
,,,,-47.165,,,,-45.7588,,,,-45.781,,,,-44.7327,,,,-44.137,,,,-43.375,,,,-45.019,,,,-46.1228,,,,-48.5703,,,,-47.06,,,,-46.8505,,,,-45.295,,,,-44.3023,,,,-44.412,,,,-45.5602,,,,-45.842
,,,,-47.165,,,,-45.7588,,,,-45.792,,,,-44.7658,,,,-44.148,,,,-43.375,,,,-44.997,,,,-46.0897,,,,-48.5703,,,,-47.06,,,,-46.8505,,,,-45.306,,,,-44.3023,,,,-44.401,,,,-45.527,,,,-45.808
,,,,-47.165,,,,-45.7588,,,,-45.803,,,,-44.7658,,,,-44.17,,,,-43.4414,,,,-45.041,,,,-46.1559,,,,-48.5703,,,,-47.071,,,,-46.8837,,,,-45.317,,,,-44.3023,,,,-44.424,,,,-45.527,,,,-45.841
,,,,-47.165,,,,-45.7588,,,,-45.803,,,,-44.7658,,,,-44.181,,,,-43.4414,,,,-45.03,,,,-46.1228,,,,-48.5703,,,,-47.071,,,,-46.8837,,,,-45.328,,,,-44.3354,,,,-44.435,,,,-45.527,,,,-45.825
,,,,-47.214,,,,-45.825,,,,-45.869,,,,-44.8982,,,,-44.225,,,,-43.4414,,,,-45.052,,,,-46.1559,,,,-48.6033,,,,-47.104,,,,-46.8837,,,,-45.372,,,,-44.3354,,,,-44.446,,,,-45.5602,,,,-45.858
,,,,-47.214,,,,-45.825,,,,-45.858,,,,-44.865,,,,-44.214,,,,-43.4745,,,,-45.074,,,,-46.1888,,,,-48.6033,,,,-47.104,,,,-46.8837,,,,-45.35,,,,-44.3023,,,,-44.446,,,,-45.5602,,,,-45.874
,,,,-47.231,,,,-45.858,,,,-45.869,,,,-44.832,,,,-44.225,,,,-43.5076,,,,-45.075,,,,-46.1559,,,,-48.6033,,,,-47.126,,,,-46.9167,,,,-45.361,,,,-44.3354,,,,-44.468,,,,-45.5602,,,,-45.858
,,,,-47.264,,,,-45.9242,,,,-45.935,,,,-44.9313,,,,-44.247,,,,-43.5076,,,,-45.097,,,,-46.222,,,,-48.6033,,,,-47.159,,,,-46.9498,,,,-45.394,,,,-44.3023,,,,-44.457,,,,-45.5602,,,,-45.891
,,,,-47.28,,,,-45.9573,,,,-45.946,,,,-44.9313,,,,-44.258,,,,-43.5076,,,,-45.108,,,,-46.222,,,,-48.6033,,,,-47.17,,,,-46.9498,,,,-45.406,,,,-44.3354,,,,-44.479,,,,-45.5933,,,,-45.908
,,,,-47.264,,,,-45.8911,,,,-45.924,,,,-44.9313,,,,-44.258,,,,-43.5406,,,,-45.119,,,,-46.222,,,,-48.6364,,,,-47.159,,,,-46.9498,,,,-45.394,,,,-44.3023,,,,-44.479,,,,-45.5933,,,,-45.908
,,,,-47.247,,,,-45.858,,,,-45.913,,,,-44.9313,,,,-44.269,,,,-43.5406,,,,-45.119,,,,-46.222,,,,-48.6364,,,,-47.148,,,,-46.9498,,,,-45.406,,,,-44.3354,,,,-44.49,,,,-45.5933,,,,-45.908
,,,,-47.346,,,,-46.0234,,,,-46.001,,,,-44.9644,,,,-44.324,,,,-43.6732,,,,-45.207,,,,-46.2882,,,,-48.6694,,,,-47.236,,,,-47.0159,,,,-45.439,,,,-44.3354,,,,-44.556,,,,-45.6595,,,,-45.974
,,,,-47.313,,,,-45.9573,,,,-46.012,,,,-45.0637,,,,-44.368,,,,-43.6732,,,,-45.207,,,,-46.3213,,,,-48.6694,,,,-47.214,,,,-47.0159,,,,-45.483,,,,-44.3685,,,,-44.556,,,,-45.6264,,,,-45.974
,,,,-47.297,,,,-45.8911,,,,-46.001,,,,-45.0637,,,,-44.357,,,,-43.6732,,,,-45.207,,,,-46.3213,,,,-48.7025,,,,-47.214,,,,-47.0491,,,,-45.483,,,,-44.3354,,,,-44.545,,,,-45.6264,,,,-45.974
,,,,-47.346,,,,-46.0234,,,,-46.045,,,,-45.0637,,,,-44.379,,,,-43.7062,,,,-45.24,,,,-46.3543,,,,-48.6694,,,,-47.247,,,,-47.0491,,,,-45.494,,,,-44.3685,,,,-44.578,,,,-45.6595,,,,-46.007
,,,,-47.346,,,,-45.9573,,,,-46.012,,,,-44.9975,,,,-44.368,,,,-43.7062,,,,-45.24,,,,-46.3543,,,,-48.7356,,,,-47.258,,,,-47.0822,,,,-45.494,,,,-44.4017,,,,-44.589,,,,-45.6595,,,,-46.007
,,,,-47.346,,,,-45.9904,,,,-46.045,,,,-45.0969,,,,-44.391,,,,-43.7062,,,,-45.251,,,,-46.3543,,,,-48.7025,,,,-47.247,,,,-47.0491,,,,-45.505,,,,-44.3685,,,,-44.589,,,,-45.6925,,,,-46.023
,,,,-47.396,,,,-46.0897,,,,-46.067,,,,-45.0306,,,,-44.368,,,,-43.7062,,,,-45.262,,,,-46.3875,,,,-48.7025,,,,-47.291,,,,-47.0822,,,,-45.494,,,,-44.3685,,,,-44.589,,,,-45.6925,,,,-46.04
,,,,-47.429,,,,-46.1228,,,,-46.101,,,,-45.0969,,,,-44.424,,,,-43.7725,,,,-45.284,,,,-46.3875,,,,-48.7356,,,,-47.314,,,,-47.0822,,,,-45.527,,,,-44.4017,,,,-44.622,,,,-45.6925,,,,-46.04
,,,,-47.429,,,,-46.1228,,,,-46.101,,,,-45.0969,,,,-44.413,,,,-43.7725,,,,-45.284,,,,-46.3875,,,,-48.7356,,,,-47.314,,,,-47.0822,,,,-45.516,,,,-44.3685,,,,-44.611,,,,-45.6925,,,,-46.04
,,,,-47.38,,,,-46.0234,,,,-46.079,,,,-45.13,,,,-44.435,,,,-43.7725,,,,-45.306,,,,-46.4205,,,,-48.7356,,,,-47.28,,,,-47.0822,,,,-45.538,,,,-44.4017,,,,-44.633,,,,-45.7257,,,,-46.073
,,,,-47.429,,,,-46.0897,,,,-46.123,,,,-45.163,,,,-44.457,,,,-43.8057,,,,-45.306,,,,-46.4205,,,,-48.7686,,,,-47.325,,,,-47.1153,,,,-45.56,,,,-44.4017,,,,-44.633,,,,-45.6925,,,,-46.056
,,,,-47.462,,,,-46.1559,,,,-46.167,,,,-45.196,,,,-44.479,,,,-43.8057,,,,-45.328,,,,-46.4536,,,,-48.7686,,,,-47.358,,,,-47.1483,,,,-45.593,,,,-44.4348,,,,-44.655,,,,-45.7257,,,,-46.09
,,,,-47.462,,,,-46.1228,,,,-46.167,,,,-45.2292,,,,-44.49,,,,-43.8387,,,,-45.339,,,,-46.4536,,,,-48.8017,,,,-47.358,,,,-47.1483,,,,-45.593,,,,-44.4017,,,,-44.655,,,,-45.7257,,,,-46.09
,,,,-47.479,,,,-46.1559,,,,-46.167,,,,-45.2292,,,,-44.512,,,,-43.8718,,,,-45.361,,,,-46.4867,,,,-48.8017,,,,-47.358,,,,-47.1153,,,,-45.593,,,,-44.4348,,,,-44.677,,,,-45.7257,,,,-46.106
,,,,-47.495,,,,-46.1888,,,,-46.167,,,,-45.163,,,,-44.501,,,,-43.905,,,,-45.372,,,,-46.4867,,,,-48.8017,,,,-47.38,,,,-47.1483,,,,-45.582,,,,-44.4348,,,,-44.689,,,,-45.7257,,,,-46.106
,,,,-47.528,,,,-46.222,,,,-46.2,,,,-45.196,,,,-44.501,,,,-43.8718,,,,-45.372,,,,-46.4867,,,,-48.8346,,,,-47.413,,,,-47.1813,,,,-45.604,,,,-44.4348,,,,-44.688,,,,-45.7588,,,,-46.123
,,,,-47.512,,,,-46.1888,,,,-46.2,,,,-45.2292,,,,-44.523,,,,-43.905,,,,-45.394,,,,-46.5197,,,,-48.8346,,,,-47.402,,,,-47.1813,,,,-45.615,,,,-44.4348,,,,-44.7,,,,-45.7588,,,,-46.139
,,,,-47.545,,,,-46.2551,,,,-46.222,,,,-45.2292,,,,-44.545,,,,-43.9381,,,,-45.406,,,,-46.5197,,,,-48.8346,,,,-47.424,,,,-47.1813,,,,-45.626,,,,-44.4679,,,,-44.722,,,,-45.7588,,,,-46.139
,,,,-47.512,,,,-46.1888,,,,-46.233,,,,-45.2954,,,,-44.567,,,,-43.9381,,,,-45.428,,,,-46.5529,,,,-48.8346,,,,-47.413,,,,-47.2144,,,,-45.659,,,,-44.4679,,,,-44.733,,,,-45.7919,,,,-46.172
,,,,-47.545,,,,-46.2551,,,,-46.255,,,,-45.2954,,,,-44.567,,,,-43.9381,,,,-45.428,,,,-46.5529,,,,-48.8346,,,,-47.435,,,,-47.2144,,,,-45.659,,,,-44.4679,,,,-44.733,,,,-45.7919,,,,-46.172
,,,,-47.495,,,,-46.1559,,,,-46.244,,,,-45.3285,,,,-44.589,,,,-43.9712,,,,-45.45,,,,-46.586,,,,-48.8346,,,,-47.413,,,,-47.2475,,,,-45.681,,,,-44.4679,,,,-44.744,,,,-45.7919,,,,-46.189
,,,,-47.545,,,,-46.2551,,,,-46.255,,,,-45.2954,,,,-44.578,,,,-44.0043,,,,-45.45,,,,-46.5529,,,,-48.8346,,,,-47.435,,,,-47.2144,,,,-45.648,,,,-44.4348,,,,-44.744,,,,-45.7919,,,,-46.172
,,,,-47.561,,,,-46.2551,,,,-46.255,,,,-45.2623,,,,-44.589,,,,-44.0043,,,,-45.461,,,,-46.5529,,,,-48.8678,,,,-47.457,,,,-47.2475,,,,-45.67,,,,-44.5009,,,,-44.777,,,,-45.825,,,,-46.189
,,,,-47.578,,,,-46.2882,,,,-46.277,,,,-45.3285,,,,-44.589,,,,-43.9712,,,,-45.461,,,,-46.619,,,,-48.8678,,,,-47.457,,,,-47.2144,,,,-45.67,,,,-44.4679,,,,-44.744,,,,-45.7919,,,,-46.205
,,,,-47.578,,,,-46.2882,,,,-46.277,,,,-45.2954,,,,-44.6,,,,-44.0043,,,,-45.461,,,,-46.586,,,,-48.8678,,,,-47.468,,,,-47.2475,,,,-45.681,,,,-44.5009,,,,-44.766,,,,-45.7919,,,,-46.189
,,,,-47.611,,,,-46.3543,,,,-46.299,,,,-45.2954,,,,-44.611,,,,-44.0374,,,,-45.494,,,,-46.619,,,,-48.8678,,,,-47.49,,,,-47.2475,,,,-45.681,,,,-44.5009,,,,-44.788,,,,-45.825,,,,-46.222
,,,,-47.578,,,,-46.2551,,,,-46.321,,,,-45.4278,,,,-44.644,,,,-44.0374,,,,-45.494,,,,-46.619,,,,-48.9008,,,,-47.479,,,,-47.2806,,,,-45.725,,,,-44.4679,,,,-44.777,,,,-45.825,,,,-46.222
,,,,-47.611,,,,-46.3213,,,,-46.332,,,,-45.3947,,,,-44.655,,,,-44.0706,,,,-45.505,,,,-46.619,,,,-48.9008,,,,-47.501,,,,-47.2806,,,,-45.725,,,,-44.5009,,,,-44.799,,,,-45.825,,,,-46.222
,,,,-47.611,,,,-46.3213,,,,-46.343,,,,-45.3947,,,,-44.655,,,,-44.0706,,,,-45.527,,,,-46.6521,,,,-48.9008,,,,-47.512,,,,-47.3137,,,,-45.736,,,,-44.5009,,,,-44.81,,,,-45.858,,,,-46.255
,,,,-47.661,,,,-46.4205,,,,-46.376,,,,-45.3947,,,,-44.655,,,,-44.0706,,,,-45.527,,,,-46.6521,,,,-48.9008,,,,-47.545,,,,-47.3137,,,,-45.736,,,,-44.5009,,,,-44.81,,,,-45.858,,,,-46.255
,,,,-47.661,,,,-46.3875,,,,-46.387,,,,-45.4609,,,,-44.689,,,,-44.1037,,,,-45.538,,,,-46.6521,,,,-48.9339,,,,-47.545,,,,-47.3137,,,,-45.758,,,,-44.5009,,,,-44.821,,,,-45.858,,,,-46.255
,,,,-47.677,,,,-46.4205,,,,-46.387,,,,-45.4278,,,,-44.677,,,,-44.0706,,,,-45.538,,,,-46.6852,,,,-48.9339,,,,-47.556,,,,-47.3137,,,,-45.758,,,,-44.534,,,,-44.821,,,,-45.858,,,,-46.272
,,,,-47.628,,,,-46.3543,,,,-46.365,,,,-45.4278,,,,-44.688,,,,-44.1368,,,,-45.56,,,,-46.6852,,,,-48.9008,,,,-47.523,,,,-47.3137,,,,-45.747,,,,-44.5009,,,,-44.832,,,,-45.858,,,,-46.272
,,,,-47.644,,,,-46.3543,,,,-46.365,,,,-45.3947,,,,-44.677,,,,-44.1037,,,,-45.549,,,,-46.6852,,,,-48.9339,,,,-47.545,,,,-47.3467,,,,-45.758,,,,-44.534,,,,-44.832,,,,-45.858,,,,-46.272
,,,,-47.677,,,,-46.4205,,,,-46.409,,,,-45.4609,,,,-44.722,,,,-44.1368,,,,-45.56,,,,-46.6852,,,,-48.9339,,,,-47.567,,,,-47.3467,,,,-45.792,,,,-44.5672,,,,-44.854,,,,-45.858,,,,-46.272
,,,,-47.644,,,,-46.3543,,,,-46.398,,,,-45.494,,,,-44.722,,,,-44.1368,,,,-45.582,,,,-46.7183,,,,-48.9339,,,,-47.545,,,,-47.3467,,,,-45.792,,,,-44.534,,,,-44.854,,,,-45.8911,,,,-46.305
,,,,-47.677,,,,-46.4205,,,,-46.42,,,,-45.4609,,,,-44.733,,,,-44.1698,,,,-45.593,,,,-46.7183,,,,-48.9339,,,,-47.578,,,,-47.3799,,,,-45.803,,,,-44.5672,,,,-44.876,,,,-45.8911,,,,-46.305
,,,,-47.677,,,,-46.4205,,,,-46.431,,,,-45.527,,,,-44.744,,,,-44.1698,,,,-45.593,,,,-46.7183,,,,-48.9339,,,,-47.567,,,,-47.3467,,,,-45.803,,,,-44.534,,,,-44.865,,,,-45.8911,,,,-46.305
,,,,-47.694,,,,-46.4205,,,,-46.42,,,,-45.494,,,,-44.744,,,,-44.2029,,,,-45.615,,,,-46.7514,,,,-48.9669,,,,-47.578,,,,-47.3467,,,,-45.792,,,,-44.534,,,,-44.876,,,,-45.8911,,,,-46.321
,,,,-47.727,,,,-46.5197,,,,-46.465,,,,-45.494,,,,-44.744,,,,-44.2029,,,,-45.615,,,,-46.7514,,,,-48.9339,,,,-47.611,,,,-47.3799,,,,-45.803,,,,-44.534,,,,-44.876,,,,-45.8911,,,,-46.321
,,,,-47.743,,,,-46.5197,,,,-46.487,,,,-45.5602,,,,-44.799,,,,-44.2361,,,,-45.648,,,,-46.7845,,,,-48.9669,,,,-47.622,,,,-47.3799,,,,-45.847,,,,-44.6003,,,,-44.92,,,,-45.9242,,,,-46.354
,,,,-47.743,,,,-46.5197,,,,-46.465,,,,-45.4609,,,,-44.766,,,,-44.2692,,,,-45.659,,,,-46.7845,,,,-48.9669,,,,-47.633,,,,-47.4129,,,,-45.814,,,,-44.5672,,,,-44.92,,,,-45.9242,,,,-46.354
,,,,-47.727,,,,-46.4867,,,,-46.487,,,,-45.5602,,,,-44.799,,,,-44.2692,,,,-45.67,,,,-46.8176,,,,-48.9669,,,,-47.622,,,,-47.4129,,,,-45.847,,,,-44.5672,,,,-44.92,,,,-45.9242,,,,-46.371
,,,,-47.776,,,,-46.5529,,,,-46.52,,,,-45.5933,,,,-44.832,,,,-44.3023,,,,-45.692,,,,-46.8176,,,,-48.9999,,,,-47.655,,,,-47.4129,,,,-45.869,,,,-44.6003,,,,-44.953,,,,-45.9573,,,,-46.387
,,,,-47.776,,,,-46.5529,,,,-46.52,,,,-45.5602,,,,-44.832,,,,-44.3354,,,,-45.692,,,,-46.8176,,,,-48.9999,,,,-47.666,,,,-47.446,,,,-45.869,,,,-44.6003,,,,-44.953,,,,-45.9242,,,,-46.371
,,,,-47.776,,,,-46.5529,,,,-46.531,,,,-45.5933,,,,-44.843,,,,-44.3354,,,,-45.714,,,,-46.8505,,,,-48.9999,,,,-47.666,,,,-47.446,,,,-45.88,,,,-44.6003,,,,-44.964,,,,-45.9573,,,,-46.404
,,,,-47.793,,,,-46.586,,,,-46.553,,,,-45.6264,,,,-44.854,,,,-44.3354,,,,-45.703,,,,-46.8505,,,,-48.9999,,,,-47.677,,,,-47.446,,,,-45.891,,,,-44.6003,,,,-44.953,,,,-45.9242,,,,-46.387
,,,,-47.81,,,,-46.586,,,,-46.542,,,,-45.5933,,,,-44.854,,,,-44.3685,,,,-45.725,,,,-46.8505,,,,-49.0331,,,,-47.688,,,,-47.446,,,,-45.88,,,,-44.6003,,,,-44.975,,,,-45.9573,,,,-46.404
,,,,-47.826,,,,-46.619,,,,-46.575,,,,-45.6595,,,,-44.887,,,,-44.4017,,,,-45.748,,,,-46.8837,,,,-49.0331,,,,-47.699,,,,-47.446,,,,-45.902,,,,-44.6003,,,,-44.986,,,,-45.9573,,,,-46.42
,,,,-47.793,,,,-46.586,,,,-46.553,,,,-45.5933,,,,-44.854,,,,-44.3685,,,,-45.736,,,,-46.8505,,,,-48.9999,,,,-47.688,,,,-47.4791,,,,-45.891,,,,-44.6003,,,,-44.986,,,,-45.9904,,,,-46.42
,,,,-47.859,,,,-46.6852,,,,-46.597,,,,-45.6595,,,,-44.887,,,,-44.4017,,,,-45.748,,,,-46.8837,,,,-49.0331,,,,-47.721,,,,-47.446,,,,-45.902,,,,-44.6003,,,,-44.986,,,,-45.9573,,,,-46.42
,,,,-47.826,,,,-46.619,,,,-46.608,,,,-45.7257,,,,-44.931,,,,-44.4348,,,,-45.77,,,,-46.8837,,,,-49.0331,,,,-47.71,,,,-47.4791,,,,-45.946,,,,-44.6334,,,,-45.02,,,,-45.9904,,,,-46.437
,,,,-47.81,,,,-46.586,,,,-46.575,,,,-45.6595,,,,-44.909,,,,-44.4348,,,,-45.781,,,,-46.9167,,,,-49.0331,,,,-47.699,,,,-47.4791,,,,-45.924,,,,-44.6334,,,,-45.02,,,,-45.9904,,,,-46.454
,,,,-47.843,,,,-46.619,,,,-46.597,,,,-45.6925,,,,-44.92,,,,-44.4348,,,,-45.781,,,,-46.9167,,,,-49.0661,,,,-47.721,,,,-47.4791,,,,-45.935,,,,-44.6334,,,,-45.02,,,,-45.9904,,,,-46.454
,,,,-47.843,,,,-46.6521,,,,-46.63,,,,-45.7257,,,,-44.953,,,,-44.4679,,,,-45.803,,,,-46.9498,,,,-49.0331,,,,-47.732,,,,-47.512,,,,-45.968,,,,-44.6665,,,,-45.042,,,,-45.9904,,,,-46.47
,,,,-47.859,,,,-46.6521,,,,-46.63,,,,-45.7257,,,,-44.942,,,,-44.4348,,,,-45.803,,,,-46.9498,,,,-49.0661,,,,-47.743,,,,-47.512,,,,-45.968,,,,-44.6665,,,,-45.042,,,,-46.0234,,,,-46.487
,,,,-47.826,,,,-46.619,,,,-46.641,,,,-45.7588,,,,-44.964,,,,-44.4679,,,,-45.803,,,,-46.9167,,,,-49.0331,,,,-47.732,,,,-47.5452,,,,-45.99,,,,-44.6665,,,,-45.053,,,,-46.0234,,,,-46.47
,,,,-47.876,,,,-46.6852,,,,-46.641,,,,-45.7257,,,,-44.953,,,,-44.5009,,,,-45.814,,,,-46.9498,,,,-49.0661,,,,-47.754,,,,-47.512,,,,-45.957,,,,-44.6334,,,,-45.042,,,,-45.9904,,,,-46.47
,,,,-47.892,,,,-46.7183,,,,-46.663,,,,-45.7257,,,,-44.953,,,,-44.5009,,,,-45.814,,,,-46.9498,,,,-49.0661,,,,-47.777,,,,-47.5452,,,,-45.968,,,,-44.6334,,,,-45.042,,,,-45.9904,,,,-46.47
,,,,-47.843,,,,-46.6521,,,,-46.63,,,,-45.6925,,,,-44.953,,,,-44.5009,,,,-45.825,,,,-46.9498,,,,-49.0331,,,,-47.743,,,,-47.5452,,,,-45.968,,,,-44.6665,,,,-45.064,,,,-46.0234,,,,-46.487
,,,,-47.892,,,,-46.7183,,,,-46.663,,,,-45.7257,,,,-44.975,,,,-44.534,,,,-45.847,,,,-46.9829,,,,-49.0661,,,,-47.777,,,,-47.5452,,,,-45.979,,,,-44.6665,,,,-45.075,,,,-46.0234,,,,-46.503
,,,,-47.859,,,,-46.6521,,,,-46.652,,,,-45.7588,,,,-44.998,,,,-44.5672,,,,-45.847,,,,-46.9498,,,,-49.0661,,,,-47.754,,,,-47.5452,,,,-45.99,,,,-44.6665,,,,-45.086,,,,-46.0234,,,,-46.487
,,,,-47.876,,,,-46.6852,,,,-46.663,,,,-45.7588,,,,-44.986,,,,-44.534,,,,-45.858,,,,-46.9829,,,,-49.0661,,,,-47.766,,,,-47.5452,,,,-45.99,,,,-44.6665,,,,-45.086,,,,-46.0566,,,,-46.52
,,,,-47.909,,,,-46.7514,,,,-46.696,,,,-45.7919,,,,-44.997,,,,-44.534,,,,-45.858,,,,-47.0159,,,,-49.0661,,,,-47.788,,,,-47.5452,,,,-46.001,,,,-44.6665,,,,-45.075,,,,-46.0234,,,,-46.52
,,,,-47.892,,,,-46.6852,,,,-46.674,,,,-45.7588,,,,-45.008,,,,-44.5672,,,,-45.88,,,,-47.0159,,,,-49.0992,,,,-47.788,,,,-47.5783,,,,-46.012,,,,-44.6995,,,,-45.108,,,,-46.0566,,,,-46.536
,,,,-47.892,,,,-46.6852,,,,-46.674,,,,-45.7919,,,,-45.02,,,,-44.5672,,,,-45.869,,,,-47.0159,,,,-49.0992,,,,-47.777,,,,-47.5452,,,,-46.012,,,,-44.6995,,,,-45.097,,,,-46.0234,,,,-46.52
,,,,-47.909,,,,-46.7514,,,,-46.718,,,,-45.825,,,,-45.042,,,,-44.5672,,,,-45.891,,,,-47.0491,,,,-49.0661,,,,-47.799,,,,-47.5783,,,,-46.045,,,,-44.7327,,,,-45.119,,,,-46.0566,,,,-46.553
,,,,-47.909,,,,-46.7183,,,,-46.696,,,,-45.7919,,,,-45.031,,,,-44.6003,,,,-45.891,,,,-47.0491,,,,-49.0992,,,,-47.799,,,,-47.5783,,,,-46.023,,,,-44.6995,,,,-45.108,,,,-46.0234,,,,-46.536
,,,,-47.942,,,,-46.7845,,,,-46.751,,,,-45.858,,,,-45.053,,,,-44.6003,,,,-45.891,,,,-47.0159,,,,-49.0992,,,,-47.832,,,,-47.6113,,,,-46.056,,,,-44.6995,,,,-45.119,,,,-46.0566,,,,-46.536
,,,,-47.925,,,,-46.7514,,,,-46.718,,,,-45.7919,,,,-45.053,,,,-44.6334,,,,-45.913,,,,-47.0491,,,,-49.0992,,,,-47.821,,,,-47.6113,,,,-46.045,,,,-44.7327,,,,-45.141,,,,-46.0566,,,,-46.553
,,,,-47.942,,,,-46.7845,,,,-46.751,,,,-45.858,,,,-45.075,,,,-44.6334,,,,-45.924,,,,-47.0491,,,,-49.0992,,,,-47.832,,,,-47.6113,,,,-46.067,,,,-44.7327,,,,-45.152,,,,-46.0897,,,,-46.569
,,,,-47.942,,,,-46.7514,,,,-46.74,,,,-45.858,,,,-45.086,,,,-44.6334,,,,-45.913,,,,-47.0491,,,,-49.1322,,,,-47.832,,,,-47.6113,,,,-46.078,,,,-44.7658,,,,-45.152,,,,-46.0566,,,,-46.553
,,,,-47.925,,,,-46.7514,,,,-46.718,,,,-45.7919,,,,-45.064,,,,-44.6665,,,,-45.935,,,,-47.0491,,,,-49.0992,,,,-47.821,,,,-47.6113,,,,-46.045,,,,-44.7327,,,,-45.163,,,,-46.0897,,,,-46.569
,,,,-47.942,,,,-46.7514,,,,-46.74,,,,-45.858,,,,-45.086,,,,-44.6665,,,,-45.946,,,,-47.0822,,,,-49.1322,,,,-47.832,,,,-47.6113,,,,-46.067,,,,-44.7327,,,,-45.163,,,,-46.0897,,,,-46.586
,,,,-47.975,,,,-46.8176,,,,-46.762,,,,-45.858,,,,-45.108,,,,-44.6995,,,,-45.968,,,,-47.1153,,,,-49.1322,,,,-47.854,,,,-47.6113,,,,-46.078,,,,-44.7658,,,,-45.185,,,,-46.0897,,,,-46.602
,,,,-47.975,,,,-46.8176,,,,-46.806,,,,-45.9573,,,,-45.141,,,,-44.6995,,,,-45.968,,,,-47.1153,,,,-49.1322,,,,-47.865,,,,-47.6444,,,,-46.122,,,,-44.7658,,,,-45.185,,,,-46.0897,,,,-46.602
,,,,-48.008,,,,-46.8837,,,,-46.828,,,,-45.9573,,,,-45.152,,,,-44.7327,,,,-46.001,,,,-47.1483,,,,-49.1322,,,,-47.887,,,,-47.6444,,,,-46.122,,,,-44.7658,,,,-45.207,,,,-46.1228,,,,-46.636
,,,,-48.041,,,,-46.9167,,,,-46.828,,,,-45.9242,,,,-45.13,,,,-44.6995,,,,-45.979,,,,-47.1153,,,,-49.1652,,,,-47.909,,,,-47.6444,,,,-46.111,,,,-44.7658,,,,-45.196,,,,-46.1228,,,,-46.619
,,,,-47.975,,,,-46.8176,,,,-46.806,,,,-45.9242,,,,-45.141,,,,-44.7327,,,,-45.99,,,,-47.1153,,,,-49.1322,,,,-47.876,,,,-47.6774,,,,-46.122,,,,-44.7658,,,,-45.207,,,,-46.1228,,,,-46.619
,,,,-47.991,,,,-46.8176,,,,-46.817,,,,-45.9573,,,,-45.163,,,,-44.7327,,,,-45.99,,,,-47.1153,,,,-49.1652,,,,-47.887,,,,-47.6774,,,,-46.145,,,,-44.7989,,,,-45.218,,,,-46.1228,,,,-46.619
,,,,-48.008,,,,-46.8837,,,,-46.828,,,,-45.9242,,,,-45.163,,,,-44.7658,,,,-46.012,,,,-47.1483,,,,-49.1322,,,,-47.898,,,,-47.6774,,,,-46.134,,,,-44.7989,,,,-45.229,,,,-46.1228,,,,-46.636
,,,,-48.024,,,,-46.8837,,,,-46.851,,,,-45.9904,,,,-45.185,,,,-44.7658,,,,-46.012,,,,-47.1483,,,,-49.1652,,,,-47.909,,,,-47.6774,,,,-46.156,,,,-44.7989,,,,-45.229,,,,-46.1228,,,,-46.636
,,,,-47.991,,,,-46.8176,,,,-46.84,,,,-45.9904,,,,-45.196,,,,-44.7989,,,,-46.034,,,,-47.1483,,,,-49.1652,,,,-47.898,,,,-47.7106,,,,-46.167,,,,-44.7989,,,,-45.251,,,,-46.1559,,,,-46.652
,,,,-48.058,,,,-46.9167,,,,-46.862,,,,-45.9904,,,,-45.196,,,,-44.7989,,,,-46.045,,,,-47.1813,,,,-49.1984,,,,-47.931,,,,-47.6774,,,,-46.156,,,,-44.7989,,,,-45.251,,,,-46.1559,,,,-46.669
,,,,-48.024,,,,-46.8505,,,,-46.839,,,,-45.9573,,,,-45.196,,,,-44.7989,,,,-46.034,,,,-47.1483,,,,-49.1984,,,,-47.92,,,,-47.7106,,,,-46.167,,,,-44.832,,,,-45.262,,,,-46.1559,,,,-46.652
,,,,-48.041,,,,-46.9167,,,,-46.873,,,,-45.9904,,,,-45.207,,,,-44.7989,,,,-46.056,,,,-47.1813,,,,-49.1652,,,,-47.931,,,,-47.7106,,,,-46.178,,,,-44.832,,,,-45.273,,,,-46.1888,,,,-46.685
,,,,-48.041,,,,-46.9167,,,,-46.884,,,,-45.9904,,,,-45.218,,,,-44.832,,,,-46.056,,,,-47.1813,,,,-49.1652,,,,-47.942,,,,-47.7437,,,,-46.189,,,,-44.832,,,,-45.273,,,,-46.1559,,,,-46.669
,,,,-48.107,,,,-47.0159,,,,-46.917,,,,-46.0234,,,,-45.251,,,,-44.865,,,,-46.067,,,,-47.1813,,,,-49.1984,,,,-47.975,,,,-47.7106,,,,-46.2,,,,-44.865,,,,-45.295,,,,-46.1559,,,,-46.669
,,,,-48.074,,,,-46.9498,,,,-46.906,,,,-46.0234,,,,-45.251,,,,-44.865,,,,-46.1,,,,-47.2144,,,,-49.1984,,,,-47.964,,,,-47.7437,,,,-46.211,,,,-44.865,,,,-45.317,,,,-46.222,,,,-46.718
,,,,-48.074,,,,-46.9498,,,,-46.917,,,,-46.0566,,,,-45.251,,,,-44.832,,,,-46.078,,,,-47.2144,,,,-49.1984,,,,-47.964,,,,-47.7437,,,,-46.222,,,,-44.865,,,,-45.295,,,,-46.1888,,,,-46.702
,,,,-48.124,,,,-47.0159,,,,-46.939,,,,-46.0566,,,,-45.262,,,,-44.865,,,,-46.089,,,,-47.2144,,,,-49.2314,,,,-47.997,,,,-47.7437,,,,-46.222,,,,-44.865,,,,-45.306,,,,-46.1888,,,,-46.702
,,,,-48.107,,,,-46.9829,,,,-46.917,,,,-46.0234,,,,-45.262,,,,-44.8982,,,,-46.112,,,,-47.2144,,,,-49.2314,,,,-47.986,,,,-47.7437,,,,-46.211,,,,-44.865,,,,-45.328,,,,-46.222,,,,-46.718
,,,,-48.091,,,,-46.9829,,,,-46.939,,,,-46.0566,,,,-45.273,,,,-44.8982,,,,-46.112,,,,-47.2144,,,,-49.1984,,,,-47.986,,,,-47.7767,,,,-46.233,,,,-44.865,,,,-45.328,,,,-46.222,,,,-46.718
,,,,-48.091,,,,-46.9498,,,,-46.928,,,,-46.0566,,,,-45.273,,,,-44.8982,,,,-46.123,,,,-47.2475,,,,-49.2314,,,,-47.986,,,,-47.7767,,,,-46.233,,,,-44.865,,,,-45.328,,,,-46.222,,,,-46.735
,,,,-48.107,,,,-46.9829,,,,-46.95,,,,-46.0897,,,,-45.306,,,,-44.9313,,,,-46.134,,,,-47.2475,,,,-49.2314,,,,-47.997,,,,-47.7767,,,,-46.255,,,,-44.8982,,,,-45.351,,,,-46.222,,,,-46.735
,,,,-48.091,,,,-46.9498,,,,-46.939,,,,-46.0897,,,,-45.306,,,,-44.9313,,,,-46.134,,,,-47.2475,,,,-49.2314,,,,-47.986,,,,-47.7767,,,,-46.255,,,,-44.8982,,,,-45.351,,,,-46.222,,,,-46.735
,,,,-48.091,,,,-46.9498,,,,-46.961,,,,-46.1559,,,,-45.328,,,,-44.9313,,,,-46.134,,,,-47.2806,,,,-49.2314,,,,-47.986,,,,-47.7767,,,,-46.277,,,,-44.8982,,,,-45.339,,,,-46.1888,,,,-46.735
,,,,-48.14,,,,-47.0491,,,,-46.983,,,,-46.0897,,,,-45.306,,,,-44.9313,,,,-46.134,,,,-47.2806,,,,-49.2314,,,,-48.03,,,,-47.8098,,,,-46.266,,,,-44.8982,,,,-45.339,,,,-46.1888,,,,-46.735
,,,,-48.124,,,,-47.0159,,,,-46.972,,,,-46.1228,,,,-45.339,,,,-44.9644,,,,-46.156,,,,-47.2806,,,,-49.2314,,,,-48.008,,,,-47.7767,,,,-46.277,,,,-44.9313,,,,-45.373,,,,-46.222,,,,-46.751
,,,,-48.107,,,,-46.9829,,,,-46.939,,,,-46.0566,,,,-45.317,,,,-44.9644,,,,-46.156,,,,-47.2806,,,,-49.2314,,,,-47.997,,,,-47.7767,,,,-46.255,,,,-44.9313,,,,-45.373,,,,-46.222,,,,-46.751
,,,,-48.124,,,,-47.0159,,,,-46.972,,,,-46.0897,,,,-45.317,,,,-44.9644,,,,-46.156,,,,-47.2806,,,,-49.2314,,,,-48.019,,,,-47.8098,,,,-46.266,,,,-44.8982,,,,-45.362,,,,-46.222,,,,-46.751
,,,,-48.124,,,,-47.0159,,,,-46.983,,,,-46.1228,,,,-45.351,,,,-44.9975,,,,-46.189,,,,-47.3137,,,,-49.2314,,,,-48.019,,,,-47.8098,,,,-46.288,,,,-44.9313,,,,-45.395,,,,-46.2551,,,,-46.784
,,,,-48.124,,,,-47.0159,,,,-46.994,,,,-46.1559,,,,-45.373,,,,-44.9975,,,,-46.178,,,,-47.2806,,,,-49.2314,,,,-48.019,,,,-47.8098,,,,-46.31,,,,-44.9644,,,,-45.406,,,,-46.2551,,,,-46.768
,,,,-48.14,,,,-47.0159,,,,-46.994,,,,-46.1559,,,,-45.373,,,,-44.9975,,,,-46.178,,,,-47.2806,,,,-49.2644,,,,-48.03,,,,-47.8098,,,,-46.31,,,,-44.9644,,,,-45.406,,,,-46.2551,,,,-46.768
,,,,-48.19,,,,-47.1153,,,,-47.06,,,,-46.222,,,,-45.428,,,,-45.0637,,,,-46.233,,,,-47.3467,,,,-49.2644,,,,-48.074,,,,-47.8427,,,,-46.354,,,,-44.9975,,,,-45.45,,,,-46.2882,,,,-46.817
,,,,-48.19,,,,-47.1153,,,,-47.071,,,,-46.222,,,,-45.439,,,,-45.0969,,,,-46.233,,,,-47.3467,,,,-49.2644,,,,-48.085,,,,-47.8759,,,,-46.365,,,,-44.9975,,,,-45.45,,,,-46.2551,,,,-46.801
,,,,-48.223,,,,-47.1483,,,,-47.071,,,,-46.222,,,,-45.439,,,,-45.0969,,,,-46.255,,,,-47.3799,,,,-49.2975,,,,-48.096,,,,-47.8427,,,,-46.354,,,,-44.9975,,,,-45.461,,,,-46.2882,,,,-46.834
,,,,-48.206,,,,-47.1483,,,,-47.071,,,,-46.1888,,,,-45.417,,,,-45.0637,,,,-46.233,,,,-47.3467,,,,-49.2644,,,,-48.096,,,,-47.8759,,,,-46.354,,,,-44.9975,,,,-45.45,,,,-46.2882,,,,-46.817
,,,,-48.19,,,,-47.1153,,,,-47.082,,,,-46.2551,,,,-45.461,,,,-45.0969,,,,-46.255,,,,-47.3799,,,,-49.2644,,,,-48.085,,,,-47.8759,,,,-46.387,,,,-45.0306,,,,-45.472,,,,-46.2882,,,,-46.834
,,,,-48.206,,,,-47.1483,,,,-47.093,,,,-46.2551,,,,-45.472,,,,-45.13,,,,-46.266,,,,-47.3799,,,,-49.2644,,,,-48.096,,,,-47.8759,,,,-46.387,,,,-45.0306,,,,-45.483,,,,-46.2882,,,,-46.834
,,,,-48.239,,,,-47.1813,,,,-47.104,,,,-46.222,,,,-45.461,,,,-45.13,,,,-46.266,,,,-47.3799,,,,-49.2975,,,,-48.129,,,,-47.909,,,,-46.387,,,,-45.0306,,,,-45.483,,,,-46.2882,,,,-46.834
,,,,-48.223,,,,-47.1813,,,,-47.104,,,,-46.222,,,,-45.461,,,,-45.13,,,,-46.277,,,,-47.3799,,,,-49.2644,,,,-48.118,,,,-47.909,,,,-46.387,,,,-45.0306,,,,-45.494,,,,-46.3213,,,,-46.851
,,,,-48.239,,,,-47.1813,,,,-47.104,,,,-46.222,,,,-45.483,,,,-45.163,,,,-46.299,,,,-47.3799,,,,-49.2975,,,,-48.129,,,,-47.909,,,,-46.398,,,,-45.0637,,,,-45.527,,,,-46.3543,,,,-46.867
,,,,-48.239,,,,-47.1813,,,,-47.104,,,,-46.222,,,,-45.483,,,,-45.163,,,,-46.299,,,,-47.4129,,,,-49.2975,,,,-48.129,,,,-47.909,,,,-46.398,,,,-45.0637,,,,-45.516,,,,-46.3213,,,,-46.867
,,,,-48.272,,,,-47.2475,,,,-47.137,,,,-46.2551,,,,-45.505,,,,-45.163,,,,-46.299,,,,-47.4129,,,,-49.2975,,,,-48.151,,,,-47.909,,,,-46.42,,,,-45.0969,,,,-45.527,,,,-46.3213,,,,-46.867
,,,,-48.223,,,,-47.1153,,,,-47.104,,,,-46.2882,,,,-45.516,,,,-45.163,,,,-46.31,,,,-47.4129,,,,-49.3305,,,,-48.118,,,,-47.909,,,,-46.431,,,,-45.0969,,,,-45.538,,,,-46.3543,,,,-46.884
,,,,-48.289,,,,-47.2475,,,,-47.137,,,,-46.2551,,,,-45.505,,,,-45.196,,,,-46.31,,,,-47.3799,,,,-49.3305,,,,-48.162,,,,-47.909,,,,-46.409,,,,-45.0637,,,,-45.538,,,,-46.3543,,,,-46.867
,,,,-48.239,,,,-47.1483,,,,-47.115,,,,-46.2882,,,,-45.527,,,,-45.196,,,,-46.321,,,,-47.446,,,,-49.3305,,,,-48.129,,,,-47.909,,,,-46.431,,,,-45.0969,,,,-45.538,,,,-46.3213,,,,-46.884
,,,,-48.239,,,,-47.1813,,,,-47.137,,,,-46.3213,,,,-45.549,,,,-45.196,,,,-46.321,,,,-47.446,,,,-49.2975,,,,-48.129,,,,-47.909,,,,-46.453,,,,-45.13,,,,-45.549,,,,-46.3213,,,,-46.884
,,,,-48.256,,,,-47.2144,,,,-47.17,,,,-46.3543,,,,-45.571,,,,-45.2292,,,,-46.343,,,,-47.446,,,,-49.2975,,,,-48.151,,,,-47.942,,,,-46.475,,,,-45.13,,,,-45.571,,,,-46.3543,,,,-46.9
,,,,-48.239,,,,-47.1483,,,,-47.126,,,,-46.3213,,,,-45.56,,,,-45.2292,,,,-46.354,,,,-47.4791,,,,-49.3305,,,,-48.129,,,,-47.909,,,,-46.453,,,,-45.13,,,,-45.571,,,,-46.3543,,,,-46.917
,,,,-48.239,,,,-47.1813,,,,-47.148,,,,-46.3213,,,,-45.571,,,,-45.2623,,,,-46.365,,,,-47.4791,,,,-49.2975,,,,-48.14,,,,-47.942,,,,-46.464,,,,-45.13,,,,-45.582,,,,-46.3543,,,,-46.917
,,,,-48.256,,,,-47.2144,,,,-47.159,,,,-46.3213,,,,-45.571,,,,-45.2623,,,,-46.365,,,,-47.4791,,,,-49.2975,,,,-48.151,,,,-47.942,,,,-46.464,,,,-45.13,,,,-45.582,,,,-46.3543,,,,-46.917
,,,,-48.272,,,,-47.2144,,,,-47.17,,,,-46.3543,,,,-45.593,,,,-45.2623,,,,-46.354,,,,-47.446,,,,-49.3305,,,,-48.162,,,,-47.942,,,,-46.486,,,,-45.163,,,,-45.593,,,,-46.3543,,,,-46.9
,,,,-48.272,,,,-47.2144,,,,-47.17,,,,-46.3543,,,,-45.604,,,,-45.2954,,,,-46.376,,,,-47.446,,,,-49.3305,,,,-48.162,,,,-47.942,,,,-46.486,,,,-45.163,,,,-45.615,,,,-46.3875,,,,-46.917
,,,,-48.322,,,,-47.3137,,,,-47.203,,,,-46.3543,,,,-45.593,,,,-45.2623,,,,-46.376,,,,-47.4791,,,,-49.3305,,,,-48.195,,,,-47.942,,,,-46.486,,,,-45.163,,,,-45.604,,,,-46.3875,,,,-46.933
,,,,-48.272,,,,-47.1813,,,,-47.181,,,,-46.3875,,,,-45.626,,,,-45.2954,,,,-46.398,,,,-47.512,,,,-49.3636,,,,-48.173,,,,-47.9751,,,,-46.52,,,,-45.196,,,,-45.626,,,,-46.3875,,,,-46.95
,,,,-48.322,,,,-47.3137,,,,-47.214,,,,-46.3543,,,,-45.604,,,,-45.2954,,,,-46.398,,,,-47.512,,,,-49.3305,,,,-48.206,,,,-47.9751,,,,-46.497,,,,-45.163,,,,-45.615,,,,-46.3875,,,,-46.95
,,,,-48.339,,,,-47.3137,,,,-47.236,,,,-46.4205,,,,-45.626,,,,-45.2954,,,,-46.398,,,,-47.4791,,,,-49.3636,,,,-48.217,,,,-47.9751,,,,-46.52,,,,-45.163,,,,-45.626,,,,-46.4205,,,,-46.95
,,,,-48.306,,,,-47.2475,,,,-47.214,,,,-46.4205,,,,-45.659,,,,-45.3285,,,,-46.42,,,,-47.512,,,,-49.3636,,,,-48.195,,,,-47.9751,,,,-46.542,,,,-45.2292,,,,-45.659,,,,-46.4205,,,,-46.966
,,,,-48.322,,,,-47.2806,,,,-47.225,,,,-46.4205,,,,-45.659,,,,-45.3616,,,,-46.453,,,,-47.5452,,,,-49.3636,,,,-48.206,,,,-47.9751,,,,-46.531,,,,-45.196,,,,-45.67,,,,-46.4536,,,,-46.999
,,,,-48.339,,,,-47.3137,,,,-47.225,,,,-46.3543,,,,-45.637,,,,-45.3616,,,,-46.442,,,,-47.5452,,,,-49.3636,,,,-48.228,,,,-48.0081,,,,-46.519,,,,-45.196,,,,-45.659,,,,-46.4205,,,,-46.983
,,,,-48.339,,,,-47.3137,,,,-47.247,,,,-46.4205,,,,-45.67,,,,-45.3616,,,,-46.453,,,,-47.5452,,,,-49.3636,,,,-48.228,,,,-48.0081,,,,-46.553,,,,-45.2292,,,,-45.681,,,,-46.4536,,,,-46.999
,,,,-48.289,,,,-47.2144,,,,-47.214,,,,-46.4205,,,,-45.692,,,,-45.3947,,,,-46.464,,,,-47.5452,,,,-49.3636,,,,-48.195,,,,-48.0081,,,,-46.564,,,,-45.2623,,,,-45.704,,,,-46.4536,,,,-46.999
,,,,-48.322,,,,-47.2806,,,,-47.247,,,,-46.4536,,,,-45.704,,,,-45.3947,,,,-46.464,,,,-47.5452,,,,-49.3636,,,,-48.217,,,,-48.0081,,,,-46.575,,,,-45.2623,,,,-45.704,,,,-46.4536,,,,-46.999
,,,,-48.355,,,,-47.3467,,,,-47.28,,,,-46.4867,,,,-45.715,,,,-45.3947,,,,-46.476,,,,-47.5452,,,,-49.3636,,,,-48.239,,,,-48.0081,,,,-46.586,,,,-45.2623,,,,-45.715,,,,-46.4867,,,,-47.016
,,,,-48.388,,,,-47.3799,,,,-47.292,,,,-46.4536,,,,-45.715,,,,-45.4278,,,,-46.487,,,,-47.5783,,,,-49.3967,,,,-48.273,,,,-48.0412,,,,-46.586,,,,-45.2623,,,,-45.715,,,,-46.4536,,,,-47.016
,,,,-48.372,,,,-47.3799,,,,-47.314,,,,-46.5197,,,,-45.737,,,,-45.3947,,,,-46.487,,,,-47.5783,,,,-49.3636,,,,-48.262,,,,-48.0412,,,,-46.619,,,,-45.2954,,,,-45.726,,,,-46.4867,,,,-47.032
,,,,-48.372,,,,-47.3467,,,,-47.28,,,,-46.4536,,,,-45.726,,,,-45.4278,,,,-46.498,,,,-47.5783,,,,-49.3967,,,,-48.262,,,,-48.0412,,,,-46.597,,,,-45.2954,,,,-45.737,,,,-46.4867,,,,-47.032
,,,,-48.388,,,,-47.3799,,,,-47.303,,,,-46.4867,,,,-45.737,,,,-45.4278,,,,-46.498,,,,-47.5783,,,,-49.3967,,,,-48.273,,,,-48.0412,,,,-46.608,,,,-45.2954,,,,-45.737,,,,-46.4867,,,,-47.032
,,,,-48.372,,,,-47.3467,,,,-47.314,,,,-46.5529,,,,-45.759,,,,-45.4278,,,,-46.498,,,,-47.6113,,,,-49.3967,,,,-48.262,,,,-48.0412,,,,-46.63,,,,-45.2954,,,,-45.726,,,,-46.4536,,,,-47.032
,,,,-48.355,,,,-47.3137,,,,-47.292,,,,-46.4867,,,,-45.759,,,,-45.4609,,,,-46.509,,,,-47.5783,,,,-49.3967,,,,-48.262,,,,-48.0743,,,,-46.63,,,,-45.3285,,,,-45.759,,,,-46.4867,,,,-47.032
,,,,-48.372,,,,-47.3467,,,,-47.303,,,,-46.4867,,,,-45.759,,,,-45.4609,,,,-46.52,,,,-47.5783,,,,-49.3967,,,,-48.273,,,,-48.0743,,,,-46.63,,,,-45.3285,,,,-45.77,,,,-46.5197,,,,-47.049
,,,,-48.388,,,,-47.3799,,,,-47.314,,,,-46.4867,,,,-45.77,,,,-45.494,,,,-46.531,,,,-47.5783,,,,-49.3967,,,,-48.284,,,,-48.0743,,,,-46.63,,,,-45.3285,,,,-45.781,,,,-46.5197,,,,-47.049
,,,,-48.372,,,,-47.3467,,,,-47.336,,,,-46.5529,,,,-45.803,,,,-45.494,,,,-46.542,,,,-47.6113,,,,-49.3967,,,,-48.284,,,,-48.1074,,,,-46.674,,,,-45.3616,,,,-45.792,,,,-46.5197,,,,-47.066
,,,,-48.438,,,,-47.446,,,,-47.369,,,,-46.586,,,,-45.814,,,,-45.494,,,,-46.542,,,,-47.6113,,,,-49.4297,,,,-48.317,,,,-48.0743,,,,-46.674,,,,-45.3616,,,,-45.792,,,,-46.5197,,,,-47.066
,,,,-48.388,,,,-47.3467,,,,-47.325,,,,-46.5197,,,,-45.792,,,,-45.494,,,,-46.542,,,,-47.6113,,,,-49.4297,,,,-48.295,,,,-48.1074,,,,-46.663,,,,-45.3616,,,,-45.792,,,,-46.5197,,,,-47.066
,,,,-48.438,,,,-47.446,,,,-47.369,,,,-46.5529,,,,-45.814,,,,-45.527,,,,-46.564,,,,-47.6444,,,,-49.4297,,,,-48.328,,,,-48.1074,,,,-46.674,,,,-45.3616,,,,-45.803,,,,-46.5197,,,,-47.082
,,,,-48.421,,,,-47.4129,,,,-47.369,,,,-46.586,,,,-45.836,,,,-45.527,,,,-46.564,,,,-47.6444,,,,-49.4297,,,,-48.317,,,,-48.1074,,,,-46.696,,,,-45.3947,,,,-45.814,,,,-46.5197,,,,-47.082
,,,,-48.454,,,,-47.4791,,,,-47.391,,,,-46.5529,,,,-45.825,,,,-45.527,,,,-46.575,,,,-47.6444,,,,-49.4297,,,,-48.35,,,,-48.1405,,,,-46.696,,,,-45.3947,,,,-45.825,,,,-46.5529,,,,-47.099
,,,,-48.471,,,,-47.512,,,,-47.413,,,,-46.586,,,,-45.836,,,,-45.527,,,,-46.575,,,,-47.6444,,,,-49.4297,,,,-48.361,,,,-48.1405,,,,-46.707,,,,-45.3947,,,,-45.825,,,,-46.5529,,,,-47.099
,,,,-48.471,,,,-47.4791,,,,-47.402,,,,-46.586,,,,-45.858,,,,-45.5602,,,,-46.597,,,,-47.6774,,,,-49.4628,,,,-48.361,,,,-48.1405,,,,-46.718,,,,-45.4278,,,,-45.847,,,,-46.5529,,,,-47.115
,,,,-48.405,,,,-47.3799,,,,-47.38,,,,-46.6521,,,,-45.869,,,,-45.5602,,,,-46.597,,,,-47.6774,,,,-49.4297,,,,-48.306,,,,-48.1074,,,,-46.718,,,,-45.3947,,,,-45.836,,,,-46.5529,,,,-47.115
,,,,-48.405,,,,-47.3799,,,,-47.391,,,,-46.6521,,,,-45.88,,,,-45.5602,,,,-46.597,,,,-47.6774,,,,-49.4297,,,,-48.317,,,,-48.1405,,,,-46.74,,,,-45.4278,,,,-45.847,,,,-46.5529,,,,-47.115
,,,,-48.454,,,,-47.446,,,,-47.391,,,,-46.586,,,,-45.869,,,,-45.5933,,,,-46.608,,,,-47.6774,,,,-49.4628,,,,-48.35,,,,-48.1405,,,,-46.718,,,,-45.4278,,,,-45.858,,,,-46.5529,,,,-47.115
,,,,-48.487,,,,-47.512,,,,-47.435,,,,-46.6521,,,,-45.902,,,,-45.5933,,,,-46.619,,,,-47.6774,,,,-49.4628,,,,-48.372,,,,-48.1405,,,,-46.751,,,,-45.4609,,,,-45.88,,,,-46.586,,,,-47.132
,,,,-48.471,,,,-47.4791,,,,-47.413,,,,-46.619,,,,-45.902,,,,-45.6264,,,,-46.63,,,,-47.6774,,,,-49.4628,,,,-48.361,,,,-48.1405,,,,-46.74,,,,-45.4609,,,,-45.891,,,,-46.586,,,,-47.132
,,,,-48.454,,,,-47.446,,,,-47.424,,,,-46.6521,,,,-45.902,,,,-45.5933,,,,-46.63,,,,-47.7106,,,,-49.4628,,,,-48.361,,,,-48.1734,,,,-46.762,,,,-45.4609,,,,-45.88,,,,-46.586,,,,-47.148
,,,,-48.471,,,,-47.446,,,,-47.413,,,,-46.619,,,,-45.902,,,,-45.6264,,,,-46.641,,,,-47.7106,,,,-49.4957,,,,-48.372,,,,-48.1734,,,,-46.751,,,,-45.4609,,,,-45.891,,,,-46.586,,,,-47.148
,,,,-48.487,,,,-47.4791,,,,-47.435,,,,-46.6521,,,,-45.924,,,,-45.6264,,,,-46.63,,,,-47.6774,,,,-49.4957,,,,-48.383,,,,-48.1734,,,,-46.773,,,,-45.494,,,,-45.902,,,,-46.586,,,,-47.132
,,,,-48.52,,,,-47.5452,,,,-47.468,,,,-46.6852,,,,-45.935,,,,-45.6264,,,,-46.652,,,,-47.7106,,,,-49.4957,,,,-48.405,,,,-48.1734,,,,-46.784,,,,-45.494,,,,-45.913,,,,-46.619,,,,-47.165
,,,,-48.487,,,,-47.4791,,,,-47.446,,,,-46.6852,,,,-45.957,,,,-45.6595,,,,-46.674,,,,-47.7437,,,,-49.4957,,,,-48.383,,,,-48.1734,,,,-46.795,,,,-45.527,,,,-45.935,,,,-46.619,,,,-47.181
,,,,-48.504,,,,-47.512,,,,-47.468,,,,-46.6852,,,,-45.957,,,,-45.6925,,,,-46.685,,,,-47.7437,,,,-49.4957,,,,-48.405,,,,-48.2066,,,,-46.795,,,,-45.494,,,,-45.935,,,,-46.619,,,,-47.181
,,,,-48.487,,,,-47.4791,,,,-47.457,,,,-46.6852,,,,-45.979,,,,-45.6925,,,,-46.674,,,,-47.7106,,,,-49.4957,,,,-48.394,,,,-48.2066,,,,-46.817,,,,-45.5602,,,,-45.957,,,,-46.619,,,,-47.165
,,,,-48.52,,,,-47.4791,,,,-47.468,,,,-46.6852,,,,-45.99,,,,-45.6925,,,,-46.707,,,,-47.7437,,,,-49.5619,,,,-48.427,,,,-48.2396,,,,-46.839,,,,-45.5933,,,,-45.99,,,,-46.6852,,,,-47.214
,,,,-48.57,,,,-47.5452,,,,-47.512,,,,-46.6852,,,,-45.979,,,,-45.6925,,,,-46.718,,,,-47.7767,,,,-49.5949,,,,-48.482,,,,-48.3058,,,,-46.85,,,,-45.5602,,,,-45.979,,,,-46.6852,,,,-47.231
,,,,-48.586,,,,-47.512,,,,-47.556,,,,-46.7845,,,,-46.034,,,,-45.7257,,,,-46.74,,,,-47.7767,,,,-49.661,,,,-48.515,,,,-48.3719,,,,-46.917,,,,-45.5933,,,,-46.012,,,,-46.7183,,,,-47.248
,,,,-48.653,,,,-47.5452,,,,-47.567,,,,-46.7183,,,,-46.034,,,,-45.7588,,,,-46.773,,,,-47.7767,,,,-49.7602,,,,-48.581,,,,-48.438,,,,-46.928,,,,-45.6264,,,,-46.057,,,,-46.7845,,,,-47.281
,,,,-48.702,,,,-47.6113,,,,-47.622,,,,-46.7845,,,,-46.057,,,,-45.7588,,,,-46.806,,,,-47.8098,,,,-49.7932,,,,-48.625,,,,-48.4711,,,,-46.961,,,,-45.6264,,,,-46.079,,,,-46.8505,,,,-47.33
,,,,-48.752,,,,-47.6444,,,,-47.644,,,,-46.7183,,,,-46.057,,,,-45.7588,,,,-46.828,,,,-47.8427,,,,-49.8593,,,,-48.691,,,,-48.5703,,,,-46.994,,,,-45.6925,,,,-46.112,,,,-46.8837,,,,-47.363
,,,,-48.768,,,,-47.5783,,,,-47.688,,,,-46.8505,,,,-46.134,,,,-45.825,,,,-46.873,,,,-47.8759,,,,-49.9585,,,,-48.724,,,,-48.6364,,,,-47.071,,,,-45.7257,,,,-46.156,,,,-46.9167,,,,-47.396
,,,,-48.884,,,,-47.7106,,,,-47.766,,,,-46.9167,,,,-46.178,,,,-45.858,,,,-46.939,,,,-47.942,,,,-50.0576,,,,-48.813,,,,-48.6694,,,,-47.115,,,,-45.7588,,,,-46.211,,,,-47.0159,,,,-47.479
,,,,-48.868,,,,-47.6444,,,,-47.788,,,,-47.0159,,,,-46.244,,,,-45.8911,,,,-46.961,,,,-47.942,,,,-50.0906,,,,-48.812,,,,-48.7025,,,,-47.181,,,,-45.825,,,,-46.255,,,,-47.0491,,,,-47.496
,,,,-48.95,,,,-47.7437,,,,-47.843,,,,-47.0159,,,,-46.255,,,,-45.9242,,,,-46.983,,,,-47.9751,,,,-50.1567,,,,-48.89,,,,-48.7686,,,,-47.203,,,,-45.825,,,,-46.266,,,,-47.0491,,,,-47.512
,,,,-48.983,,,,-47.7437,,,,-47.854,,,,-47.0159,,,,-46.266,,,,-45.9242,,,,-47.016,,,,-48.0081,,,,-50.2228,,,,-48.923,,,,-48.8017,,,,-47.225,,,,-45.858,,,,-46.299,,,,-47.1153,,,,-47.562
,,,,-49.033,,,,-47.7767,,,,-47.887,,,,-46.9829,,,,-46.266,,,,-45.9242,,,,-47.038,,,,-48.0412,,,,-50.2889,,,,-48.989,,,,-48.9008,,,,-47.258,,,,-45.8911,,,,-46.321,,,,-47.1483,,,,-47.595
,,,,-49.082,,,,-47.7767,,,,-47.942,,,,-47.0822,,,,-46.332,,,,-45.9904,,,,-47.093,,,,-48.0743,,,,-50.388,,,,-49.044,,,,-48.9669,,,,-47.324,,,,-45.9242,,,,-46.376,,,,-47.2144,,,,-47.644
,,,,-49.115,,,,-47.8098,,,,-47.964,,,,-47.1153,,,,-46.354,,,,-45.9904,,,,-47.115,,,,-48.0743,,,,-50.421,,,,-49.066,,,,-48.9669,,,,-47.346,,,,-45.9573,,,,-46.409,,,,-47.2806,,,,-47.677
,,,,-49.148,,,,-47.8098,,,,-48.03,,,,-47.2144,,,,-46.409,,,,-46.0234,,,,-47.148,,,,-48.1074,,,,-50.4871,,,,-49.121,,,,-49.0661,,,,-47.424,,,,-45.9904,,,,-46.442,,,,-47.3137,,,,-47.711
,,,,-49.264,,,,-47.8759,,,,-48.118,,,,-47.3137,,,,-46.509,,,,-46.1228,,,,-47.258,,,,-48.2396,,,,-50.6522,,,,-49.231,,,,-49.1652,,,,-47.523,,,,-46.0897,,,,-46.542,,,,-47.4129,,,,-47.826
,,,,-49.363,,,,-47.942,,,,-48.173,,,,-47.3467,,,,-46.553,,,,-46.1559,,,,-47.314,,,,-48.2727,,,,-50.7844,,,,-49.319,,,,-49.2314,,,,-47.578,,,,-46.1559,,,,-46.608,,,,-47.512,,,,-47.892
,,,,-49.429,,,,-48.0412,,,,-48.251,,,,-47.3799,,,,-46.575,,,,-46.1888,,,,-47.347,,,,-48.3058,,,,-50.8174,,,,-49.396,,,,-49.3305,,,,-47.622,,,,-46.1559,,,,-46.63,,,,-47.5452,,,,-47.926
,,,,-49.38,,,,-47.942,,,,-48.217,,,,-47.3799,,,,-46.586,,,,-46.1888,,,,-47.347,,,,-48.3058,,,,-50.8174,,,,-49.363,,,,-49.3305,,,,-47.633,,,,-46.1888,,,,-46.641,,,,-47.5452,,,,-47.926
,,,,-49.479,,,,-48.0743,,,,-48.295,,,,-47.446,,,,-46.641,,,,-46.2551,,,,-47.391,,,,-48.3388,,,,-50.8835,,,,-49.44,,,,-49.3636,,,,-47.677,,,,-46.222,,,,-46.685,,,,-47.5783,,,,-47.959
,,,,-49.495,,,,-48.0412,,,,-48.306,,,,-47.4791,,,,-46.663,,,,-46.2551,,,,-47.424,,,,-48.3719,,,,-50.9496,,,,-49.462,,,,-49.3967,,,,-47.71,,,,-46.2551,,,,-46.718,,,,-47.6444,,,,-48.008
,,,,-49.462,,,,-47.9751,,,,-48.273,,,,-47.446,,,,-46.674,,,,-46.2882,,,,-47.457,,,,-48.405,,,,-50.9496,,,,-49.44,,,,-49.3967,,,,-47.71,,,,-46.2882,,,,-46.751,,,,-47.6774,,,,-48.041
,,,,-49.562,,,,-48.1405,,,,-48.372,,,,-47.512,,,,-46.696,,,,-46.2882,,,,-47.479,,,,-48.438,,,,-50.9825,,,,-49.529,,,,-49.4628,,,,-47.754,,,,-46.2882,,,,-46.762,,,,-47.7106,,,,-48.074
,,,,-49.528,,,,-48.0412,,,,-48.35,,,,-47.512,,,,-46.718,,,,-46.3213,,,,-47.49,,,,-48.438,,,,-51.0156,,,,-49.518,,,,-49.4957,,,,-47.776,,,,-46.3213,,,,-46.784,,,,-47.7106,,,,-48.074
,,,,-49.611,,,,-48.1734,,,,-48.427,,,,-47.5783,,,,-46.762,,,,-46.3543,,,,-47.523,,,,-48.438,,,,-51.0487,,,,-49.584,,,,-49.5289,,,,-47.82,,,,-46.3543,,,,-46.828,,,,-47.7767,,,,-48.107
,,,,-49.628,,,,-48.1734,,,,-48.438,,,,-47.5783,,,,-46.784,,,,-46.3875,,,,-47.545,,,,-48.4711,,,,-51.0817,,,,-49.606,,,,-49.5619,,,,-47.843,,,,-46.3875,,,,-46.851,,,,-47.7767,,,,-48.124
,,,,-49.644,,,,-48.1734,,,,-48.449,,,,-47.6113,,,,-46.817,,,,-46.4205,,,,-47.578,,,,-48.504,,,,-51.1148,,,,-49.617,,,,-49.5619,,,,-47.865,,,,-46.4205,,,,-46.884,,,,-47.8098,,,,-48.157
,,,,-49.694,,,,-48.2396,,,,-48.46,,,,-47.5452,,,,-46.795,,,,-46.3875,,,,-47.589,,,,-48.5372,,,,-51.1478,,,,-49.661,,,,-49.5949,,,,-47.865,,,,-46.4536,,,,-46.895,,,,-47.8427,,,,-48.19
,,,,-49.727,,,,-48.2727,,,,-48.504,,,,-47.6444,,,,-46.851,,,,-46.4536,,,,-47.633,,,,-48.5703,,,,-51.1808,,,,-49.683,,,,-49.5949,,,,-47.898,,,,-46.4536,,,,-46.928,,,,-47.8759,,,,-48.223
,,,,-49.743,,,,-48.2727,,,,-48.526,,,,-47.6774,,,,-46.873,,,,-46.4536,,,,-47.633,,,,-48.5703,,,,-51.2139,,,,-49.705,,,,-49.628,,,,-47.931,,,,-46.4867,,,,-46.939,,,,-47.8759,,,,-48.223
,,,,-49.76,,,,-48.2727,,,,-48.548,,,,-47.7106,,,,-46.895,,,,-46.4867,,,,-47.677,,,,-48.6364,,,,-51.2469,,,,-49.727,,,,-49.661,,,,-47.953,,,,-46.4867,,,,-46.961,,,,-47.909,,,,-48.273
,,,,-49.793,,,,-48.3058,,,,-48.581,,,,-47.7437,,,,-46.928,,,,-46.5197,,,,-47.71,,,,-48.6364,,,,-51.2799,,,,-49.76,,,,-49.6941,,,,-47.986,,,,-46.5197,,,,-47.005,,,,-47.9751,,,,-48.306
,,,,-49.793,,,,-48.3058,,,,-48.581,,,,-47.7106,,,,-46.939,,,,-46.5529,,,,-47.732,,,,-48.6694,,,,-51.2799,,,,-49.771,,,,-49.7271,,,,-47.997,,,,-46.5529,,,,-47.027,,,,-47.9751,,,,-48.322
,,,,-49.826,,,,-48.3388,,,,-48.581,,,,-47.6774,,,,-46.928,,,,-46.5197,,,,-47.743,,,,-48.7025,,,,-51.3129,,,,-49.793,,,,-49.7271,,,,-47.997,,,,-46.586,,,,-47.038,,,,-48.0081,,,,-48.355
,,,,-49.842,,,,-48.3719,,,,-48.636,,,,-47.7767,,,,-46.972,,,,-46.5529,,,,-47.743,,,,-48.6694,,,,-51.3129,,,,-49.815,,,,-49.7602,,,,-48.041,,,,-46.586,,,,-47.049,,,,-48.0081,,,,-48.339
,,,,-49.826,,,,-48.3058,,,,-48.603,,,,-47.7437,,,,-46.983,,,,-46.586,,,,-47.799,,,,-48.7356,,,,-51.3459,,,,-49.804,,,,-49.7602,,,,-48.041,,,,-46.619,,,,-47.093,,,,-48.0743,,,,-48.405
,,,,-49.842,,,,-48.3058,,,,-48.647,,,,-47.8427,,,,-47.027,,,,-46.619,,,,-47.821,,,,-48.7686,,,,-51.379,,,,-49.826,,,,-49.7932,,,,-48.085,,,,-46.619,,,,-47.104,,,,-48.0743,,,,-48.421
,,,,-49.859,,,,-48.3058,,,,-48.669,,,,-47.8759,,,,-47.06,,,,-46.6521,,,,-47.832,,,,-48.7686,,,,-51.412,,,,-49.848,,,,-49.8262,,,,-48.118,,,,-46.6521,,,,-47.126,,,,-48.0743,,,,-48.421
,,,,-49.875,,,,-48.3058,,,,-48.68,,,,-47.8759,,,,-47.06,,,,-46.6521,,,,-47.854,,,,-48.7686,,,,-51.445,,,,-49.87,,,,-49.8593,,,,-48.129,,,,-46.6521,,,,-47.148,,,,-48.1405,,,,-48.455
,,,,-49.942,,,,-48.405,,,,-48.724,,,,-47.909,,,,-47.093,,,,-46.6521,,,,-47.865,,,,-48.8017,,,,-51.478,,,,-49.914,,,,-49.8593,,,,-48.162,,,,-46.7183,,,,-47.17,,,,-48.1405,,,,-48.471
,,,,-49.958,,,,-48.438,,,,-48.724,,,,-47.8427,,,,-47.082,,,,-46.6852,,,,-47.898,,,,-48.8346,,,,-51.478,,,,-49.936,,,,-49.8923,,,,-48.151,,,,-46.7183,,,,-47.192,,,,-48.1734,,,,-48.504
,,,,-49.975,,,,-48.4711,,,,-48.757,,,,-47.909,,,,-47.104,,,,-46.6852,,,,-47.898,,,,-48.8346,,,,-51.478,,,,-49.947,,,,-49.8923,,,,-48.173,,,,-46.7183,,,,-47.192,,,,-48.1734,,,,-48.504
,,,,-50.008,,,,-48.5372,,,,-48.779,,,,-47.8427,,,,-47.104,,,,-46.7183,,,,-47.942,,,,-48.8678,,,,-51.478,,,,-49.991,,,,-49.9585,,,,-48.184,,,,-46.7514,,,,-47.236,,,,-48.2396,,,,-48.554
,,,,-49.991,,,,-48.438,,,,-48.746,,,,-47.8427,,,,-47.115,,,,-46.7183,,,,-47.942,,,,-48.8678,,,,-51.5441,,,,-49.98,,,,-49.9585,,,,-48.195,,,,-46.7845,,,,-47.247,,,,-48.2396,,,,-48.554
,,,,-50.008,,,,-48.4711,,,,-48.791,,,,-47.942,,,,-47.159,,,,-46.7514,,,,-47.975,,,,-48.9008,,,,-51.5441,,,,-49.991,,,,-49.9585,,,,-48.228,,,,-46.7845,,,,-47.27,,,,-48.2727,,,,-48.587
,,,,-50.024,,,,-48.504,,,,-48.835,,,,-47.9751,,,,-47.192,,,,-46.7845,,,,-47.997,,,,-48.9339,,,,-51.5441,,,,-50.024,,,,-50.0245,,,,-48.272,,,,-46.8176,,,,-47.292,,,,-48.2727,,,,-48.603
,,,,-50.057,,,,-48.5372,,,,-48.846,,,,-48.0081,,,,-47.203,,,,-46.7845,,,,-48.03,,,,-48.9669,,,,-51.5771,,,,-50.035,,,,-49.9914,,,,-48.272,,,,-46.8176,,,,-47.314,,,,-48.3388,,,,-48.653
,,,,-50.074,,,,-48.5372,,,,-48.868,,,,-48.0081,,,,-47.214,,,,-46.8176,,,,-48.041,,,,-48.9669,,,,-51.6102,,,,-50.068,,,,-50.0576,,,,-48.294,,,,-46.8176,,,,-47.325,,,,-48.3388,,,,-48.653
,,,,-50.09,,,,-48.5703,,,,-48.89,,,,-48.0412,,,,-47.247,,,,-46.8505,,,,-48.063,,,,-48.9999,,,,-51.6102,,,,-50.079,,,,-50.0576,,,,-48.316,,,,-46.8505,,,,-47.347,,,,-48.3388,,,,-48.669
,,,,-50.14,,,,-48.5703,,,,-48.934,,,,-48.0743,,,,-47.303,,,,-46.9167,,,,-48.151,,,,-49.0992,,,,-51.7092,,,,-50.145,,,,-50.1567,,,,-48.383,,,,-46.9167,,,,-47.424,,,,-48.438,,,,-48.769
,,,,-50.206,,,,-48.6694,,,,-48.978,,,,-48.1074,,,,-47.347,,,,-46.9498,,,,-48.173,,,,-49.0992,,,,-51.7423,,,,-50.189,,,,-50.1567,,,,-48.416,,,,-46.9829,,,,-47.468,,,,-48.4711,,,,-48.785
,,,,-50.255,,,,-48.7686,,,,-49.022,,,,-48.1405,,,,-47.358,,,,-46.9498,,,,-48.184,,,,-49.1322,,,,-51.7423,,,,-50.223,,,,-50.1567,,,,-48.427,,,,-46.9829,,,,-47.468,,,,-48.4711,,,,-48.802
,,,,-50.255,,,,-48.7356,,,,-49.011,,,,-48.1074,,,,-47.369,,,,-46.9829,,,,-48.206,,,,-49.1322,,,,-51.7753,,,,-50.234,,,,-50.1898,,,,-48.438,,,,-47.0159,,,,-47.501,,,,-48.504,,,,-48.818
,,,,-50.288,,,,-48.8017,,,,-49.088,,,,-48.2066,,,,-47.402,,,,-46.9829,,,,-48.228,,,,-49.1652,,,,-51.7753,,,,-50.278,,,,-50.2558,,,,-48.493,,,,-47.0159,,,,-47.512,,,,-48.5372,,,,-48.851
,,,,-50.288,,,,-48.7686,,,,-49.055,,,,-48.1734,,,,-47.413,,,,-47.0159,,,,-48.239,,,,-49.1652,,,,-51.8082,,,,-50.267,,,,-50.2228,,,,-48.482,,,,-47.0491,,,,-47.534,,,,-48.5372,,,,-48.851
,,,,-50.272,,,,-48.7356,,,,-49.066,,,,-48.2066,,,,-47.424,,,,-47.0159,,,,-48.273,,,,-49.2314,,,,-51.8082,,,,-50.267,,,,-50.2558,,,,-48.504,,,,-47.0491,,,,-47.545,,,,-48.5703,,,,-48.901
,,,,-50.338,,,,-48.8346,,,,-49.11,,,,-48.2066,,,,-47.446,,,,-47.0491,,,,-48.284,,,,-49.2314,,,,-51.8414,,,,-50.322,,,,-50.2889,,,,-48.526,,,,-47.0822,,,,-47.567,,,,-48.5703,,,,-48.901
,,,,-50.305,,,,-48.7686,,,,-49.088,,,,-48.2066,,,,-47.468,,,,-47.0822,,,,-48.317,,,,-49.2644,,,,-51.8414,,,,-50.3,,,,-50.2889,,,,-48.537,,,,-47.1153,,,,-47.6,,,,-48.6033,,,,-48.934
,,,,-50.338,,,,-48.8346,,,,-49.099,,,,-48.1734,,,,-47.457,,,,-47.0822,,,,-48.328,,,,-49.2644,,,,-51.8414,,,,-50.322,,,,-50.2889,,,,-48.526,,,,-47.1153,,,,-47.611,,,,-48.6364,,,,-48.95
,,,,-50.338,,,,-48.8017,,,,-49.11,,,,-48.2396,,,,-47.479,,,,-47.0822,,,,-48.328,,,,-49.2644,,,,-51.8744,,,,-50.322,,,,-50.2889,,,,-48.548,,,,-47.1153,,,,-47.611,,,,-48.6364,,,,-48.95
,,,,-50.388,,,,-48.8678,,,,-49.165,,,,-48.3058,,,,-47.523,,,,-47.1153,,,,-48.361,,,,-49.2975,,,,-51.9073,,,,-50.366,,,,-50.3218,,,,-48.592,,,,-47.1483,,,,-47.644,,,,-48.6694,,,,-48.983
,,,,-50.371,,,,-48.8017,,,,-49.132,,,,-48.2396,,,,-47.512,,,,-47.1153,,,,-48.361,,,,-49.2975,,,,-51.9404,,,,-50.366,,,,-50.3549,,,,-48.592,,,,-47.1813,,,,-47.655,,,,-48.6694,,,,-48.983
,,,,-50.404,,,,-48.8678,,,,-49.176,,,,-48.2727,,,,-47.534,,,,-47.1483,,,,-48.394,,,,-49.3305,,,,-51.9404,,,,-50.399,,,,-50.388,,,,-48.614,,,,-47.1813,,,,-47.677,,,,-48.7025,,,,-49.016
,,,,-50.421,,,,-48.9008,,,,-49.187,,,,-48.3058,,,,-47.545,,,,-47.1483,,,,-48.405,,,,-49.3636,,,,-51.9404,,,,-50.399,,,,-50.3549,,,,-48.614,,,,-47.1813,,,,-47.677,,,,-48.7025,,,,-49.033
,,,,-50.421,,,,-48.9008,,,,-49.22,,,,-48.3388,,,,-47.567,,,,-47.1813,,,,-48.427,,,,-49.3636,,,,-51.9404,,,,-50.421,,,,-50.421,,,,-48.647,,,,-47.1813,,,,-47.699,,,,-48.7356,,,,-49.05
,,,,-50.454,,,,-48.9339,,,,-49.253,,,,-48.405,,,,-47.611,,,,-47.2144,,,,-48.46,,,,-49.3967,,,,-51.9733,,,,-50.443,,,,-50.421,,,,-48.68,,,,-47.2144,,,,-47.732,,,,-48.7686,,,,-49.083
,,,,-50.454,,,,-48.9008,,,,-49.231,,,,-48.3719,,,,-47.611,,,,-47.2144,,,,-48.46,,,,-49.3967,,,,-52.0064,,,,-50.443,,,,-50.421,,,,-48.68,,,,-47.2475,,,,-47.744,,,,-48.7686,,,,-49.083
,,,,-50.503,,,,-48.9999,,,,-49.286,,,,-48.405,,,,-47.644,,,,-47.2475,,,,-48.493,,,,-49.4297,,,,-52.0064,,,,-50.487,,,,-50.4541,,,,-48.713,,,,-47.2806,,,,-47.777,,,,-48.8017,,,,-49.116
,,,,-50.52,,,,-48.9999,,,,-49.275,,,,-48.3388,,,,-47.622,,,,-47.2475,,,,-48.515,,,,-49.4628,,,,-52.0395,,,,-50.509,,,,-50.4871,,,,-48.702,,,,-47.2806,,,,-47.788,,,,-48.8346,,,,-49.149
,,,,-50.536,,,,-49.0331,,,,-49.297,,,,-48.3719,,,,-47.644,,,,-47.2475,,,,-48.515,,,,-49.4628,,,,-52.0395,,,,-50.52,,,,-50.4871,,,,-48.724,,,,-47.3137,,,,-47.799,,,,-48.8346,,,,-49.149
,,,,-50.503,,,,-48.9339,,,,-49.275,,,,-48.405,,,,-47.688,,,,-47.3137,,,,-48.537,,,,-49.4628,,,,-52.0725,,,,-50.498,,,,-50.4871,,,,-48.746,,,,-47.3467,,,,-47.832,,,,-48.8346,,,,-49.149
,,,,-50.52,,,,-48.9669,,,,-49.308,,,,-48.438,,,,-47.688,,,,-47.3137,,,,-48.559,,,,-49.4957,,,,-52.0725,,,,-50.52,,,,-50.5202,,,,-48.757,,,,-47.3137,,,,-47.832,,,,-48.8678,,,,-49.182
,,,,-50.553,,,,-48.9999,,,,-49.341,,,,-48.4711,,,,-47.71,,,,-47.3137,,,,-48.559,,,,-49.4957,,,,-52.1055,,,,-50.553,,,,-50.5531,,,,-48.79,,,,-47.3467,,,,-47.843,,,,-48.8678,,,,-49.182
,,,,-50.586,,,,-49.0661,,,,-49.374,,,,-48.504,,,,-47.732,,,,-47.3467,,,,-48.592,,,,-49.5289,,,,-52.1055,,,,-50.575,,,,-50.5531,,,,-48.801,,,,-47.3467,,,,-47.865,,,,-48.9008,,,,-49.215
,,,,-50.619,,,,-49.0992,,,,-49.374,,,,-48.4711,,,,-47.733,,,,-47.3467,,,,-48.603,,,,-49.5619,,,,-52.1385,,,,-50.597,,,,-50.5531,,,,-48.801,,,,-47.3799,,,,-47.876,,,,-48.9008,,,,-49.231
,,,,-50.619,,,,-49.0992,,,,-49.374,,,,-48.4711,,,,-47.755,,,,-47.3799,,,,-48.636,,,,-49.5949,,,,-52.1385,,,,-50.597,,,,-50.5531,,,,-48.812,,,,-47.4129,,,,-47.909,,,,-48.9339,,,,-49.264
,,,,-50.635,,,,-49.1322,,,,-49.419,,,,-48.5372,,,,-47.777,,,,-47.3799,,,,-48.636,,,,-49.5949,,,,-52.1385,,,,-50.619,,,,-50.5862,,,,-48.845,,,,-47.4129,,,,-47.909,,,,-48.9339,,,,-49.264
,,,,-50.602,,,,-49.0331,,,,-49.419,,,,-48.6033,,,,-47.821,,,,-47.4129,,,,-48.658,,,,-49.5949,,,,-52.1715,,,,-50.608,,,,-50.6192,,,,-48.89,,,,-47.446,,,,-47.942,,,,-48.9669,,,,-49.281
,,,,-50.652,,,,-49.1322,,,,-49.463,,,,-48.6033,,,,-47.832,,,,-47.446,,,,-48.68,,,,-49.628,,,,-52.1715,,,,-50.652,,,,-50.6522,,,,-48.9,,,,-47.446,,,,-47.953,,,,-48.9669,,,,-49.297
,,,,-50.685,,,,-49.1652,,,,-49.474,,,,-48.6033,,,,-47.832,,,,-47.4129,,,,-48.691,,,,-49.661,,,,-52.2046,,,,-50.674,,,,-50.6522,,,,-48.912,,,,-47.4791,,,,-47.964,,,,-48.9999,,,,-49.33
,,,,-50.701,,,,-49.1984,,,,-49.485,,,,-48.6033,,,,-47.843,,,,-47.446,,,,-48.713,,,,-49.661,,,,-52.2046,,,,-50.685,,,,-50.6522,,,,-48.912,,,,-47.4791,,,,-47.986,,,,-49.0331,,,,-49.347
,,,,-50.701,,,,-49.1652,,,,-49.485,,,,-48.6033,,,,-47.854,,,,-47.4791,,,,-48.724,,,,-49.6941,,,,-52.2375,,,,-50.696,,,,-50.6853,,,,-48.923,,,,-47.4791,,,,-47.986,,,,-48.9999,,,,-49.347
,,,,-50.734,,,,-49.2314,,,,-49.496,,,,-48.5703,,,,-47.865,,,,-47.4791,,,,-48.724,,,,-49.6941,,,,-52.2375,,,,-50.718,,,,-50.6853,,,,-48.934,,,,-47.5452,,,,-48.008,,,,-48.9999,,,,-49.347
,,,,-50.751,,,,-49.2644,,,,-49.529,,,,-48.6364,,,,-47.887,,,,-47.4791,,,,-48.735,,,,-49.6941,,,,-52.2375,,,,-50.729,,,,-50.6853,,,,-48.956,,,,-47.5452,,,,-48.019,,,,-49.0331,,,,-49.364
,,,,-50.767,,,,-49.2314,,,,-49.551,,,,-48.6694,,,,-47.931,,,,-47.5452,,,,-48.802,,,,-49.7602,,,,-52.3035,,,,-50.762,,,,-50.7514,,,,-49.0,,,,-47.5783,,,,-48.074,,,,-49.0992,,,,-49.43
,,,,-50.767,,,,-49.2314,,,,-49.562,,,,-48.6694,,,,-47.931,,,,-47.5452,,,,-48.813,,,,-49.7932,,,,-52.3035,,,,-50.773,,,,-50.7844,,,,-49.011,,,,-47.5783,,,,-48.074,,,,-49.0992,,,,-49.446
,,,,-50.817,,,,-49.2975,,,,-49.595,,,,-48.6694,,,,-47.953,,,,-47.5783,,,,-48.835,,,,-49.7932,,,,-52.3366,,,,-50.817,,,,-50.8174,,,,-49.033,,,,-47.6113,,,,-48.107,,,,-49.1322,,,,-49.463
,,,,-50.834,,,,-49.3305,,,,-49.628,,,,-48.7356,,,,-47.986,,,,-47.6113,,,,-48.846,,,,-49.7932,,,,-52.3366,,,,-50.828,,,,-50.8174,,,,-49.055,,,,-47.6113,,,,-48.118,,,,-49.1322,,,,-49.463
,,,,-50.867,,,,-49.3636,,,,-49.65,,,,-48.7686,,,,-48.008,,,,-47.6113,,,,-48.868,,,,-49.8262,,,,-52.3696,,,,-50.85,,,,-50.8174,,,,-49.077,,,,-47.6444,,,,-48.14,,,,-49.1652,,,,-49.496
,,,,-50.883,,,,-49.3636,,,,-49.661,,,,-48.7686,,,,-48.03,,,,-47.6444,,,,-48.89,,,,-49.8262,,,,-52.4027,,,,-50.872,,,,-50.8505,,,,-49.099,,,,-47.6774,,,,-48.173,,,,-49.1984,,,,-49.512
,,,,-50.883,,,,-49.3636,,,,-49.65,,,,-48.7686,,,,-48.03,,,,-47.6444,,,,-48.901,,,,-49.8593,,,,-52.4027,,,,-50.861,,,,-50.8174,,,,-49.088,,,,-47.6774,,,,-48.173,,,,-49.1984,,,,-49.529
,,,,-50.85,,,,-49.2644,,,,-49.628,,,,-48.7686,,,,-48.052,,,,-47.6774,,,,-48.923,,,,-49.8923,,,,-52.4357,,,,-50.85,,,,-50.8505,,,,-49.11,,,,-47.7106,,,,-48.195,,,,-49.1984,,,,-49.545
,,,,-50.9,,,,-49.3636,,,,-49.683,,,,-48.8346,,,,-48.074,,,,-47.6774,,,,-48.945,,,,-49.9254,,,,-52.4357,,,,-50.883,,,,-50.8505,,,,-49.132,,,,-47.7106,,,,-48.206,,,,-49.2314,,,,-49.578
,,,,-50.916,,,,-49.3967,,,,-49.716,,,,-48.8678,,,,-48.096,,,,-47.6774,,,,-48.956,,,,-49.9254,,,,-52.4357,,,,-50.905,,,,-50.8835,,,,-49.165,,,,-47.7437,,,,-48.228,,,,-49.2644,,,,-49.595
,,,,-50.933,,,,-49.4297,,,,-49.716,,,,-48.8346,,,,-48.096,,,,-47.7106,,,,-48.956,,,,-49.9254,,,,-52.4357,,,,-50.916,,,,-50.8835,,,,-49.154,,,,-47.7437,,,,-48.229,,,,-49.2314,,,,-49.578
,,,,-50.949,,,,-49.4297,,,,-49.738,,,,-48.8678,,,,-48.107,,,,-47.7106,,,,-48.967,,,,-49.9585,,,,-52.4686,,,,-50.938,,,,-50.9165,,,,-49.176,,,,-47.7437,,,,-48.229,,,,-49.2314,,,,-49.595
,,,,-50.949,,,,-49.4297,,,,-49.716,,,,-48.8017,,,,-48.096,,,,-47.7437,,,,-48.989,,,,-49.9585,,,,-52.4686,,,,-50.938,,,,-50.9165,,,,-49.154,,,,-47.7437,,,,-48.251,,,,-49.2644,,,,-49.611
,,,,-51.015,,,,-49.5619,,,,-49.815,,,,-48.9339,,,,-48.151,,,,-47.7437,,,,-49.011,,,,-49.9914,,,,-52.4686,,,,-50.993,,,,-50.9496,,,,-49.22,,,,-47.7767,,,,-48.273,,,,-49.2975,,,,-49.644
,,,,-50.999,,,,-49.4957,,,,-49.793,,,,-48.9339,,,,-48.151,,,,-47.7437,,,,-49.011,,,,-49.9914,,,,-52.5017,,,,-50.982,,,,-50.9496,,,,-49.22,,,,-47.7767,,,,-48.273,,,,-49.2975,,,,-49.644
,,,,-50.999,,,,-49.4957,,,,-49.771,,,,-48.8346,,,,-48.151,,,,-47.8098,,,,-49.055,,,,-50.0245,,,,-52.5017,,,,-50.993,,,,-50.9825,,,,-49.209,,,,-47.8098,,,,-48.317,,,,-49.3305,,,,-49.678
,,,,-51.048,,,,-49.5619,,,,-49.826,,,,-48.9339,,,,-48.207,,,,-47.8098,,,,-49.055,,,,-50.0245,,,,-52.5347,,,,-51.026,,,,-50.9825,,,,-49.264,,,,-47.8759,,,,-48.339,,,,-49.3305,,,,-49.678
,,,,-51.032,,,,-49.5289,,,,-49.826,,,,-48.9669,,,,-48.206,,,,-47.8098,,,,-49.077,,,,-50.0576,,,,-52.5347,,,,-51.015,,,,-50.9825,,,,-49.264,,,,-47.8427,,,,-48.339,,,,-49.3636,,,,-49.711
,,,,-51.081,,,,-49.5619,,,,-49.837,,,,-48.9008,,,,-48.218,,,,-47.8759,,,,-49.121,,,,-50.0906,,,,-52.6007,,,,-51.07,,,,-51.0487,,,,-49.275,,,,-47.8759,,,,-48.383,,,,-49.3967,,,,-49.744
,,,,-51.081,,,,-49.5619,,,,-49.87,,,,-48.9999,,,,-48.262,,,,-47.8759,,,,-49.121,,,,-50.0906,,,,-52.6007,,,,-51.07,,,,-51.0487,,,,-49.319,,,,-47.909,,,,-48.394,,,,-49.3967,,,,-49.744
,,,,-51.114,,,,-49.628,,,,-49.892,,,,-48.9669,,,,-48.262,,,,-47.909,,,,-49.143,,,,-50.1237,,,,-52.6007,,,,-51.103,,,,-51.0817,,,,-49.319,,,,-47.909,,,,-48.405,,,,-49.3967,,,,-49.76
,,,,-51.114,,,,-49.5949,,,,-49.925,,,,-49.0992,,,,-48.295,,,,-47.8759,,,,-49.154,,,,-50.1567,,,,-52.6337,,,,-51.103,,,,-51.0817,,,,-49.363,,,,-47.909,,,,-48.405,,,,-49.4297,,,,-49.793
,,,,-51.164,,,,-49.661,,,,-49.914,,,,-48.9999,,,,-48.295,,,,-47.942,,,,-49.176,,,,-50.1567,,,,-52.6667,,,,-51.136,,,,-51.0817,,,,-49.341,,,,-47.942,,,,-48.438,,,,-49.4297,,,,-49.793
,,,,-51.164,,,,-49.661,,,,-49.958,,,,-49.0992,,,,-48.339,,,,-47.942,,,,-49.176,,,,-50.1567,,,,-52.6667,,,,-51.148,,,,-51.1148,,,,-49.396,,,,-47.9751,,,,-48.449,,,,-49.4297,,,,-49.793
,,,,-51.164,,,,-49.661,,,,-49.947,,,,-49.0331,,,,-48.328,,,,-47.9751,,,,-49.22,,,,-50.1898,,,,-52.6667,,,,-51.158,,,,-51.1478,,,,-49.385,,,,-47.9751,,,,-48.482,,,,-49.4957,,,,-49.843
,,,,-51.147,,,,-49.628,,,,-49.947,,,,-49.0661,,,,-48.361,,,,-48.0081,,,,-49.22,,,,-50.1898,,,,-52.6667,,,,-51.148,,,,-51.1478,,,,-49.407,,,,-48.0081,,,,-48.493,,,,-49.4628,,,,-49.826
,,,,-51.197,,,,-49.6941,,,,-49.969,,,,-49.0661,,,,-48.35,,,,-48.0081,,,,-49.253,,,,-50.2228,,,,-52.6998,,,,-51.181,,,,-51.1478,,,,-49.396,,,,-47.9751,,,,-48.504,,,,-49.5289,,,,-49.876
,,,,-51.23,,,,-49.7602,,,,-50.046,,,,-49.1984,,,,-48.416,,,,-48.0412,,,,-49.264,,,,-50.2228,,,,-52.6998,,,,-51.214,,,,-51.1808,,,,-49.462,,,,-48.0081,,,,-48.526,,,,-49.5289,,,,-49.876
,,,,-51.246,,,,-49.7932,,,,-50.024,,,,-49.0992,,,,-48.383,,,,-48.0081,,,,-49.264,,,,-50.2558,,,,-52.6998,,,,-51.225,,,,-51.1808,,,,-49.44,,,,-48.0412,,,,-48.526,,,,-49.5289,,,,-49.892
,,,,-51.213,,,,-49.6941,,,,-50.013,,,,-49.1322,,,,-48.416,,,,-48.0412,,,,-49.275,,,,-50.2558,,,,-52.7328,,,,-51.214,,,,-51.2139,,,,-49.473,,,,-48.0743,,,,-48.548,,,,-49.5289,,,,-49.892
,,,,-51.28,,,,-49.7932,,,,-50.057,,,,-49.1652,,,,-48.427,,,,-48.0412,,,,-49.297,,,,-50.2889,,,,-52.7658,,,,-51.258,,,,-51.2139,,,,-49.484,,,,-48.0743,,,,-48.559,,,,-49.5619,,,,-49.925
,,,,-51.329,,,,-49.8923,,,,-50.068,,,,-49.0992,,,,-48.427,,,,-48.0743,,,,-49.319,,,,-50.3218,,,,-52.7658,,,,-51.291,,,,-51.2139,,,,-49.474,,,,-48.1074,,,,-48.581,,,,-49.5619,,,,-49.942
,,,,-51.296,,,,-49.8262,,,,-50.079,,,,-49.1984,,,,-48.46,,,,-48.0743,,,,-49.319,,,,-50.3218,,,,-52.7658,,,,-51.269,,,,-51.2139,,,,-49.507,,,,-48.1074,,,,-48.581,,,,-49.5619,,,,-49.942
,,,,-51.346,,,,-49.8923,,,,-50.124,,,,-49.2314,,,,-48.482,,,,-48.1074,,,,-49.363,,,,-50.3549,,,,-52.7987,,,,-51.313,,,,-51.2469,,,,-49.529,,,,-48.1074,,,,-48.614,,,,-49.628,,,,-49.991
,,,,-51.296,,,,-49.7932,,,,-50.113,,,,-49.2644,,,,-48.515,,,,-48.1405,,,,-49.363,,,,-50.3549,,,,-52.7987,,,,-51.291,,,,-51.2799,,,,-49.562,,,,-48.1405,,,,-48.625,,,,-49.5949,,,,-49.975
,,,,-51.362,,,,-49.9254,,,,-50.135,,,,-49.1984,,,,-48.493,,,,-48.1405,,,,-49.374,,,,-50.388,,,,-52.7987,,,,-51.335,,,,-51.2799,,,,-49.54,,,,-48.1405,,,,-48.625,,,,-49.5949,,,,-49.991
,,,,-51.362,,,,-49.8923,,,,-50.124,,,,-49.1984,,,,-48.504,,,,-48.1405,,,,-49.386,,,,-50.388,,,,-52.8318,,,,-51.335,,,,-51.2799,,,,-49.551,,,,-48.1734,,,,-48.647,,,,-49.628,,,,-50.008
,,,,-51.362,,,,-49.8923,,,,-50.157,,,,-49.2644,,,,-48.548,,,,-48.1734,,,,-49.418,,,,-50.421,,,,-52.8318,,,,-51.346,,,,-51.3129,,,,-49.595,,,,-48.2066,,,,-48.68,,,,-49.661,,,,-50.041
,,,,-51.395,,,,-49.9585,,,,-50.19,,,,-49.2975,,,,-48.559,,,,-48.1734,,,,-49.418,,,,-50.421,,,,-52.8318,,,,-51.368,,,,-51.3129,,,,-49.606,,,,-48.2066,,,,-48.68,,,,-49.661,,,,-50.041
,,,,-51.379,,,,-49.8923,,,,-50.146,,,,-49.2314,,,,-48.537,,,,-48.1734,,,,-49.418,,,,-50.421,,,,-52.8649,,,,-51.357,,,,-51.3129,,,,-49.584,,,,-48.2066,,,,-48.68,,,,-49.661,,,,-50.041
,,,,-51.395,,,,-49.9254,,,,-50.201,,,,-49.3305,,,,-48.603,,,,-48.2396,,,,-49.463,,,,-50.4541,,,,-52.8649,,,,-51.379,,,,-51.3459,,,,-49.639,,,,-48.2396,,,,-48.724,,,,-49.6941,,,,-50.074
,,,,-51.445,,,,-49.9585,,,,-50.212,,,,-49.3305,,,,-48.625,,,,-48.2727,,,,-49.496,,,,-50.4871,,,,-52.9308,,,,-51.412,,,,-51.3459,,,,-49.65,,,,-48.2727,,,,-48.757,,,,-49.7271,,,,-50.107
,,,,-51.478,,,,-50.0245,,,,-50.256,,,,-49.3636,,,,-48.636,,,,-48.2727,,,,-49.496,,,,-50.4871,,,,-52.9308,,,,-51.445,,,,-51.379,,,,-49.672,,,,-48.2727,,,,-48.757,,,,-49.7271,,,,-50.107
,,,,-51.478,,,,-50.0245,,,,-50.256,,,,-49.3636,,,,-48.647,,,,-48.2727,,,,-49.496,,,,-50.4871,,,,-52.9308,,,,-51.445,,,,-51.379,,,,-49.683,,,,-48.3058,,,,-48.769,,,,-49.7271,,,,-50.107
,,,,-51.511,,,,-50.0906,,,,-50.256,,,,-49.2975,,,,-48.636,,,,-48.3058,,,,-49.54,,,,-50.5531,,,,-52.9308,,,,-51.467,,,,-51.379,,,,-49.661,,,,-48.3058,,,,-48.791,,,,-49.7602,,,,-50.157
,,,,-51.511,,,,-50.0576,,,,-50.289,,,,-49.3967,,,,-48.669,,,,-48.3058,,,,-49.529,,,,-50.5531,,,,-52.9638,,,,-51.478,,,,-51.412,,,,-49.705,,,,-48.3058,,,,-48.78,,,,-49.7271,,,,-50.14
,,,,-51.511,,,,-50.0576,,,,-50.289,,,,-49.3967,,,,-48.691,,,,-48.3388,,,,-49.573,,,,-50.5862,,,,-52.9638,,,,-51.478,,,,-51.412,,,,-49.716,,,,-48.3388,,,,-48.824,,,,-49.7932,,,,-50.19
,,,,-51.494,,,,-50.0245,,,,-50.3,,,,-49.4297,,,,-48.702,,,,-48.3388,,,,-49.551,,,,-50.5531,,,,-52.9638,,,,-51.478,,,,-51.445,,,,-49.738,,,,-48.3388,,,,-48.813,,,,-49.7602,,,,-50.157
,,,,-51.544,,,,-50.0906,,,,-50.344,,,,-49.4957,,,,-48.735,,,,-48.3719,,,,-49.595,,,,-50.6192,,,,-52.9968,,,,-51.511,,,,-51.445,,,,-49.76,,,,-48.3388,,,,-48.835,,,,-49.7932,,,,-50.206
,,,,-51.527,,,,-50.0576,,,,-50.333,,,,-49.4957,,,,-48.735,,,,-48.3719,,,,-49.606,,,,-50.6192,,,,-52.9968,,,,-51.5,,,,-51.445,,,,-49.76,,,,-48.3388,,,,-48.846,,,,-49.8262,,,,-50.223
,,,,-51.544,,,,-50.0906,,,,-50.355,,,,-49.4628,,,,-48.758,,,,-48.405,,,,-49.606,,,,-50.5862,,,,-52.9968,,,,-51.533,,,,-51.5111,,,,-49.793,,,,-48.405,,,,-48.879,,,,-49.8262,,,,-50.206
,,,,-51.56,,,,-50.0906,,,,-50.344,,,,-49.4297,,,,-48.747,,,,-48.405,,,,-49.617,,,,-50.6192,,,,-53.0299,,,,-51.544,,,,-51.5111,,,,-49.782,,,,-48.405,,,,-48.879,,,,-49.8262,,,,-50.223
,,,,-51.593,,,,-50.1567,,,,-50.366,,,,-49.4297,,,,-48.758,,,,-48.438,,,,-49.65,,,,-50.6522,,,,-53.0299,,,,-51.566,,,,-51.5111,,,,-49.782,,,,-48.405,,,,-48.901,,,,-49.8593,,,,-50.256
,,,,-51.593,,,,-50.1567,,,,-50.399,,,,-49.5289,,,,-48.791,,,,-48.405,,,,-49.639,,,,-50.6522,,,,-53.0299,,,,-51.566,,,,-51.5111,,,,-49.826,,,,-48.438,,,,-48.901,,,,-49.8593,,,,-50.256
,,,,-51.61,,,,-50.1567,,,,-50.388,,,,-49.4957,,,,-48.791,,,,-48.438,,,,-49.672,,,,-50.6853,,,,-53.0629,,,,-51.577,,,,-51.5111,,,,-49.815,,,,-48.438,,,,-48.923,,,,-49.8923,,,,-50.289
,,,,-51.577,,,,-50.1237,,,,-50.388,,,,-49.4957,,,,-48.791,,,,-48.438,,,,-49.672,,,,-50.6853,,,,-53.0299,,,,-51.566,,,,-51.5441,,,,-49.826,,,,-48.438,,,,-48.923,,,,-49.8923,,,,-50.289
,,,,-51.676,,,,-50.2558,,,,-50.476,,,,-49.5949,,,,-48.89,,,,-48.5372,,,,-49.738,,,,-50.7514,,,,-53.0959,,,,-51.643,,,,-51.5771,,,,-49.903,,,,-48.5372,,,,-49.0,,,,-49.9254,,,,-50.338
,,,,-51.692,,,,-50.2558,,,,-50.509,,,,-49.661,,,,-48.901,,,,-48.5372,,,,-49.749,,,,-50.7514,,,,-53.1288,,,,-51.665,,,,-51.6102,,,,-49.925,,,,-48.504,,,,-49.0,,,,-49.9585,,,,-50.355
,,,,-51.758,,,,-50.388,,,,-50.531,,,,-49.5949,,,,-48.89,,,,-48.5372,,,,-49.76,,,,-50.7844,,,,-53.1288,,,,-51.709,,,,-51.6102,,,,-49.914,,,,-48.5372,,,,-49.011,,,,-49.9585,,,,-50.371
,,,,-51.709,,,,-50.2889,,,,-50.498,,,,-49.5949,,,,-48.901,,,,-48.5703,,,,-49.782,,,,-50.7844,,,,-53.1288,,,,-51.676,,,,-51.6102,,,,-49.914,,,,-48.5372,,,,-49.033,,,,-49.9914,,,,-50.388
,,,,-51.676,,,,-50.2228,,,,-50.498,,,,-49.628,,,,-48.923,,,,-48.5703,,,,-49.782,,,,-50.7844,,,,-53.1288,,,,-51.665,,,,-51.6431,,,,-49.947,,,,-48.5703,,,,-49.044,,,,-49.9914,,,,-50.388
,,,,-51.758,,,,-50.3549,,,,-50.52,,,,-49.5949,,,,-48.923,,,,-48.6033,,,,-49.815,,,,-50.8174,,,,-53.1619,,,,-51.709,,,,-51.6102,,,,-49.925,,,,-48.5703,,,,-49.066,,,,-50.0245,,,,-50.421
,,,,-51.791,,,,-50.421,,,,-50.575,,,,-49.661,,,,-48.945,,,,-48.6033,,,,-49.804,,,,-50.8174,,,,-53.1619,,,,-51.742,,,,-51.6431,,,,-49.958,,,,-48.5703,,,,-49.055,,,,-49.9914,,,,-50.404
,,,,-51.808,,,,-50.421,,,,-50.564,,,,-49.628,,,,-48.956,,,,-48.6364,,,,-49.826,,,,-50.8174,,,,-53.1949,,,,-51.753,,,,-51.6431,,,,-49.958,,,,-48.6033,,,,-49.088,,,,-50.0245,,,,-50.421
,,,,-51.808,,,,-50.388,,,,-50.586,,,,-49.661,,,,-48.989,,,,-48.6364,,,,-49.859,,,,-50.8835,,,,-53.2279,,,,-51.775,,,,-51.7092,,,,-50.013,,,,-48.6694,,,,-49.121,,,,-50.0576,,,,-50.471
,,,,-51.808,,,,-50.388,,,,-50.63,,,,-49.7932,,,,-49.033,,,,-48.6694,,,,-49.881,,,,-50.9165,,,,-53.2279,,,,-51.775,,,,-51.7092,,,,-50.046,,,,-48.6364,,,,-49.121,,,,-50.0576,,,,-50.487
,,,,-51.808,,,,-50.388,,,,-50.597,,,,-49.6941,,,,-49.033,,,,-48.7025,,,,-49.892,,,,-50.8835,,,,-53.2279,,,,-51.775,,,,-51.7092,,,,-50.035,,,,-48.7025,,,,-49.165,,,,-50.0906,,,,-50.487
,,,,-51.858,,,,-50.4541,,,,-50.641,,,,-49.7271,,,,-49.044,,,,-48.7025,,,,-49.903,,,,-50.9165,,,,-53.2609,,,,-51.819,,,,-51.7423,,,,-50.057,,,,-48.7025,,,,-49.165,,,,-50.0906,,,,-50.504
,,,,-51.824,,,,-50.388,,,,-50.641,,,,-49.7932,,,,-49.077,,,,-48.7025,,,,-49.925,,,,-50.9496,,,,-53.2609,,,,-51.797,,,,-51.7423,,,,-50.09,,,,-48.7356,,,,-49.187,,,,-50.1237,,,,-50.537
,,,,-51.841,,,,-50.388,,,,-50.63,,,,-49.7602,,,,-49.066,,,,-48.7356,,,,-49.936,,,,-50.9496,,,,-53.2938,,,,-51.808,,,,-51.7423,,,,-50.068,,,,-48.7025,,,,-49.187,,,,-50.1237,,,,-50.537
,,,,-51.89,,,,-50.4871,,,,-50.696,,,,-49.8262,,,,-49.11,,,,-48.7686,,,,-49.947,,,,-50.9496,,,,-53.2938,,,,-51.852,,,,-51.7753,,,,-50.112,,,,-48.7356,,,,-49.209,,,,-50.1237,,,,-50.537
,,,,-51.874,,,,-50.4541,,,,-50.674,,,,-49.7932,,,,-49.121,,,,-48.8017,,,,-49.969,,,,-50.9825,,,,-53.2938,,,,-51.841,,,,-51.7753,,,,-50.112,,,,-48.7686,,,,-49.231,,,,-50.1237,,,,-50.553
,,,,-51.857,,,,-50.421,,,,-50.696,,,,-49.8593,,,,-49.132,,,,-48.7686,,,,-49.969,,,,-50.9825,,,,-53.2938,,,,-51.841,,,,-51.8082,,,,-50.145,,,,-48.7686,,,,-49.231,,,,-50.1567,,,,-50.57
,,,,-51.907,,,,-50.4871,,,,-50.707,,,,-49.8262,,,,-49.143,,,,-48.8017,,,,-50.002,,,,-51.0156,,,,-53.3269,,,,-51.874,,,,-51.8082,,,,-50.145,,,,-48.8017,,,,-49.264,,,,-50.1898,,,,-50.603
,,,,-51.94,,,,-50.5531,,,,-50.751,,,,-49.8923,,,,-49.165,,,,-48.8017,,,,-49.991,,,,-51.0156,,,,-53.3269,,,,-51.896,,,,-51.8082,,,,-50.167,,,,-48.8017,,,,-49.253,,,,-50.1567,,,,-50.586
,,,,-51.924,,,,-50.5202,,,,-50.729,,,,-49.8593,,,,-49.154,,,,-48.8017,,,,-50.013,,,,-51.0156,,,,-53.3269,,,,-51.885,,,,-51.8082,,,,-50.156,,,,-48.8017,,,,-49.275,,,,-50.2228,,,,-50.619
,,,,-51.957,,,,-50.5531,,,,-50.762,,,,-49.8923,,,,-49.187,,,,-48.8346,,,,-50.035,,,,-51.0487,,,,-53.3599,,,,-51.918,,,,-51.8414,,,,-50.189,,,,-48.8346,,,,-49.297,,,,-50.2228,,,,-50.636
,,,,-51.94,,,,-50.5202,,,,-50.773,,,,-49.9585,,,,-49.209,,,,-48.8678,,,,-50.046,,,,-51.0487,,,,-53.3599,,,,-51.907,,,,-51.8414,,,,-50.201,,,,-48.8017,,,,-49.297,,,,-50.2228,,,,-50.636
,,,,-51.973,,,,-50.5862,,,,-50.762,,,,-49.8593,,,,-49.198,,,,-48.8678,,,,-50.057,,,,-51.0817,,,,-53.3599,,,,-51.929,,,,-51.8414,,,,-50.19,,,,-48.8678,,,,-49.319,,,,-50.2228,,,,-50.652
,,,,-51.957,,,,-50.5531,,,,-50.773,,,,-49.9254,,,,-49.22,,,,-48.8678,,,,-50.057,,,,-51.0817,,,,-53.3599,,,,-51.918,,,,-51.8414,,,,-50.212,,,,-48.8678,,,,-49.319,,,,-50.2228,,,,-50.652
,,,,-51.973,,,,-50.5531,,,,-50.751,,,,-49.8262,,,,-49.187,,,,-48.8678,,,,-50.068,,,,-51.0817,,,,-53.3929,,,,-51.94,,,,-51.8744,,,,-50.189,,,,-48.8678,,,,-49.33,,,,-50.2558,,,,-50.669
,,,,-52.056,,,,-50.6853,,,,-50.85,,,,-49.9585,,,,-49.253,,,,-48.9008,,,,-50.09,,,,-51.1148,,,,-53.4259,,,,-52.006,,,,-51.9073,,,,-50.256,,,,-48.9008,,,,-49.352,,,,-50.2558,,,,-50.685
,,,,-52.023,,,,-50.6192,,,,-50.85,,,,-50.0245,,,,-49.308,,,,-48.9669,,,,-50.135,,,,-51.1478,,,,-53.4259,,,,-51.984,,,,-51.9073,,,,-50.289,,,,-48.9339,,,,-49.397,,,,-50.2889,,,,-50.718
,,,,-52.072,,,,-50.6853,,,,-50.872,,,,-50.0245,,,,-49.308,,,,-48.9669,,,,-50.168,,,,-51.2139,,,,-53.4589,,,,-52.017,,,,-51.9073,,,,-50.289,,,,-48.9339,,,,-49.408,,,,-50.3218,,,,-50.768
,,,,-52.105,,,,-50.7514,,,,-50.894,,,,-49.9914,,,,-49.319,,,,-48.9999,,,,-50.168,,,,-51.1808,,,,-53.4589,,,,-52.05,,,,-51.9404,,,,-50.3,,,,-48.9669,,,,-49.43,,,,-50.3218,,,,-50.751
,,,,-52.122,,,,-50.7514,,,,-50.938,,,,-50.0576,,,,-49.386,,,,-49.0661,,,,-50.212,,,,-51.2139,,,,-53.492,,,,-52.083,,,,-52.0064,,,,-50.366,,,,-49.0331,,,,-49.485,,,,-50.3549,,,,-50.784
,,,,-52.122,,,,-50.7514,,,,-50.927,,,,-50.0576,,,,-49.386,,,,-49.0661,,,,-50.245,,,,-51.2469,,,,-53.492,,,,-52.072,,,,-51.9733,,,,-50.355,,,,-49.0331,,,,-49.507,,,,-50.421,,,,-50.834
,,,,-52.138,,,,-50.7844,,,,-50.96,,,,-50.0906,,,,-49.397,,,,-49.0661,,,,-50.245,,,,-51.2799,,,,-53.492,,,,-52.094,,,,-52.0064,,,,-50.377,,,,-49.0331,,,,-49.496,,,,-50.388,,,,-50.834
,,,,-52.204,,,,-50.8835,,,,-50.994,,,,-50.0906,,,,-49.397,,,,-49.0661,,,,-50.234,,,,-51.2469,,,,-53.525,,,,-52.138,,,,-52.0064,,,,-50.377,,,,-49.0331,,,,-49.496,,,,-50.388,,,,-50.817
,,,,-52.171,,,,-50.8174,,,,-50.982,,,,-50.1237,,,,-49.43,,,,-49.0992,,,,-50.267,,,,-51.2799,,,,-53.525,,,,-52.116,,,,-52.0064,,,,-50.399,,,,-49.0661,,,,-49.529,,,,-50.421,,,,-50.85
,,,,-52.155,,,,-50.7844,,,,-51.005,,,,-50.2228,,,,-49.474,,,,-49.1322,,,,-50.278,,,,-51.2799,,,,-53.525,,,,-52.105,,,,-52.0064,,,,-50.432,,,,-49.0661,,,,-49.54,,,,-50.421,,,,-50.85
,,,,-52.188,,,,-50.8505,,,,-51.005,,,,-50.1237,,,,-49.452,,,,-49.1322,,,,-50.3,,,,-51.3129,,,,-53.525,,,,-52.138,,,,-52.0395,,,,-50.421,,,,-49.0992,,,,-49.562,,,,-50.4541,,,,-50.884
,,,,-52.188,,,,-50.8174,,,,-51.005,,,,-50.1567,,,,-49.474,,,,-49.1322,,,,-50.311,,,,-51.3459,,,,-53.558,,,,-52.138,,,,-52.0395,,,,-50.443,,,,-49.1322,,,,-49.573,,,,-50.4541,,,,-50.9
,,,,-52.237,,,,-50.9165,,,,-51.049,,,,-50.1898,,,,-49.496,,,,-49.1652,,,,-50.311,,,,-51.3129,,,,-53.558,,,,-52.171,,,,-52.0395,,,,-50.454,,,,-49.1322,,,,-49.584,,,,-50.4541,,,,-50.884
,,,,-52.221,,,,-50.8835,,,,-51.038,,,,-50.1567,,,,-49.485,,,,-49.1652,,,,-50.322,,,,-51.3459,,,,-53.558,,,,-52.171,,,,-52.0725,,,,-50.454,,,,-49.1322,,,,-49.584,,,,-50.4541,,,,-50.9
,,,,-52.204,,,,-50.8505,,,,-51.038,,,,-50.1898,,,,-49.507,,,,-49.1652,,,,-50.333,,,,-51.3459,,,,-53.558,,,,-52.16,,,,-52.0725,,,,-50.476,,,,-49.1652,,,,-49.606,,,,-50.4871,,,,-50.916
,,,,-52.221,,,,-50.8835,,,,-51.06,,,,-50.2228,,,,-49.54,,,,-49.1984,,,,-50.344,,,,-51.3459,,,,-53.558,,,,-52.171,,,,-52.0725,,,,-50.498,,,,-49.1984,,,,-49.628,,,,-50.4871,,,,-50.916
,,,,-52.27,,,,-50.9496,,,,-51.06,,,,-50.1567,,,,-49.507,,,,-49.1984,,,,-50.355,,,,-51.379,,,,-53.5909,,,,-52.204,,,,-52.0725,,,,-50.465,,,,-49.1652,,,,-49.617,,,,-50.4871,,,,-50.933
,,,,-52.27,,,,-50.9496,,,,-51.093,,,,-50.2558,,,,-49.562,,,,-49.2314,,,,-50.377,,,,-51.379,,,,-53.5909,,,,-52.204,,,,-52.0725,,,,-50.509,,,,-49.1984,,,,-49.65,,,,-50.5202,,,,-50.95
,,,,-52.287,,,,-51.0156,,,,-51.126,,,,-50.2558,,,,-49.562,,,,-49.2314,,,,-50.377,,,,-51.412,,,,-53.558,,,,-52.226,,,,-52.1055,,,,-50.52,,,,-49.1984,,,,-49.639,,,,-50.4871,,,,-50.95
,,,,-52.237,,,,-50.9165,,,,-51.093,,,,-50.2558,,,,-49.584,,,,-49.2644,,,,-50.399,,,,-51.412,,,,-53.558,,,,-52.193,,,,-52.1055,,,,-50.531,,,,-49.2314,,,,-49.672,,,,-50.5202,,,,-50.966
,,,,-52.303,,,,-50.9825,,,,-51.104,,,,-50.2228,,,,-49.562,,,,-49.2314,,,,-50.388,,,,-51.412,,,,-53.6239,,,,-52.237,,,,-52.1055,,,,-50.52,,,,-49.2314,,,,-49.661,,,,-50.5202,,,,-50.966
,,,,-52.287,,,,-50.9496,,,,-51.115,,,,-50.2558,,,,-49.606,,,,-49.2975,,,,-50.421,,,,-51.412,,,,-53.6239,,,,-52.237,,,,-52.1385,,,,-50.553,,,,-49.2644,,,,-49.705,,,,-50.5531,,,,-50.983
,,,,-52.353,,,,-51.0487,,,,-51.148,,,,-50.2558,,,,-49.606,,,,-49.2975,,,,-50.432,,,,-51.445,,,,-53.6569,,,,-52.281,,,,-52.1385,,,,-50.553,,,,-49.2644,,,,-49.705,,,,-50.5531,,,,-50.999
,,,,-52.32,,,,-51.0156,,,,-51.115,,,,-50.1898,,,,-49.584,,,,-49.2975,,,,-50.432,,,,-51.445,,,,-53.6239,,,,-52.259,,,,-52.1385,,,,-50.531,,,,-49.2644,,,,-49.705,,,,-50.5531,,,,-50.999
,,,,-52.369,,,,-51.0817,,,,-51.192,,,,-50.3218,,,,-49.639,,,,-49.3305,,,,-50.454,,,,-51.445,,,,-53.6569,,,,-52.303,,,,-52.1715,,,,-50.586,,,,-49.2644,,,,-49.727,,,,-50.5862,,,,-51.016
,,,,-52.386,,,,-51.1148,,,,-51.181,,,,-50.2558,,,,-49.639,,,,-49.3305,,,,-50.465,,,,-51.478,,,,-53.6569,,,,-52.314,,,,-52.1715,,,,-50.586,,,,-49.3305,,,,-49.749,,,,-50.5862,,,,-51.032
,,,,-52.353,,,,-51.0487,,,,-51.17,,,,-50.2889,,,,-49.661,,,,-49.3636,,,,-50.498,,,,-51.5111,,,,-53.6569,,,,-52.292,,,,-52.1715,,,,-50.597,,,,-49.3305,,,,-49.771,,,,-50.6192,,,,-51.065
,,,,-52.419,,,,-51.1478,,,,-51.236,,,,-50.3549,,,,-49.683,,,,-49.3636,,,,-50.498,,,,-51.5111,,,,-53.6899,,,,-52.347,,,,-52.2046,,,,-50.63,,,,-49.3305,,,,-49.771,,,,-50.6192,,,,-51.065
,,,,-52.386,,,,-51.0817,,,,-51.203,,,,-50.3218,,,,-49.683,,,,-49.3967,,,,-50.509,,,,-51.5111,,,,-53.6899,,,,-52.325,,,,-52.2046,,,,-50.619,,,,-49.3305,,,,-49.782,,,,-50.6192,,,,-51.065
,,,,-52.402,,,,-51.1148,,,,-51.236,,,,-50.388,,,,-49.716,,,,-49.3967,,,,-50.542,,,,-51.5771,,,,-53.6899,,,,-52.336,,,,-52.2046,,,,-50.652,,,,-49.3636,,,,-49.804,,,,-50.6522,,,,-51.115
,,,,-52.419,,,,-51.1148,,,,-51.247,,,,-50.388,,,,-49.727,,,,-49.3967,,,,-50.531,,,,-51.5441,,,,-53.7229,,,,-52.358,,,,-52.2375,,,,-50.674,,,,-49.3967,,,,-49.815,,,,-50.6522,,,,-51.098
,,,,-52.452,,,,-51.1808,,,,-51.28,,,,-50.421,,,,-49.749,,,,-49.4297,,,,-50.564,,,,-51.5771,,,,-53.7229,,,,-52.38,,,,-52.2375,,,,-50.685,,,,-49.3967,,,,-49.837,,,,-50.6853,,,,-51.131
,,,,-52.419,,,,-51.1148,,,,-51.269,,,,-50.4541,,,,-49.782,,,,-49.4628,,,,-50.575,,,,-51.5771,,,,-53.7229,,,,-52.358,,,,-52.2375,,,,-50.707,,,,-49.4297,,,,-49.859,,,,-50.6853,,,,-51.131
,,,,-52.468,,,,-51.1808,,,,-51.258,,,,-50.3549,,,,-49.738,,,,-49.4628,,,,-50.586,,,,-51.6102,,,,-53.756,,,,-52.391,,,,-52.2375,,,,-50.663,,,,-49.3967,,,,-49.848,,,,-50.6853,,,,-51.148
,,,,-52.485,,,,-51.2469,,,,-51.313,,,,-50.421,,,,-49.771,,,,-49.4628,,,,-50.586,,,,-51.6102,,,,-53.7229,,,,-52.413,,,,-52.2706,,,,-50.707,,,,-49.4297,,,,-49.859,,,,-50.6853,,,,-51.148
,,,,-52.468,,,,-51.2139,,,,-51.313,,,,-50.4541,,,,-49.793,,,,-49.4628,,,,-50.586,,,,-51.5771,,,,-53.7229,,,,-52.402,,,,-52.2706,,,,-50.729,,,,-49.4628,,,,-49.881,,,,-50.7184,,,,-51.148
,,,,-52.452,,,,-51.1478,,,,-51.291,,,,-50.421,,,,-49.815,,,,-49.5289,,,,-50.63,,,,-51.6431,,,,-53.756,,,,-52.402,,,,-52.3035,,,,-50.74,,,,-49.4957,,,,-49.914,,,,-50.7184,,,,-51.181
,,,,-52.518,,,,-51.2469,,,,-51.357,,,,-50.5202,,,,-49.837,,,,-49.4957,,,,-50.63,,,,-51.6431,,,,-53.7889,,,,-52.446,,,,-52.3035,,,,-50.773,,,,-49.4957,,,,-49.914,,,,-50.7514,,,,-51.197
,,,,-52.485,,,,-51.2139,,,,-51.357,,,,-50.5202,,,,-49.848,,,,-49.5289,,,,-50.63,,,,-51.6431,,,,-53.756,,,,-52.436,,,,-52.3366,,,,-50.784,,,,-49.4957,,,,-49.914,,,,-50.7184,,,,-51.181
,,,,-52.501,,,,-51.2469,,,,-51.368,,,,-50.5202,,,,-49.848,,,,-49.5289,,,,-50.641,,,,-51.6431,,,,-53.756,,,,-52.446,,,,-52.3366,,,,-50.784,,,,-49.4957,,,,-49.925,,,,-50.7514,,,,-51.197
,,,,-52.501,,,,-51.2139,,,,-51.368,,,,-50.5531,,,,-49.859,,,,-49.5289,,,,-50.641,,,,-51.6431,,,,-53.7889,,,,-52.446,,,,-52.3366,,,,-50.795,,,,-49.4957,,,,-49.925,,,,-50.7514,,,,-51.197
,,,,-52.534,,,,-51.2799,,,,-51.368,,,,-50.4871,,,,-49.859,,,,-49.5619,,,,-50.663,,,,-51.6762,,,,-53.7889,,,,-52.468,,,,-52.3366,,,,-50.784,,,,-49.5289,,,,-49.947,,,,-50.7514,,,,-51.214
,,,,-52.567,,,,-51.3459,,,,-51.423,,,,-50.5862,,,,-49.892,,,,-49.5619,,,,-50.663,,,,-51.6762,,,,-53.7889,,,,-52.49,,,,-52.3366,,,,-50.817,,,,-49.5289,,,,-49.947,,,,-50.7514,,,,-51.214
,,,,-52.551,,,,-51.2799,,,,-51.357,,,,-50.4541,,,,-49.859,,,,-49.5949,,,,-50.696,,,,-51.7092,,,,-53.822,,,,-52.48,,,,-52.3366,,,,-50.773,,,,-49.5289,,,,-49.969,,,,-50.7844,,,,-51.247
,,,,-52.6,,,,-51.3459,,,,-51.434,,,,-50.5531,,,,-49.925,,,,-49.628,,,,-50.74,,,,-51.7753,,,,-53.855,,,,-52.535,,,,-52.4027,,,,-50.85,,,,-49.5949,,,,-50.013,,,,-50.8174,,,,-51.296
,,,,-52.551,,,,-51.2469,,,,-51.401,,,,-50.5862,,,,-49.936,,,,-49.628,,,,-50.729,,,,-51.7423,,,,-53.855,,,,-52.49,,,,-52.3696,,,,-50.85,,,,-49.5949,,,,-50.013,,,,-50.8174,,,,-51.28
,,,,-52.567,,,,-51.2799,,,,-51.434,,,,-50.6192,,,,-49.969,,,,-49.661,,,,-50.762,,,,-51.7753,,,,-53.855,,,,-52.513,,,,-52.4027,,,,-50.883,,,,-49.628,,,,-50.046,,,,-50.8505,,,,-51.313
,,,,-52.634,,,,-51.412,,,,-51.456,,,,-50.5202,,,,-49.936,,,,-49.661,,,,-50.762,,,,-51.7753,,,,-53.855,,,,-52.568,,,,-52.4357,,,,-50.861,,,,-49.628,,,,-50.046,,,,-50.8505,,,,-51.313
,,,,-52.6,,,,-51.3459,,,,-51.456,,,,-50.5862,,,,-49.969,,,,-49.661,,,,-50.762,,,,-51.7753,,,,-53.855,,,,-52.546,,,,-52.4357,,,,-50.894,,,,-49.661,,,,-50.058,,,,-50.8505,,,,-51.313
,,,,-52.6,,,,-51.3459,,,,-51.489,,,,-50.6853,,,,-50.013,,,,-49.6941,,,,-50.784,,,,-51.7753,,,,-53.855,,,,-52.546,,,,-52.4357,,,,-50.927,,,,-49.661,,,,-50.08,,,,-50.8835,,,,-51.329
,,,,-52.65,,,,-51.412,,,,-51.467,,,,-50.5531,,,,-49.98,,,,-49.6941,,,,-50.795,,,,-51.8082,,,,-53.888,,,,-52.579,,,,-52.4357,,,,-50.894,,,,-49.6941,,,,-50.091,,,,-50.8835,,,,-51.346
,,,,-52.65,,,,-51.412,,,,-51.5,,,,-50.6522,,,,-50.013,,,,-49.7271,,,,-50.806,,,,-51.8082,,,,-53.888,,,,-52.579,,,,-52.4357,,,,-50.916,,,,-49.661,,,,-50.091,,,,-50.8835,,,,-51.346
,,,,-52.617,,,,-51.3459,,,,-51.5,,,,-50.6853,,,,-50.035,,,,-49.7271,,,,-50.806,,,,-51.8082,,,,-53.888,,,,-52.567,,,,-52.4686,,,,-50.949,,,,-49.6941,,,,-50.102,,,,-50.8835,,,,-51.346
,,,,-52.666,,,,-51.412,,,,-51.522,,,,-50.6853,,,,-50.058,,,,-49.7602,,,,-50.839,,,,-51.8414,,,,-53.9209,,,,-52.601,,,,-52.4686,,,,-50.96,,,,-49.7271,,,,-50.135,,,,-50.9165,,,,-51.379
,,,,-52.65,,,,-51.379,,,,-51.489,,,,-50.6522,,,,-50.046,,,,-49.7602,,,,-50.839,,,,-51.8414,,,,-53.9209,,,,-52.579,,,,-52.4357,,,,-50.938,,,,-49.7271,,,,-50.135,,,,-50.9165,,,,-51.379
,,,,-52.699,,,,-51.478,,,,-51.533,,,,-50.6522,,,,-50.046,,,,-49.7271,,,,-50.839,,,,-51.8744,,,,-53.9209,,,,-52.622,,,,-52.4686,,,,-50.96,,,,-49.7602,,,,-50.135,,,,-50.9165,,,,-51.395
,,,,-52.65,,,,-51.379,,,,-51.511,,,,-50.6522,,,,-50.058,,,,-49.7602,,,,-50.85,,,,-51.8744,,,,-53.9209,,,,-52.601,,,,-52.5017,,,,-50.971,,,,-49.7602,,,,-50.146,,,,-50.9165,,,,-51.395
,,,,-52.65,,,,-51.379,,,,-51.5,,,,-50.6192,,,,-50.047,,,,-49.7602,,,,-50.861,,,,-51.8744,,,,-53.9209,,,,-52.601,,,,-52.5017,,,,-50.96,,,,-49.7602,,,,-50.157,,,,-50.9496,,,,-51.412
,,,,-52.716,,,,-51.445,,,,-51.577,,,,-50.7514,,,,-50.102,,,,-49.7932,,,,-50.883,,,,-51.9073,,,,-53.9869,,,,-52.656,,,,-52.5347,,,,-51.015,,,,-49.7602,,,,-50.168,,,,-50.9496,,,,-51.428
,,,,-52.732,,,,-51.445,,,,-51.61,,,,-50.7844,,,,-50.135,,,,-49.8262,,,,-50.916,,,,-51.8744,,,,-54.0199,,,,-52.689,,,,-52.6007,,,,-51.059,,,,-49.7932,,,,-50.223,,,,-51.0487,,,,-51.462
,,,,-52.799,,,,-51.5111,,,,-51.643,,,,-50.7844,,,,-50.146,,,,-49.8262,,,,-50.938,,,,-51.9073,,,,-54.0859,,,,-52.744,,,,-52.6337,,,,-51.081,,,,-49.8262,,,,-50.245,,,,-51.0817,,,,-51.494
,,,,-52.848,,,,-51.5111,,,,-51.698,,,,-50.8505,,,,-50.179,,,,-49.8593,,,,-50.982,,,,-51.9404,,,,-54.1849,,,,-52.81,,,,-52.7328,,,,-51.136,,,,-49.8262,,,,-50.278,,,,-51.1478,,,,-51.544
,,,,-52.848,,,,-51.478,,,,-51.698,,,,-50.8174,,,,-50.179,,,,-49.8593,,,,-50.994,,,,-51.9404,,,,-54.2179,,,,-52.832,,,,-52.7987,,,,-51.158,,,,-49.8593,,,,-50.3,,,,-51.1808,,,,-51.561
,,,,-52.98,,,,-51.6431,,,,-51.786,,,,-50.8505,,,,-50.223,,,,-49.9254,,,,-51.06,,,,-51.9733,,,,-54.3168,,,,-52.942,,,,-52.8649,,,,-51.203,,,,-49.8923,,,,-50.366,,,,-51.2799,,,,-51.627
,,,,-52.947,,,,-51.5441,,,,-51.808,,,,-50.9496,,,,-50.267,,,,-49.9254,,,,-51.082,,,,-52.0064,,,,-54.3499,,,,-52.942,,,,-52.9308,,,,-51.269,,,,-49.9254,,,,-50.388,,,,-51.3129,,,,-51.66
,,,,-52.98,,,,-51.5441,,,,-51.83,,,,-50.9825,,,,-50.278,,,,-49.9254,,,,-51.115,,,,-52.0725,,,,-54.4158,,,,-52.975,,,,-52.9638,,,,-51.291,,,,-49.9254,,,,-50.399,,,,-51.3459,,,,-51.709
,,,,-53.046,,,,-51.5771,,,,-51.841,,,,-50.9496,,,,-50.3,,,,-49.9585,,,,-51.137,,,,-52.0725,,,,-54.5148,,,,-53.03,,,,-52.9968,,,,-51.313,,,,-49.9914,,,,-50.443,,,,-51.379,,,,-51.726
,,,,-53.112,,,,-51.6762,,,,-51.874,,,,-50.9496,,,,-50.333,,,,-50.0245,,,,-51.192,,,,-52.1055,,,,-54.5478,,,,-53.074,,,,-52.9968,,,,-51.324,,,,-50.0245,,,,-50.498,,,,-51.445,,,,-51.775
,,,,-53.145,,,,-51.7092,,,,-51.951,,,,-51.0817,,,,-50.388,,,,-50.0576,,,,-51.214,,,,-52.1385,,,,-54.5808,,,,-53.118,,,,-53.0629,,,,-51.39,,,,-50.0245,,,,-50.509,,,,-51.445,,,,-51.792
,,,,-53.145,,,,-51.6431,,,,-51.951,,,,-51.0817,,,,-50.41,,,,-50.0576,,,,-51.225,,,,-52.1385,,,,-54.6468,,,,-53.14,,,,-53.1288,,,,-51.434,,,,-50.0906,,,,-50.542,,,,-51.478,,,,-51.808
,,,,-53.244,,,,-51.7423,,,,-52.017,,,,-51.1148,,,,-50.432,,,,-50.0576,,,,-51.258,,,,-52.2046,,,,-54.7457,,,,-53.228,,,,-53.1949,,,,-51.478,,,,-50.1237,,,,-50.564,,,,-51.5111,,,,-51.858
,,,,-53.227,,,,-51.6431,,,,-52.017,,,,-51.1478,,,,-50.465,,,,-50.0906,,,,-51.291,,,,-52.2046,,,,-54.8117,,,,-53.239,,,,-53.2609,,,,-51.522,,,,-50.1567,,,,-50.608,,,,-51.5771,,,,-51.891
,,,,-53.656,,,,-52.0064,,,,-52.369,,,,-51.445,,,,-50.74,,,,-50.3549,,,,-51.599,,,,-52.5017,,,,-55.3065,,,,-53.657,,,,-53.6569,,,,-51.841,,,,-50.421,,,,-50.905,,,,-51.9404,,,,-52.221
,,,,-53.706,,,,-52.0395,,,,-52.413,,,,-51.478,,,,-50.784,,,,-50.388,,,,-51.632,,,,-52.5347,,,,-55.3724,,,,-53.712,,,,-53.7229,,,,-51.896,,,,-50.4871,,,,-50.949,,,,-51.9733,,,,-52.254
,,,,-53.772,,,,-52.1055,,,,-52.458,,,,-51.5111,,,,-50.795,,,,-50.421,,,,-51.687,,,,-52.6007,,,,-55.4383,,,,-53.767,,,,-53.756,,,,-51.907,,,,-50.4541,,,,-50.972,,,,-52.0395,,,,-52.32
,,,,-53.788,,,,-52.1385,,,,-52.502,,,,-51.5771,,,,-50.85,,,,-50.4541,,,,-51.72,,,,-52.6337,,,,-55.4383,,,,-53.789,,,,-53.7889,,,,-51.962,,,,-50.5202,,,,-51.016,,,,-52.0725,,,,-52.353
,,,,-53.788,,,,-52.0725,,,,-52.502,,,,-51.6102,,,,-50.862,,,,-50.4541,,,,-51.742,,,,-52.6667,,,,-55.5044,,,,-53.8,,,,-53.822,,,,-51.984,,,,-50.5202,,,,-51.027,,,,-52.1055,,,,-52.386
,,,,-53.838,,,,-52.1385,,,,-52.524,,,,-51.5771,,,,-50.872,,,,-50.4871,,,,-51.764,,,,-52.6667,,,,-55.5374,,,,-53.844,,,,-53.855,,,,-51.995,,,,-50.5531,,,,-51.06,,,,-52.1385,,,,-52.403
,,,,-53.854,,,,-52.1385,,,,-52.568,,,,-51.6762,,,,-50.928,,,,-50.5202,,,,-51.797,,,,-52.6998,,,,-55.5703,,,,-53.866,,,,-53.888,,,,-52.05,,,,-50.5862,,,,-51.093,,,,-52.1715,,,,-52.436
,,,,-53.887,,,,-52.1715,,,,-52.578,,,,-51.6431,,,,-50.938,,,,-50.5531,,,,-51.819,,,,-52.7328,,,,-55.6032,,,,-53.899,,,,-53.9209,,,,-52.061,,,,-50.6192,,,,-51.115,,,,-52.1715,,,,-52.452
,,,,-53.92,,,,-52.1715,,,,-52.634,,,,-51.8082,,,,-51.005,,,,-50.5862,,,,-51.863,,,,-52.7658,,,,-55.6692,,,,-53.921,,,,-53.9209,,,,-52.116,,,,-50.6192,,,,-51.148,,,,-52.2375,,,,-52.502
,,,,-53.97,,,,-52.2706,,,,-52.645,,,,-51.6762,,,,-50.994,,,,-50.6192,,,,-51.885,,,,-52.7658,,,,-55.6692,,,,-53.976,,,,-53.9869,,,,-52.116,,,,-50.6853,,,,-51.192,,,,-52.2706,,,,-52.518
,,,,-54.003,,,,-52.3035,,,,-52.689,,,,-51.7423,,,,-51.027,,,,-50.6192,,,,-51.896,,,,-52.7987,,,,-55.7022,,,,-54.009,,,,-54.0199,,,,-52.16,,,,-50.7184,,,,-51.203,,,,-52.2706,,,,-52.535
,,,,-54.019,,,,-52.3035,,,,-52.711,,,,-51.7753,,,,-51.049,,,,-50.6522,,,,-51.94,,,,-52.8318,,,,-55.7352,,,,-54.031,,,,-54.0529,,,,-52.182,,,,-50.7184,,,,-51.236,,,,-52.3366,,,,-52.584
,,,,-54.036,,,,-52.3035,,,,-52.711,,,,-51.7753,,,,-51.071,,,,-50.6853,,,,-51.973,,,,-52.8649,,,,-55.7681,,,,-54.042,,,,-54.0529,,,,-52.193,,,,-50.7514,,,,-51.269,,,,-52.3696,,,,-52.617
,,,,-54.085,,,,-52.3696,,,,-52.766,,,,-51.8414,,,,-51.115,,,,-50.7184,,,,-52.006,,,,-52.8979,,,,-55.8011,,,,-54.086,,,,-54.0859,,,,-52.237,,,,-50.7844,,,,-51.302,,,,-52.4027,,,,-52.65
,,,,-54.102,,,,-52.3696,,,,-52.777,,,,-51.8414,,,,-51.115,,,,-50.7184,,,,-52.017,,,,-52.9308,,,,-55.8341,,,,-54.108,,,,-54.1189,,,,-52.248,,,,-50.7844,,,,-51.302,,,,-52.4027,,,,-52.667
,,,,-54.085,,,,-52.3035,,,,-52.799,,,,-51.9404,,,,-51.17,,,,-50.7184,,,,-52.039,,,,-52.9638,,,,-55.8671,,,,-54.107,,,,-54.1519,,,,-52.314,,,,-50.8505,,,,-51.335,,,,-52.4357,,,,-52.7
,,,,-54.135,,,,-52.3696,,,,-52.821,,,,-51.9073,,,,-51.181,,,,-50.7844,,,,-52.072,,,,-52.9638,,,,-55.9001,,,,-54.152,,,,-54.1849,,,,-52.314,,,,-50.8505,,,,-51.368,,,,-52.4686,,,,-52.716
,,,,-54.184,,,,-52.4357,,,,-52.865,,,,-51.9733,,,,-51.203,,,,-50.7844,,,,-52.083,,,,-52.9968,,,,-55.9329,,,,-54.184,,,,-54.1849,,,,-52.336,,,,-50.8505,,,,-51.368,,,,-52.4686,,,,-52.733
,,,,-54.217,,,,-52.4686,,,,-52.865,,,,-51.9073,,,,-51.203,,,,-50.8174,,,,-52.127,,,,-53.0299,,,,-55.966,,,,-54.218,,,,-54.2179,,,,-52.336,,,,-50.8835,,,,-51.412,,,,-52.5347,,,,-52.782
,,,,-54.234,,,,-52.5017,,,,-52.898,,,,-51.9733,,,,-51.258,,,,-50.8505,,,,-52.149,,,,-53.0629,,,,-55.966,,,,-54.229,,,,-54.2179,,,,-52.38,,,,-50.9496,,,,-51.445,,,,-52.5347,,,,-52.799
,,,,-54.283,,,,-52.6007,,,,-52.964,,,,-52.0064,,,,-51.269,,,,-50.8505,,,,-52.171,,,,-53.0959,,,,-55.966,,,,-54.284,,,,-54.2838,,,,-52.413,,,,-50.9496,,,,-51.456,,,,-52.5678,,,,-52.832
,,,,-54.283,,,,-52.5347,,,,-52.975,,,,-52.0395,,,,-51.302,,,,-50.8835,,,,-52.215,,,,-53.1288,,,,-56.0319,,,,-54.305,,,,-54.3499,,,,-52.457,,,,-50.9825,,,,-51.5,,,,-52.6337,,,,-52.881
,,,,-54.349,,,,-52.6337,,,,-53.019,,,,-52.0725,,,,-51.324,,,,-50.9165,,,,-52.226,,,,-53.1288,,,,-56.0649,,,,-54.35,,,,-54.3499,,,,-52.468,,,,-50.9825,,,,-51.511,,,,-52.6337,,,,-52.881
,,,,-54.349,,,,-52.6337,,,,-52.997,,,,-52.0064,,,,-51.313,,,,-50.9165,,,,-52.259,,,,-53.1949,,,,-56.0649,,,,-54.35,,,,-54.3499,,,,-52.457,,,,-51.0156,,,,-51.533,,,,-52.6667,,,,-52.931
,,,,-54.333,,,,-52.5678,,,,-53.03,,,,-52.1055,,,,-51.357,,,,-50.9496,,,,-52.281,,,,-53.1949,,,,-56.0978,,,,-54.36,,,,-54.4158,,,,-52.512,,,,-51.0156,,,,-51.555,,,,-52.6998,,,,-52.947
,,,,-54.366,,,,-52.6007,,,,-53.074,,,,-52.1715,,,,-51.412,,,,-51.0156,,,,-52.325,,,,-53.2279,,,,-56.1309,,,,-54.393,,,,-54.4488,,,,-52.556,,,,-51.0487,,,,-51.599,,,,-52.7328,,,,-52.98
,,,,-54.432,,,,-52.6998,,,,-53.096,,,,-52.1385,,,,-51.423,,,,-51.0156,,,,-52.336,,,,-53.2279,,,,-56.1638,,,,-54.437,,,,-54.4488,,,,-52.567,,,,-51.1148,,,,-51.632,,,,-52.7658,,,,-52.997
,,,,-54.448,,,,-52.6998,,,,-53.096,,,,-52.1055,,,,-51.412,,,,-51.0156,,,,-52.347,,,,-53.2279,,,,-56.1968,,,,-54.459,,,,-54.4818,,,,-52.567,,,,-51.1148,,,,-51.643,,,,-52.7987,,,,-53.013
,,,,-54.481,,,,-52.7658,,,,-53.151,,,,-52.2046,,,,-51.467,,,,-51.0487,,,,-52.391,,,,-53.2938,,,,-56.1968,,,,-54.481,,,,-54.4818,,,,-52.611,,,,-51.1478,,,,-51.676,,,,-52.8318,,,,-53.063
,,,,-54.498,,,,-52.7658,,,,-53.129,,,,-52.1055,,,,-51.445,,,,-51.0817,,,,-52.413,,,,-53.3269,,,,-56.2298,,,,-54.503,,,,-54.5148,,,,-52.589,,,,-51.1478,,,,-51.687,,,,-52.8318,,,,-53.079
,,,,-54.498,,,,-52.7328,,,,-53.195,,,,-52.3035,,,,-51.533,,,,-51.0817,,,,-52.424,,,,-53.3599,,,,-56.2626,,,,-54.514,,,,-54.5478,,,,-52.688,,,,-51.2139,,,,-51.709,,,,-52.8318,,,,-53.096
,,,,-54.514,,,,-52.7328,,,,-53.184,,,,-52.2375,,,,-51.522,,,,-51.1148,,,,-52.458,,,,-53.3599,,,,-56.2957,,,,-54.536,,,,-54.5808,,,,-52.677,,,,-51.2139,,,,-51.742,,,,-52.8979,,,,-53.129
,,,,-54.547,,,,-52.7987,,,,-53.228,,,,-52.2706,,,,-51.555,,,,-51.1478,,,,-52.48,,,,-53.3929,,,,-56.2957,,,,-54.569,,,,-54.6137,,,,-52.71,,,,-51.2469,,,,-51.764,,,,-52.8979,,,,-53.145
,,,,-54.547,,,,-52.7987,,,,-53.206,,,,-52.2046,,,,-51.544,,,,-51.1808,,,,-52.512,,,,-53.4259,,,,-56.2957,,,,-54.569,,,,-54.6137,,,,-52.688,,,,-51.2469,,,,-51.786,,,,-52.9308,,,,-53.178
,,,,-54.58,,,,-52.7987,,,,-53.228,,,,-52.2706,,,,-51.566,,,,-51.1808,,,,-52.534,,,,-53.4589,,,,-56.3616,,,,-54.591,,,,-54.6137,,,,-52.71,,,,-51.2469,,,,-51.797,,,,-52.9638,,,,-53.211
,,,,-54.646,,,,-52.9308,,,,-53.316,,,,-52.3366,,,,-51.61,,,,-51.1808,,,,-52.557,,,,-53.492,,,,-56.3616,,,,-54.657,,,,-54.6798,,,,-52.776,,,,-51.3129,,,,-51.83,,,,-52.9968,,,,-53.244
,,,,-54.63,,,,-52.8979,,,,-53.305,,,,-52.3035,,,,-51.599,,,,-51.2139,,,,-52.568,,,,-53.492,,,,-56.3616,,,,-54.657,,,,-54.7128,,,,-52.765,,,,-51.2799,,,,-51.83,,,,-52.9968,,,,-53.244
,,,,-54.646,,,,-52.8649,,,,-53.349,,,,-52.4686,,,,-51.676,,,,-51.2469,,,,-52.601,,,,-53.525,,,,-56.4275,,,,-54.668,,,,-54.7128,,,,-52.831,,,,-51.3129,,,,-51.863,,,,-53.0299,,,,-53.277
,,,,-54.663,,,,-52.8979,,,,-53.327,,,,-52.3696,,,,-51.665,,,,-51.2799,,,,-52.612,,,,-53.525,,,,-56.4275,,,,-54.679,,,,-54.7128,,,,-52.809,,,,-51.3459,,,,-51.885,,,,-53.0299,,,,-53.277
,,,,-54.696,,,,-52.9308,,,,-53.36,,,,-52.4027,,,,-51.676,,,,-51.2799,,,,-52.645,,,,-53.5909,,,,-56.4606,,,,-54.712,,,,-54.7457,,,,-52.831,,,,-51.3459,,,,-51.896,,,,-53.0629,,,,-53.327
,,,,-54.712,,,,-52.9638,,,,-53.382,,,,-52.4027,,,,-51.709,,,,-51.3129,,,,-52.667,,,,-53.5909,,,,-56.4606,,,,-54.734,,,,-54.7787,,,,-52.864,,,,-51.412,,,,-51.94,,,,-53.0959,,,,-53.343
,,,,-54.745,,,,-52.9968,,,,-53.404,,,,-52.4357,,,,-51.731,,,,-51.3459,,,,-52.689,,,,-53.5909,,,,-56.4935,,,,-54.756,,,,-54.7787,,,,-52.875,,,,-51.412,,,,-51.962,,,,-53.1288,,,,-53.36
,,,,-54.778,,,,-53.0299,,,,-53.448,,,,-52.5017,,,,-51.753,,,,-51.3459,,,,-52.711,,,,-53.6239,,,,-56.5265,,,,-54.789,,,,-54.8117,,,,-52.908,,,,-51.412,,,,-51.973,,,,-53.1619,,,,-53.393
,,,,-54.795,,,,-53.0629,,,,-53.437,,,,-52.4357,,,,-51.742,,,,-51.379,,,,-52.722,,,,-53.6239,,,,-56.5265,,,,-54.8,,,,-54.8117,,,,-52.886,,,,-51.412,,,,-51.984,,,,-53.1619,,,,-53.393
,,,,-54.795,,,,-53.0299,,,,-53.448,,,,-52.4686,,,,-51.764,,,,-51.379,,,,-52.744,,,,-53.6899,,,,-56.5595,,,,-54.811,,,,-54.8447,,,,-52.919,,,,-51.445,,,,-51.995,,,,-53.1619,,,,-53.426
,,,,-54.861,,,,-53.1619,,,,-53.525,,,,-52.5347,,,,-51.808,,,,-51.412,,,,-52.777,,,,-53.6899,,,,-56.5595,,,,-54.866,,,,-54.8777,,,,-52.963,,,,-51.478,,,,-52.039,,,,-53.2279,,,,-53.459
,,,,-54.861,,,,-53.0959,,,,-53.514,,,,-52.5678,,,,-51.852,,,,-51.445,,,,-52.788,,,,-53.7229,,,,-56.6254,,,,-54.866,,,,-54.8777,,,,-52.997,,,,-51.5441,,,,-52.061,,,,-53.1949,,,,-53.459
,,,,-54.861,,,,-53.0959,,,,-53.525,,,,-52.6007,,,,-51.852,,,,-51.445,,,,-52.799,,,,-53.7229,,,,-56.6254,,,,-54.866,,,,-54.8777,,,,-52.997,,,,-51.5111,,,,-52.061,,,,-53.2279,,,,-53.475
,,,,-54.861,,,,-53.0959,,,,-53.536,,,,-52.6007,,,,-51.874,,,,-51.478,,,,-52.843,,,,-53.7889,,,,-56.6254,,,,-54.877,,,,-54.9107,,,,-53.018,,,,-51.5441,,,,-52.094,,,,-53.2609,,,,-53.525
,,,,-54.927,,,,-53.1949,,,,-53.602,,,,-52.6337,,,,-51.918,,,,-51.5111,,,,-52.865,,,,-53.7889,,,,-56.6583,,,,-54.943,,,,-54.9766,,,,-53.073,,,,-51.6102,,,,-52.138,,,,-53.2938,,,,-53.541
,,,,-54.976,,,,-53.2609,,,,-53.668,,,,-52.6998,,,,-51.962,,,,-51.5441,,,,-52.909,,,,-53.855,,,,-56.6913,,,,-54.998,,,,-55.0426,,,,-53.128,,,,-51.6431,,,,-52.171,,,,-53.3269,,,,-53.591
,,,,-55.025,,,,-53.2938,,,,-53.679,,,,-52.6998,,,,-51.984,,,,-51.5771,,,,-52.953,,,,-53.888,,,,-56.7572,,,,-55.031,,,,-55.0426,,,,-53.14,,,,-51.6762,,,,-52.215,,,,-53.3929,,,,-53.64
,,,,-55.108,,,,-53.3599,,,,-53.811,,,,-52.8979,,,,-52.127,,,,-51.7092,,,,-53.096,,,,-54.0529,,,,-56.8562,,,,-55.13,,,,-55.1746,,,,-53.283,,,,-51.7753,,,,-52.336,,,,-53.525,,,,-53.789
,,,,-55.224,,,,-53.558,,,,-53.888,,,,-52.8979,,,,-52.16,,,,-51.7753,,,,-53.129,,,,-54.0859,,,,-56.8891,,,,-55.218,,,,-55.2076,,,,-53.305,,,,-51.8082,,,,-52.369,,,,-53.525,,,,-53.805
,,,,-55.256,,,,-53.558,,,,-53.921,,,,-52.9638,,,,-52.182,,,,-51.7753,,,,-53.151,,,,-54.0859,,,,-56.955,,,,-55.251,,,,-55.2405,,,,-53.338,,,,-51.8082,,,,-52.391,,,,-53.5909,,,,-53.838
,,,,-55.223,,,,-53.525,,,,-53.91,,,,-52.9308,,,,-52.204,,,,-51.8082,,,,-53.173,,,,-54.1189,,,,-56.9219,,,,-55.24,,,,-55.2734,,,,-53.36,,,,-51.8744,,,,-52.424,,,,-53.5909,,,,-53.855
,,,,-55.273,,,,-53.5909,,,,-53.899,,,,-52.8649,,,,-52.193,,,,-51.8082,,,,-53.195,,,,-54.1519,,,,-56.955,,,,-55.262,,,,-55.2405,,,,-53.338,,,,-51.9073,,,,-52.446,,,,-53.6239,,,,-53.888
,,,,-55.273,,,,-53.525,,,,-53.943,,,,-52.9968,,,,-52.238,,,,-51.8414,,,,-53.217,,,,-54.1849,,,,-57.0209,,,,-55.284,,,,-55.3065,,,,-53.393,,,,-51.8744,,,,-52.447,,,,-53.6239,,,,-53.904
,,,,-55.339,,,,-53.6569,,,,-53.976,,,,-52.9638,,,,-52.26,,,,-51.8744,,,,-53.239,,,,-54.1849,,,,-57.0209,,,,-55.328,,,,-55.3065,,,,-53.404,,,,-51.9404,,,,-52.491,,,,-53.6569,,,,-53.921
,,,,-55.306,,,,-53.5909,,,,-53.987,,,,-53.0629,,,,-52.293,,,,-51.8744,,,,-53.261,,,,-54.2179,,,,-57.0209,,,,-55.306,,,,-55.3065,,,,-53.437,,,,-51.9404,,,,-52.502,,,,-53.6899,,,,-53.954
,,,,-55.273,,,,-53.492,,,,-53.965,,,,-53.0629,,,,-52.304,,,,-51.9073,,,,-53.283,,,,-54.2509,,,,-57.0539,,,,-55.295,,,,-55.3394,,,,-53.448,,,,-51.9404,,,,-52.513,,,,-53.6899,,,,-53.97
,,,,-55.355,,,,-53.6569,,,,-54.031,,,,-53.0629,,,,-52.326,,,,-51.9404,,,,-53.305,,,,-54.2509,,,,-57.0539,,,,-55.361,,,,-55.3724,,,,-53.47,,,,-51.9733,,,,-52.546,,,,-53.7229,,,,-53.987
,,,,-55.355,,,,-53.6569,,,,-54.042,,,,-53.0629,,,,-52.337,,,,-51.9404,,,,-53.305,,,,-54.2509,,,,-57.0539,,,,-55.372,,,,-55.4054,,,,-53.492,,,,-52.0064,,,,-52.557,,,,-53.7229,,,,-53.987
,,,,-55.372,,,,-53.6569,,,,-54.042,,,,-53.0959,,,,-52.359,,,,-51.9733,,,,-53.338,,,,-54.3168,,,,-57.0868,,,,-55.372,,,,-55.3724,,,,-53.492,,,,-52.0064,,,,-52.568,,,,-53.7229,,,,-54.02
,,,,-55.454,,,,-53.7889,,,,-54.097,,,,-53.0959,,,,-52.359,,,,-51.9733,,,,-53.349,,,,-54.3168,,,,-57.1198,,,,-55.438,,,,-55.4054,,,,-53.503,,,,-52.0064,,,,-52.579,,,,-53.756,,,,-54.036
,,,,-55.438,,,,-53.756,,,,-54.086,,,,-53.0629,,,,-52.37,,,,-52.0064,,,,-53.382,,,,-54.3499,,,,-57.1198,,,,-55.438,,,,-55.4383,,,,-53.514,,,,-52.0395,,,,-52.612,,,,-53.7889,,,,-54.069
,,,,-55.438,,,,-53.7229,,,,-54.108,,,,-53.1619,,,,-52.403,,,,-52.0064,,,,-53.393,,,,-54.3828,,,,-57.1528,,,,-55.438,,,,-55.4383,,,,-53.547,,,,-52.0395,,,,-52.612,,,,-53.7889,,,,-54.086
,,,,-55.438,,,,-53.7229,,,,-54.108,,,,-53.1619,,,,-52.425,,,,-52.0064,,,,-53.404,,,,-54.3828,,,,-57.1528,,,,-55.438,,,,-55.4383,,,,-53.569,,,,-52.1055,,,,-52.645,,,,-53.822,,,,-54.102
,,,,-55.504,,,,-53.822,,,,-54.152,,,,-53.1619,,,,-52.447,,,,-52.0725,,,,-53.437,,,,-54.4158,,,,-57.1858,,,,-55.493,,,,-55.4714,,,,-53.58,,,,-52.1055,,,,-52.667,,,,-53.822,,,,-54.119
,,,,-55.504,,,,-53.822,,,,-54.185,,,,-53.2279,,,,-52.469,,,,-52.0725,,,,-53.459,,,,-54.4488,,,,-57.1858,,,,-55.504,,,,-55.5044,,,,-53.613,,,,-52.1055,,,,-52.678,,,,-53.855,,,,-54.152
,,,,-55.504,,,,-53.7889,,,,-54.174,,,,-53.2609,,,,-52.491,,,,-52.0725,,,,-53.459,,,,-54.4488,,,,-57.2187,,,,-55.493,,,,-55.4714,,,,-53.624,,,,-52.1385,,,,-52.689,,,,-53.855,,,,-54.152
,,,,-55.537,,,,-53.855,,,,-54.218,,,,-53.2609,,,,-52.513,,,,-52.1385,,,,-53.492,,,,-54.4488,,,,-57.2187,,,,-55.537,,,,-55.5374,,,,-53.646,,,,-52.1385,,,,-52.722,,,,-53.888,,,,-54.168
,,,,-55.537,,,,-53.822,,,,-54.229,,,,-53.2938,,,,-52.546,,,,-52.1385,,,,-53.514,,,,-54.5148,,,,-57.2515,,,,-55.548,,,,-55.5703,,,,-53.69,,,,-52.2046,,,,-52.744,,,,-53.888,,,,-54.201
,,,,-55.586,,,,-53.888,,,,-54.24,,,,-53.2609,,,,-52.546,,,,-52.1715,,,,-53.547,,,,-54.5478,,,,-57.2846,,,,-55.581,,,,-55.5703,,,,-53.679,,,,-52.2046,,,,-52.766,,,,-53.9209,,,,-54.234
,,,,-55.603,,,,-53.9209,,,,-54.273,,,,-53.2938,,,,-52.568,,,,-52.2046,,,,-53.569,,,,-54.5478,,,,-57.2846,,,,-55.603,,,,-55.6032,,,,-53.701,,,,-52.2046,,,,-52.788,,,,-53.9538,,,,-54.251
,,,,-55.619,,,,-53.9209,,,,-54.251,,,,-53.2279,,,,-52.579,,,,-52.2375,,,,-53.58,,,,-54.5478,,,,-57.3175,,,,-55.614,,,,-55.6032,,,,-53.701,,,,-52.2706,,,,-52.821,,,,-53.9538,,,,-54.251
,,,,-55.636,,,,-53.9538,,,,-54.295,,,,-53.2938,,,,-52.601,,,,-52.2375,,,,-53.602,,,,-54.5808,,,,-57.3175,,,,-55.636,,,,-55.6362,,,,-53.734,,,,-52.2706,,,,-52.832,,,,-53.9869,,,,-54.284
,,,,-55.652,,,,-53.9538,,,,-54.306,,,,-53.3599,,,,-52.645,,,,-52.2706,,,,-53.624,,,,-54.6137,,,,-57.3505,,,,-55.636,,,,-55.6032,,,,-53.756,,,,-52.3035,,,,-52.854,,,,-53.9869,,,,-54.3
,,,,-55.702,,,,-54.0529,,,,-54.372,,,,-53.3929,,,,-52.656,,,,-52.2706,,,,-53.646,,,,-54.6468,,,,-57.3505,,,,-55.691,,,,-55.6692,,,,-53.789,,,,-52.3035,,,,-52.865,,,,-54.0199,,,,-54.333
,,,,-55.652,,,,-53.9209,,,,-54.328,,,,-53.3929,,,,-52.678,,,,-52.3035,,,,-53.657,,,,-54.6468,,,,-57.3835,,,,-55.658,,,,-55.6692,,,,-53.8,,,,-52.3366,,,,-52.887,,,,-54.0199,,,,-54.333
,,,,-55.685,,,,-53.9869,,,,-54.361,,,,-53.3929,,,,-52.689,,,,-52.3035,,,,-53.679,,,,-54.6798,,,,-57.3835,,,,-55.691,,,,-55.7022,,,,-53.822,,,,-52.3696,,,,-52.909,,,,-54.0529,,,,-54.366
,,,,-55.751,,,,-54.0859,,,,-54.372,,,,-53.3269,,,,-52.678,,,,-52.3366,,,,-53.712,,,,-54.7128,,,,-57.4164,,,,-55.735,,,,-55.7022,,,,-53.8,,,,-52.3696,,,,-52.931,,,,-54.0859,,,,-54.399
,,,,-55.751,,,,-54.0859,,,,-54.416,,,,-53.4589,,,,-52.722,,,,-52.3366,,,,-53.701,,,,-54.6798,,,,-57.4164,,,,-55.735,,,,-55.7022,,,,-53.844,,,,-52.3696,,,,-52.931,,,,-54.0859,,,,-54.383
,,,,-55.784,,,,-54.1189,,,,-54.416,,,,-53.3929,,,,-52.711,,,,-52.3696,,,,-53.723,,,,-54.7128,,,,-57.4494,,,,-55.768,,,,-55.7352,,,,-53.833,,,,-52.3696,,,,-52.942,,,,-54.0859,,,,-54.399
,,,,-55.801,,,,-54.1519,,,,-54.471,,,,-53.492,,,,-52.755,,,,-52.3696,,,,-53.734,,,,-54.7457,,,,-57.4494,,,,-55.79,,,,-55.7681,,,,-53.888,,,,-52.4027,,,,-52.953,,,,-54.0859,,,,-54.416
,,,,-55.801,,,,-54.1519,,,,-54.46,,,,-53.4589,,,,-52.766,,,,-52.4027,,,,-53.767,,,,-54.7787,,,,-57.4494,,,,-55.79,,,,-55.7681,,,,-53.888,,,,-52.4357,,,,-52.986,,,,-54.1189,,,,-54.449
,,,,-55.834,,,,-54.1849,,,,-54.482,,,,-53.492,,,,-52.788,,,,-52.4027,,,,-53.778,,,,-54.8117,,,,-57.4823,,,,-55.812,,,,-55.7681,,,,-53.91,,,,-52.4686,,,,-52.997,,,,-54.1189,,,,-54.465
,,,,-55.867,,,,-54.2179,,,,-54.537,,,,-53.5909,,,,-52.832,,,,-52.4357,,,,-53.8,,,,-54.8117,,,,-57.5153,,,,-55.845,,,,-55.8011,,,,-53.954,,,,-52.4686,,,,-53.019,,,,-54.1519,,,,-54.482
,,,,-55.801,,,,-54.0859,,,,-54.515,,,,-53.6569,,,,-52.876,,,,-52.4686,,,,-53.822,,,,-54.8447,,,,-57.5153,,,,-55.801,,,,-55.8011,,,,-53.987,,,,-52.5017,,,,-53.041,,,,-54.1519,,,,-54.498
,,,,-55.85,,,,-54.1849,,,,-54.504,,,,-53.525,,,,-52.832,,,,-52.4686,,,,-53.833,,,,-54.8447,,,,-57.5153,,,,-55.834,,,,-55.8011,,,,-53.943,,,,-52.5017,,,,-53.052,,,,-54.1849,,,,-54.515
,,,,-55.834,,,,-54.1519,,,,-54.559,,,,-53.6569,,,,-52.887,,,,-52.4686,,,,-53.833,,,,-54.8447,,,,-57.5153,,,,-55.845,,,,-55.8671,,,,-54.02,,,,-52.5347,,,,-53.063,,,,-54.1849,,,,-54.515
,,,,-55.933,,,,-54.3168,,,,-54.603,,,,-53.6239,,,,-52.887,,,,-52.5017,,,,-53.866,,,,-54.8777,,,,-57.5483,,,,-55.911,,,,-55.8671,,,,-54.009,,,,-52.5347,,,,-53.085,,,,-54.2179,,,,-54.548
,,,,-55.916,,,,-54.2509,,,,-54.592,,,,-53.6239,,,,-52.909,,,,-52.5347,,,,-53.899,,,,-54.9107,,,,-57.5811,,,,-55.911,,,,-55.9001,,,,-54.031,,,,-52.5678,,,,-53.118,,,,-54.2509,,,,-54.581
,,,,-55.949,,,,-54.3168,,,,-54.592,,,,-53.5909,,,,-52.898,,,,-52.5347,,,,-53.899,,,,-54.9107,,,,-57.5811,,,,-55.922,,,,-55.8671,,,,-54.009,,,,-52.5678,,,,-53.118,,,,-54.2509,,,,-54.581
,,,,-55.965,,,,-54.3168,,,,-54.625,,,,-53.6569,,,,-52.931,,,,-52.5678,,,,-53.921,,,,-54.9436,,,,-57.6141,,,,-55.944,,,,-55.9001,,,,-54.042,,,,-52.5678,,,,-53.129,,,,-54.2509,,,,-54.597
,,,,-55.965,,,,-54.3168,,,,-54.658,,,,-53.7229,,,,-52.975,,,,-52.6007,,,,-53.954,,,,-54.9436,,,,-57.6141,,,,-55.955,,,,-55.9329,,,,-54.086,,,,-52.6007,,,,-53.173,,,,-54.3168,,,,-54.63
,,,,-56.015,,,,-54.3499,,,,-54.724,,,,-53.822,,,,-53.074,,,,-52.6998,,,,-54.02,,,,-55.0426,,,,-57.68,,,,-56.01,,,,-55.9989,,,,-54.174,,,,-52.6998,,,,-53.239,,,,-54.3168,,,,-54.68
,,,,-56.097,,,,-54.5148,,,,-54.768,,,,-53.7889,,,,-53.063,,,,-52.6998,,,,-54.031,,,,-55.0426,,,,-57.68,,,,-56.065,,,,-55.9989,,,,-54.163,,,,-52.6998,,,,-53.25,,,,-54.3499,,,,-54.696
,,,,-56.097,,,,-54.4818,,,,-54.735,,,,-53.7229,,,,-53.063,,,,-52.7328,,,,-54.064,,,,-55.0756,,,,-57.713,,,,-56.065,,,,-55.9989,,,,-54.152,,,,-52.7328,,,,-53.283,,,,-54.3828,,,,-54.729
,,,,-56.097,,,,-54.4818,,,,-54.79,,,,-53.855,,,,-53.096,,,,-52.6998,,,,-54.053,,,,-55.0756,,,,-57.713,,,,-56.076,,,,-56.0319,,,,-54.207,,,,-52.7328,,,,-53.272,,,,-54.3828,,,,-54.729
,,,,-56.114,,,,-54.4818,,,,-54.779,,,,-53.7889,,,,-53.085,,,,-52.7328,,,,-54.097,,,,-55.1416,,,,-57.7459,,,,-56.098,,,,-56.0649,,,,-54.196,,,,-52.7328,,,,-53.294,,,,-54.4158,,,,-54.779
,,,,-56.147,,,,-54.5478,,,,-54.823,,,,-53.855,,,,-53.14,,,,-52.7658,,,,-54.108,,,,-55.1416,,,,-57.7459,,,,-56.12,,,,-56.0649,,,,-54.24,,,,-52.7987,,,,-53.327,,,,-54.4158,,,,-54.779
,,,,-56.13,,,,-54.5148,,,,-54.801,,,,-53.822,,,,-53.129,,,,-52.7658,,,,-54.119,,,,-55.1746,,,,-57.7459,,,,-56.109,,,,-56.0649,,,,-54.229,,,,-52.7987,,,,-53.327,,,,-54.4158,,,,-54.795
,,,,-56.18,,,,-54.5808,,,,-54.856,,,,-53.888,,,,-53.162,,,,-52.7987,,,,-54.152,,,,-55.2076,,,,-57.7789,,,,-56.152,,,,-56.0978,,,,-54.262,,,,-52.7987,,,,-53.349,,,,-54.4488,,,,-54.828
,,,,-56.213,,,,-54.6468,,,,-54.867,,,,-53.888,,,,-53.162,,,,-52.7987,,,,-54.141,,,,-55.1746,,,,-57.7789,,,,-56.164,,,,-56.0649,,,,-54.251,,,,-52.7987,,,,-53.349,,,,-54.4488,,,,-54.812
,,,,-56.196,,,,-54.6137,,,,-54.856,,,,-53.855,,,,-53.184,,,,-52.8649,,,,-54.185,,,,-55.2076,,,,-57.7789,,,,-56.163,,,,-56.0978,,,,-54.262,,,,-52.8318,,,,-53.393,,,,-54.4818,,,,-54.845
,,,,-56.229,,,,-54.6468,,,,-54.867,,,,-53.822,,,,-53.162,,,,-52.8318,,,,-54.185,,,,-55.2405,,,,-57.8119,,,,-56.197,,,,-56.1309,,,,-54.262,,,,-52.8318,,,,-53.382,,,,-54.4818,,,,-54.861
,,,,-56.246,,,,-54.6798,,,,-54.933,,,,-53.9869,,,,-53.239,,,,-52.8649,,,,-54.207,,,,-55.2405,,,,-57.8119,,,,-56.208,,,,-56.1309,,,,-54.328,,,,-52.8649,,,,-53.415,,,,-54.5148,,,,-54.878
,,,,-56.279,,,,-54.7128,,,,-54.933,,,,-53.9538,,,,-53.239,,,,-52.8649,,,,-54.218,,,,-55.2734,,,,-57.8448,,,,-56.229,,,,-56.1309,,,,-54.328,,,,-52.8979,,,,-53.426,,,,-54.5148,,,,-54.894
,,,,-56.246,,,,-54.6798,,,,-54.922,,,,-53.9209,,,,-53.239,,,,-52.8979,,,,-54.229,,,,-55.2734,,,,-57.8119,,,,-56.219,,,,-56.1638,,,,-54.328,,,,-52.8979,,,,-53.437,,,,-54.5148,,,,-54.894
,,,,-56.279,,,,-54.7128,,,,-54.954,,,,-53.9869,,,,-53.294,,,,-52.9308,,,,-54.251,,,,-55.3065,,,,-57.8448,,,,-56.24,,,,-56.1638,,,,-54.372,,,,-52.9638,,,,-53.47,,,,-54.5148,,,,-54.911
,,,,-56.279,,,,-54.6798,,,,-54.943,,,,-53.9538,,,,-53.283,,,,-52.9308,,,,-54.273,,,,-55.3065,,,,-57.8778,,,,-56.251,,,,-56.1968,,,,-54.371,,,,-52.9638,,,,-53.492,,,,-54.5808,,,,-54.944
,,,,-56.312,,,,-54.7128,,,,-55.01,,,,-54.0859,,,,-53.338,,,,-52.9638,,,,-54.295,,,,-55.3394,,,,-57.9106,,,,-56.284,,,,-56.2298,,,,-54.427,,,,-52.9638,,,,-53.503,,,,-54.5808,,,,-54.96
,,,,-56.345,,,,-54.8117,,,,-55.031,,,,-54.0529,,,,-53.36,,,,-52.9968,,,,-54.328,,,,-55.3724,,,,-57.8778,,,,-56.306,,,,-56.2298,,,,-54.438,,,,-53.0299,,,,-53.547,,,,-54.6137,,,,-54.993
,,,,-56.345,,,,-54.7787,,,,-55.042,,,,-54.0859,,,,-53.382,,,,-53.0299,,,,-54.35,,,,-55.4054,,,,-57.9106,,,,-56.317,,,,-56.2626,,,,-54.459,,,,-53.0299,,,,-53.558,,,,-54.6137,,,,-55.01
,,,,-56.411,,,,-54.8777,,,,-55.086,,,,-54.1189,,,,-53.415,,,,-53.0629,,,,-54.372,,,,-55.4054,,,,-57.9437,,,,-56.361,,,,-56.2626,,,,-54.481,,,,-53.0629,,,,-53.591,,,,-54.6468,,,,-55.026
,,,,-56.427,,,,-54.8777,,,,-55.086,,,,-54.1189,,,,-53.415,,,,-53.0629,,,,-54.383,,,,-55.4383,,,,-57.9766,,,,-56.372,,,,-56.2626,,,,-54.481,,,,-53.0629,,,,-53.591,,,,-54.6468,,,,-55.043
,,,,-56.394,,,,-54.8447,,,,-55.075,,,,-54.0859,,,,-53.404,,,,-53.0629,,,,-54.383,,,,-55.4383,,,,-57.9437,,,,-56.361,,,,-56.2957,,,,-54.482,,,,-53.0629,,,,-53.591,,,,-54.6468,,,,-55.043
,,,,-56.411,,,,-54.8447,,,,-55.108,,,,-54.1849,,,,-53.448,,,,-53.0959,,,,-54.405,,,,-55.4383,,,,-57.9766,,,,-56.372,,,,-56.2957,,,,-54.514,,,,-53.0629,,,,-53.613,,,,-54.6798,,,,-55.059
,,,,-56.427,,,,-54.8777,,,,-55.108,,,,-54.1189,,,,-53.437,,,,-53.0959,,,,-54.427,,,,-55.4714,,,,-57.9766,,,,-56.394,,,,-56.3287,,,,-54.514,,,,-53.0959,,,,-53.635,,,,-54.7128,,,,-55.092
,,,,-56.46,,,,-54.9436,,,,-55.13,,,,-54.1189,,,,-53.459,,,,-53.1288,,,,-54.449,,,,-55.5044,,,,-57.9766,,,,-56.416,,,,-56.3287,,,,-54.525,,,,-53.1288,,,,-53.657,,,,-54.7128,,,,-55.109
,,,,-56.444,,,,-54.9107,,,,-55.13,,,,-54.1519,,,,-53.481,,,,-53.1619,,,,-54.46,,,,-55.5044,,,,-57.9766,,,,-56.405,,,,-56.3287,,,,-54.536,,,,-53.1288,,,,-53.668,,,,-54.7128,,,,-55.109
,,,,-56.46,,,,-54.9107,,,,-55.174,,,,-54.2509,,,,-53.514,,,,-53.1619,,,,-54.449,,,,-55.4714,,,,-58.0095,,,,-56.427,,,,-56.3616,,,,-54.58,,,,-53.1288,,,,-53.668,,,,-54.7128,,,,-55.092
,,,,-56.493,,,,-54.9766,,,,-55.218,,,,-54.3168,,,,-53.547,,,,-53.1619,,,,-54.482,,,,-55.5374,,,,-58.0095,,,,-56.449,,,,-56.3616,,,,-54.613,,,,-53.1619,,,,-53.69,,,,-54.7457,,,,-55.142
,,,,-56.477,,,,-54.9436,,,,-55.196,,,,-54.2509,,,,-53.536,,,,-53.1949,,,,-54.504,,,,-55.5703,,,,-58.0095,,,,-56.449,,,,-56.3946,,,,-54.602,,,,-53.1619,,,,-53.701,,,,-54.7457,,,,-55.158
,,,,-56.576,,,,-55.0756,,,,-55.229,,,,-54.2179,,,,-53.547,,,,-53.2279,,,,-54.526,,,,-55.5703,,,,-58.0754,,,,-56.515,,,,-56.3946,,,,-54.602,,,,-53.1949,,,,-53.734,,,,-54.7787,,,,-55.174
,,,,-56.543,,,,-55.0096,,,,-55.229,,,,-54.3168,,,,-53.58,,,,-53.2279,,,,-54.515,,,,-55.5703,,,,-58.0754,,,,-56.482,,,,-56.3616,,,,-54.624,,,,-53.1949,,,,-53.723,,,,-54.7457,,,,-55.158
,,,,-56.625,,,,-55.1416,,,,-55.339,,,,-54.4158,,,,-53.657,,,,-53.2938,,,,-54.581,,,,-55.6362,,,,-58.1084,,,,-56.57,,,,-56.4606,,,,-54.712,,,,-53.2609,,,,-53.789,,,,-54.8117,,,,-55.224
,,,,-56.641,,,,-55.1416,,,,-55.317,,,,-54.3499,,,,-53.657,,,,-53.3269,,,,-54.614,,,,-55.6692,,,,-58.1414,,,,-56.581,,,,-56.4606,,,,-54.701,,,,-53.2938,,,,-53.822,,,,-54.8447,,,,-55.257
,,,,-56.608,,,,-55.1085,,,,-55.317,,,,-54.3828,,,,-53.679,,,,-53.3269,,,,-54.614,,,,-55.6692,,,,-58.1084,,,,-56.559,,,,-56.4606,,,,-54.723,,,,-53.3269,,,,-53.833,,,,-54.8447,,,,-55.257
,,,,-56.658,,,,-55.1746,,,,-55.35,,,,-54.3828,,,,-53.701,,,,-53.3599,,,,-54.647,,,,-55.7022,,,,-58.1414,,,,-56.603,,,,-56.4935,,,,-54.745,,,,-53.3599,,,,-53.866,,,,-54.8777,,,,-55.29
,,,,-56.707,,,,-55.2405,,,,-55.394,,,,-54.4158,,,,-53.701,,,,-53.3599,,,,-54.658,,,,-55.7352,,,,-58.1743,,,,-56.647,,,,-56.5265,,,,-54.756,,,,-53.3269,,,,-53.855,,,,-54.8777,,,,-55.306
,,,,-56.724,,,,-55.2734,,,,-55.416,,,,-54.4488,,,,-53.745,,,,-53.3929,,,,-54.691,,,,-55.7681,,,,-58.1743,,,,-56.658,,,,-56.5265,,,,-54.789,,,,-53.3929,,,,-53.899,,,,-54.9107,,,,-55.339
,,,,-56.724,,,,-55.2734,,,,-55.427,,,,-54.4488,,,,-53.756,,,,-53.4259,,,,-54.702,,,,-55.7681,,,,-58.1743,,,,-56.669,,,,-56.5595,,,,-54.8,,,,-53.3929,,,,-53.91,,,,-54.9107,,,,-55.339
,,,,-56.757,,,,-55.3394,,,,-55.438,,,,-54.4158,,,,-53.767,,,,-53.4589,,,,-54.724,,,,-55.7681,,,,-58.1743,,,,-56.691,,,,-56.5595,,,,-54.8,,,,-53.4259,,,,-53.943,,,,-54.9436,,,,-55.356
,,,,-56.707,,,,-55.2405,,,,-55.416,,,,-54.4488,,,,-53.789,,,,-53.4589,,,,-54.724,,,,-55.7681,,,,-58.1743,,,,-56.658,,,,-56.5595,,,,-54.822,,,,-53.4589,,,,-53.954,,,,-54.9436,,,,-55.356
,,,,-56.658,,,,-55.1085,,,,-55.405,,,,-54.5478,,,,-53.811,,,,-53.4589,,,,-54.735,,,,-55.8011,,,,-58.2073,,,,-56.625,,,,-56.5595,,,,-54.844,,,,-53.4259,,,,-53.943,,,,-54.9436,,,,-55.372
,,,,-56.74,,,,-55.2734,,,,-55.438,,,,-54.4488,,,,-53.8,,,,-53.492,,,,-54.768,,,,-55.8341,,,,-58.2073,,,,-56.691,,,,-56.5923,,,,-54.833,,,,-53.4589,,,,-53.976,,,,-54.9766,,,,-55.405
,,,,-56.773,,,,-55.3394,,,,-55.482,,,,-54.4818,,,,-53.822,,,,-53.525,,,,-54.779,,,,-55.8341,,,,-58.2073,,,,-56.724,,,,-56.6254,,,,-54.855,,,,-53.4589,,,,-53.987,,,,-54.9766,,,,-55.405
,,,,-56.74,,,,-55.2405,,,,-55.471,,,,-54.5808,,,,-53.866,,,,-53.525,,,,-54.79,,,,-55.8671,,,,-58.2401,,,,-56.691,,,,-56.5923,,,,-54.888,,,,-53.492,,,,-53.998,,,,-54.9766,,,,-55.422
,,,,-56.773,,,,-55.3065,,,,-55.482,,,,-54.5148,,,,-53.866,,,,-53.558,,,,-54.801,,,,-55.8671,,,,-58.2401,,,,-56.724,,,,-56.6254,,,,-54.888,,,,-53.525,,,,-54.02,,,,-54.9766,,,,-55.422
,,,,-56.839,,,,-55.3724,,,,-55.548,,,,-54.6137,,,,-53.943,,,,-53.6239,,,,-54.866,,,,-55.9329,,,,-58.306,,,,-56.779,,,,-56.6583,,,,-54.954,,,,-53.5909,,,,-54.086,,,,-55.0426,,,,-55.488
,,,,-56.872,,,,-55.4383,,,,-55.57,,,,-54.6137,,,,-53.943,,,,-53.6239,,,,-54.877,,,,-55.9329,,,,-58.306,,,,-56.801,,,,-56.6583,,,,-54.954,,,,-53.5909,,,,-54.097,,,,-55.0756,,,,-55.504
,,,,-56.889,,,,-55.4714,,,,-55.625,,,,-54.7128,,,,-53.998,,,,-53.6569,,,,-54.888,,,,-55.966,,,,-58.306,,,,-56.823,,,,-56.6913,,,,-55.009,,,,-53.6239,,,,-54.108,,,,-55.0426,,,,-55.504
,,,,-56.905,,,,-55.5044,,,,-55.625,,,,-54.6798,,,,-53.987,,,,-53.6569,,,,-54.91,,,,-55.966,,,,-58.306,,,,-56.834,,,,-56.6913,,,,-54.998,,,,-53.6239,,,,-54.13,,,,-55.1085,,,,-55.537
,,,,-56.905,,,,-55.5044,,,,-55.592,,,,-54.6137,,,,-53.976,,,,-53.6899,,,,-54.932,,,,-55.9989,,,,-58.306,,,,-56.823,,,,-56.6583,,,,-54.965,,,,-53.6239,,,,-54.141,,,,-55.1085,,,,-55.554
,,,,-56.922,,,,-55.5374,,,,-55.647,,,,-54.6798,,,,-54.009,,,,-53.6899,,,,-54.932,,,,-55.9989,,,,-58.306,,,,-56.856,,,,-56.7243,,,,-55.02,,,,-53.6569,,,,-54.152,,,,-55.1085,,,,-55.554
,,,,-56.938,,,,-55.5374,,,,-55.647,,,,-54.6798,,,,-54.02,,,,-53.7229,,,,-54.943,,,,-55.9989,,,,-58.339,,,,-56.867,,,,-56.7243,,,,-55.02,,,,-53.6569,,,,-54.163,,,,-55.1085,,,,-55.554
,,,,-56.938,,,,-55.5044,,,,-55.647,,,,-54.7128,,,,-54.053,,,,-53.7229,,,,-54.965,,,,-56.0319,,,,-58.3719,,,,-56.867,,,,-56.7243,,,,-55.053,,,,-53.7229,,,,-54.196,,,,-55.1416,,,,-55.587
,,,,-56.922,,,,-55.4714,,,,-55.691,,,,-54.8447,,,,-54.086,,,,-53.7229,,,,-54.965,,,,-56.0319,,,,-58.3719,,,,-56.867,,,,-56.7572,,,,-55.097,,,,-53.6899,,,,-54.185,,,,-55.1416,,,,-55.587
,,,,-56.971,,,,-55.5374,,,,-55.702,,,,-54.7787,,,,-54.075,,,,-53.756,,,,-54.987,,,,-56.0649,,,,-58.4048,,,,-56.911,,,,-56.7902,,,,-55.086,,,,-53.6899,,,,-54.196,,,,-55.1416,,,,-55.603
,,,,-56.955,,,,-55.5374,,,,-55.669,,,,-54.7128,,,,-54.075,,,,-53.7889,,,,-55.009,,,,-56.0649,,,,-58.3719,,,,-56.889,,,,-56.7572,,,,-55.064,,,,-53.7229,,,,-54.229,,,,-55.1746,,,,-55.62
,,,,-56.955,,,,-55.5374,,,,-55.713,,,,-54.8117,,,,-54.108,,,,-53.7889,,,,-55.009,,,,-56.0649,,,,-58.3719,,,,-56.9,,,,-56.7902,,,,-55.108,,,,-53.7229,,,,-54.229,,,,-55.1746,,,,-55.62
,,,,-57.004,,,,-55.6032,,,,-55.724,,,,-54.7787,,,,-54.108,,,,-53.7889,,,,-55.031,,,,-56.1309,,,,-58.4048,,,,-56.933,,,,-56.7902,,,,-55.108,,,,-53.756,,,,-54.24,,,,-55.1746,,,,-55.653
,,,,-57.02,,,,-55.6362,,,,-55.79,,,,-54.9107,,,,-54.163,,,,-53.822,,,,-55.054,,,,-56.1309,,,,-58.4048,,,,-56.955,,,,-56.8232,,,,-55.163,,,,-53.756,,,,-54.262,,,,-55.2076,,,,-55.669
,,,,-56.971,,,,-55.5374,,,,-55.724,,,,-54.8117,,,,-54.152,,,,-53.855,,,,-55.053,,,,-56.0978,,,,-58.4048,,,,-56.922,,,,-56.8232,,,,-55.141,,,,-53.7889,,,,-54.284,,,,-55.2076,,,,-55.653
,,,,-57.037,,,,-55.6362,,,,-55.757,,,,-54.8117,,,,-54.163,,,,-53.855,,,,-55.075,,,,-56.1638,,,,-58.4378,,,,-56.966,,,,-56.8232,,,,-55.152,,,,-53.822,,,,-54.295,,,,-55.2076,,,,-55.686
,,,,-57.037,,,,-55.6362,,,,-55.768,,,,-54.8447,,,,-54.185,,,,-53.888,,,,-55.097,,,,-56.1638,,,,-58.4378,,,,-56.966,,,,-56.8232,,,,-55.163,,,,-53.822,,,,-54.317,,,,-55.2405,,,,-55.702
,,,,-57.086,,,,-55.7352,,,,-55.823,,,,-54.8777,,,,-54.207,,,,-53.888,,,,-55.097,,,,-56.1638,,,,-58.4378,,,,-57.01,,,,-56.8562,,,,-55.196,,,,-53.855,,,,-54.328,,,,-55.2405,,,,-55.702
,,,,-57.103,,,,-55.7352,,,,-55.834,,,,-54.8777,,,,-54.207,,,,-53.888,,,,-55.108,,,,-56.1968,,,,-58.4708,,,,-57.032,,,,-56.8891,,,,-55.207,,,,-53.855,,,,-54.328,,,,-55.2405,,,,-55.719
,,,,-57.086,,,,-55.7022,,,,-55.856,,,,-54.9766,,,,-54.24,,,,-53.888,,,,-55.119,,,,-56.1968,,,,-58.4708,,,,-57.021,,,,-56.8891,,,,-55.24,,,,-53.855,,,,-54.339,,,,-55.2734,,,,-55.735
,,,,-57.07,,,,-55.7022,,,,-55.834,,,,-54.9107,,,,-54.229,,,,-53.9209,,,,-55.13,,,,-56.1968,,,,-58.4378,,,,-57.01,,,,-56.8891,,,,-55.218,,,,-53.855,,,,-54.35,,,,-55.2734,,,,-55.735
,,,,-57.103,,,,-55.7022,,,,-55.834,,,,-54.8777,,,,-54.229,,,,-53.9209,,,,-55.141,,,,-56.1968,,,,-58.5037,,,,-57.043,,,,-56.9219,,,,-55.229,,,,-53.888,,,,-54.372,,,,-55.3065,,,,-55.752
,,,,-57.086,,,,-55.6692,,,,-55.845,,,,-54.9436,,,,-54.262,,,,-53.9538,,,,-55.163,,,,-56.2298,,,,-58.5037,,,,-57.032,,,,-56.9219,,,,-55.251,,,,-53.888,,,,-54.383,,,,-55.3065,,,,-55.768
,,,,-57.086,,,,-55.6692,,,,-55.834,,,,-54.9107,,,,-54.262,,,,-53.9538,,,,-55.163,,,,-56.2298,,,,-58.5037,,,,-57.032,,,,-56.9219,,,,-55.251,,,,-53.9209,,,,-54.394,,,,-55.3065,,,,-55.768
,,,,-57.136,,,,-55.7681,,,,-55.889,,,,-54.9766,,,,-54.295,,,,-53.9869,,,,-55.207,,,,-56.2957,,,,-58.5037,,,,-57.065,,,,-56.9219,,,,-55.273,,,,-53.9209,,,,-54.416,,,,-55.3394,,,,-55.818
,,,,-57.103,,,,-55.7022,,,,-55.867,,,,-54.9766,,,,-54.306,,,,-53.9869,,,,-55.185,,,,-56.2298,,,,-58.5037,,,,-57.043,,,,-56.9219,,,,-55.284,,,,-53.9538,,,,-54.427,,,,-55.3394,,,,-55.785
,,,,-57.119,,,,-55.7352,,,,-55.889,,,,-54.9766,,,,-54.306,,,,-53.9869,,,,-55.196,,,,-56.2626,,,,-58.5037,,,,-57.065,,,,-56.955,,,,-55.295,,,,-53.9538,,,,-54.427,,,,-55.3394,,,,-55.801
,,,,-57.152,,,,-55.8011,,,,-55.933,,,,-55.0426,,,,-54.35,,,,-54.0199,,,,-55.229,,,,-56.2957,,,,-58.5037,,,,-57.087,,,,-56.955,,,,-55.328,,,,-53.9869,,,,-54.46,,,,-55.3724,,,,-55.834
,,,,-57.119,,,,-55.7352,,,,-55.911,,,,-55.0426,,,,-54.361,,,,-54.0529,,,,-55.229,,,,-56.2957,,,,-58.5037,,,,-57.065,,,,-56.955,,,,-55.328,,,,-53.9869,,,,-54.46,,,,-55.3394,,,,-55.818
,,,,-57.202,,,,-55.8341,,,,-55.944,,,,-55.0096,,,,-54.361,,,,-54.0529,,,,-55.251,,,,-56.3287,,,,-58.5696,,,,-57.131,,,,-56.9879,,,,-55.339,,,,-54.0199,,,,-54.482,,,,-55.3724,,,,-55.851
,,,,-57.218,,,,-55.9001,,,,-55.999,,,,-55.1085,,,,-54.405,,,,-54.0859,,,,-55.273,,,,-56.3287,,,,-58.5367,,,,-57.142,,,,-56.9879,,,,-55.372,,,,-54.0199,,,,-54.504,,,,-55.4054,,,,-55.867
,,,,-57.235,,,,-55.9001,,,,-55.966,,,,-55.0096,,,,-54.394,,,,-54.1189,,,,-55.295,,,,-56.3616,,,,-58.5696,,,,-57.153,,,,-56.9879,,,,-55.35,,,,-54.0529,,,,-54.526,,,,-55.4054,,,,-55.884
,,,,-57.235,,,,-55.9001,,,,-55.977,,,,-55.0096,,,,-54.405,,,,-54.1189,,,,-55.295,,,,-56.3616,,,,-58.5696,,,,-57.164,,,,-57.0209,,,,-55.372,,,,-54.0859,,,,-54.537,,,,-55.4054,,,,-55.884
,,,,-57.235,,,,-55.9001,,,,-56.021,,,,-55.1416,,,,-54.438,,,,-54.1189,,,,-55.317,,,,-56.3946,,,,-58.5696,,,,-57.164,,,,-57.0209,,,,-55.405,,,,-54.0529,,,,-54.537,,,,-55.4383,,,,-55.916
,,,,-57.301,,,,-55.9989,,,,-56.01,,,,-55.0096,,,,-54.416,,,,-54.1519,,,,-55.328,,,,-56.3946,,,,-58.6026,,,,-57.207,,,,-57.0209,,,,-55.372,,,,-54.0859,,,,-54.559,,,,-55.4383,,,,-55.916
,,,,-57.251,,,,-55.9001,,,,-56.021,,,,-55.1085,,,,-54.471,,,,-54.1849,,,,-55.35,,,,-56.3946,,,,-58.6026,,,,-57.186,,,,-57.0539,,,,-55.427,,,,-54.1189,,,,-54.592,,,,-55.4714,,,,-55.933
,,,,-57.268,,,,-55.9329,,,,-56.01,,,,-55.0426,,,,-54.449,,,,-54.1849,,,,-55.35,,,,-56.4275,,,,-58.6026,,,,-57.196,,,,-57.0539,,,,-55.405,,,,-54.1189,,,,-54.581,,,,-55.4383,,,,-55.933
,,,,-57.334,,,,-56.0319,,,,-56.098,,,,-55.2076,,,,-54.504,,,,-54.1849,,,,-55.35,,,,-56.4275,,,,-58.6355,,,,-57.24,,,,-57.0539,,,,-55.46,,,,-54.1189,,,,-54.581,,,,-55.4383,,,,-55.933
,,,,-57.334,,,,-56.0649,,,,-56.109,,,,-55.2076,,,,-54.504,,,,-54.1849,,,,-55.372,,,,-56.4606,,,,-58.6026,,,,-57.24,,,,-57.0539,,,,-55.46,,,,-54.1189,,,,-54.592,,,,-55.4714,,,,-55.966
,,,,-57.284,,,,-55.966,,,,-56.065,,,,-55.1746,,,,-54.526,,,,-54.2179,,,,-55.383,,,,-56.4606,,,,-58.6026,,,,-57.208,,,,-57.0539,,,,-55.471,,,,-54.1849,,,,-54.625,,,,-55.4714,,,,-55.966
,,,,-57.334,,,,-56.0319,,,,-56.109,,,,-55.2076,,,,-54.57,,,,-54.2838,,,,-55.427,,,,-56.4935,,,,-58.6355,,,,-57.251,,,,-57.0868,,,,-55.504,,,,-54.2179,,,,-54.669,,,,-55.5044,,,,-55.999
,,,,-57.4,,,,-56.1309,,,,-56.131,,,,-55.1746,,,,-54.548,,,,-54.2509,,,,-55.427,,,,-56.4935,,,,-58.6684,,,,-57.295,,,,-57.0868,,,,-55.493,,,,-54.2179,,,,-54.669,,,,-55.5374,,,,-56.015
,,,,-57.35,,,,-56.0319,,,,-56.109,,,,-55.2076,,,,-54.57,,,,-54.2838,,,,-55.449,,,,-56.5265,,,,-58.6684,,,,-57.262,,,,-57.0868,,,,-55.504,,,,-54.2179,,,,-54.68,,,,-55.5374,,,,-56.032
,,,,-57.367,,,,-56.0649,,,,-56.153,,,,-55.2405,,,,-54.603,,,,-54.3168,,,,-55.46,,,,-56.4935,,,,-58.6684,,,,-57.295,,,,-57.1528,,,,-55.548,,,,-54.2509,,,,-54.713,,,,-55.5703,,,,-56.032
,,,,-57.367,,,,-56.0649,,,,-56.131,,,,-55.1746,,,,-54.592,,,,-54.3168,,,,-55.471,,,,-56.5265,,,,-58.6684,,,,-57.295,,,,-57.1528,,,,-55.537,,,,-54.2838,,,,-54.724,,,,-55.5703,,,,-56.048
,,,,-57.383,,,,-56.0978,,,,-56.175,,,,-55.2734,,,,-54.636,,,,-54.3499,,,,-55.482,,,,-56.5265,,,,-58.6684,,,,-57.306,,,,-57.1528,,,,-55.57,,,,-54.2838,,,,-54.735,,,,-55.5703,,,,-56.048
,,,,-57.4,,,,-56.0978,,,,-56.186,,,,-55.3065,,,,-54.647,,,,-54.3499,,,,-55.493,,,,-56.5595,,,,-58.7014,,,,-57.317,,,,-57.1528,,,,-55.581,,,,-54.2838,,,,-54.735,,,,-55.5703,,,,-56.065
,,,,-57.4,,,,-56.0978,,,,-56.186,,,,-55.3065,,,,-54.658,,,,-54.3828,,,,-55.526,,,,-56.5923,,,,-58.7014,,,,-57.317,,,,-57.1528,,,,-55.581,,,,-54.2838,,,,-54.757,,,,-55.6032,,,,-56.098
,,,,-57.416,,,,-56.1309,,,,-56.186,,,,-55.2734,,,,-54.647,,,,-54.3499,,,,-55.515,,,,-56.5923,,,,-58.7014,,,,-57.328,,,,-57.1528,,,,-55.581,,,,-54.3168,,,,-54.757,,,,-55.6032,,,,-56.098
,,,,-57.383,,,,-56.0649,,,,-56.197,,,,-55.3394,,,,-54.68,,,,-54.3828,,,,-55.526,,,,-56.5923,,,,-58.7014,,,,-57.317,,,,-57.1858,,,,-55.614,,,,-54.3168,,,,-54.768,,,,-55.6032,,,,-56.098
,,,,-57.449,,,,-56.1638,,,,-56.252,,,,-55.3724,,,,-54.713,,,,-54.4158,,,,-55.559,,,,-56.6254,,,,-58.7342,,,,-57.372,,,,-57.2187,,,,-55.647,,,,-54.3499,,,,-54.801,,,,-55.6362,,,,-56.131
,,,,-57.482,,,,-56.2298,,,,-56.274,,,,-55.3724,,,,-54.735,,,,-54.4488,,,,-55.57,,,,-56.6254,,,,-58.7342,,,,-57.394,,,,-57.2187,,,,-55.658,,,,-54.3828,,,,-54.823,,,,-55.6362,,,,-56.131
,,,,-57.482,,,,-56.2298,,,,-56.274,,,,-55.3724,,,,-54.746,,,,-54.4818,,,,-55.592,,,,-56.6254,,,,-58.7342,,,,-57.394,,,,-57.2187,,,,-55.658,,,,-54.3828,,,,-54.845,,,,-55.6692,,,,-56.147
,,,,-57.466,,,,-56.1968,,,,-56.274,,,,-55.4054,,,,-54.746,,,,-54.4488,,,,-55.581,,,,-56.6583,,,,-58.7342,,,,-57.383,,,,-57.2187,,,,-55.669,,,,-54.3828,,,,-54.823,,,,-55.6362,,,,-56.147
,,,,-57.449,,,,-56.1638,,,,-56.263,,,,-55.3724,,,,-54.757,,,,-54.4818,,,,-55.614,,,,-56.6913,,,,-58.7342,,,,-57.383,,,,-57.2515,,,,-55.68,,,,-54.4158,,,,-54.856,,,,-55.6692,,,,-56.18
,,,,-57.482,,,,-56.1968,,,,-56.307,,,,-55.5044,,,,-54.823,,,,-54.5148,,,,-55.625,,,,-56.6583,,,,-58.7672,,,,-57.394,,,,-57.2187,,,,-55.724,,,,-54.4488,,,,-54.889,,,,-55.7022,,,,-56.18
,,,,-57.498,,,,-56.2298,,,,-56.296,,,,-55.4054,,,,-54.79,,,,-54.5148,,,,-55.636,,,,-56.6913,,,,-58.7672,,,,-57.416,,,,-57.2515,,,,-55.702,,,,-54.4488,,,,-54.889,,,,-55.7022,,,,-56.197
,,,,-57.482,,,,-56.2298,,,,-56.318,,,,-55.4714,,,,-54.823,,,,-54.5148,,,,-55.625,,,,-56.6913,,,,-58.7342,,,,-57.405,,,,-57.2515,,,,-55.735,,,,-54.4818,,,,-54.889,,,,-55.6692,,,,-56.18
,,,,-57.531,,,,-56.2957,,,,-56.362,,,,-55.5044,,,,-54.867,,,,-54.5808,,,,-55.68,,,,-56.7243,,,,-58.7672,,,,-57.449,,,,-57.2846,,,,-55.768,,,,-54.5148,,,,-54.944,,,,-55.7352,,,,-56.23
,,,,-57.531,,,,-56.2957,,,,-56.34,,,,-55.4383,,,,-54.845,,,,-54.5808,,,,-55.691,,,,-56.7572,,,,-58.7672,,,,-57.449,,,,-57.2846,,,,-55.746,,,,-54.5148,,,,-54.944,,,,-55.7352,,,,-56.246
,,,,-57.548,,,,-56.2957,,,,-56.373,,,,-55.5044,,,,-54.889,,,,-54.6137,,,,-55.713,,,,-56.7902,,,,-58.8002,,,,-57.471,,,,-57.3175,,,,-55.79,,,,-54.5478,,,,-54.966,,,,-55.7352,,,,-56.263
,,,,-57.597,,,,-56.3946,,,,-56.416,,,,-55.5374,,,,-54.889,,,,-54.5808,,,,-55.702,,,,-56.7902,,,,-58.8002,,,,-57.504,,,,-57.3175,,,,-55.801,,,,-54.5478,,,,-54.955,,,,-55.7352,,,,-56.263
,,,,-57.581,,,,-56.3616,,,,-56.394,,,,-55.5044,,,,-54.911,,,,-54.6468,,,,-55.735,,,,-56.7902,,,,-58.8002,,,,-57.493,,,,-57.3175,,,,-55.801,,,,-54.5808,,,,-54.999,,,,-55.7681,,,,-56.279
,,,,-57.548,,,,-56.2957,,,,-56.373,,,,-55.5044,,,,-54.911,,,,-54.6468,,,,-55.735,,,,-56.8232,,,,-58.8002,,,,-57.471,,,,-57.3175,,,,-55.801,,,,-54.5808,,,,-54.988,,,,-55.7352,,,,-56.279
,,,,-57.597,,,,-56.3616,,,,-56.406,,,,-55.5044,,,,-54.911,,,,-54.6468,,,,-55.757,,,,-56.8232,,,,-58.8331,,,,-57.515,,,,-57.3505,,,,-55.812,,,,-54.5808,,,,-55.01,,,,-55.8011,,,,-56.312
,,,,-57.597,,,,-56.3616,,,,-56.427,,,,-55.5703,,,,-54.944,,,,-54.6468,,,,-55.757,,,,-56.8232,,,,-58.8331,,,,-57.515,,,,-57.3505,,,,-55.845,,,,-54.6137,,,,-55.021,,,,-55.8011,,,,-56.312
,,,,-57.63,,,,-56.3946,,,,-56.46,,,,-55.6032,,,,-54.966,,,,-54.6798,,,,-55.779,,,,-56.8562,,,,-58.8661,,,,-57.548,,,,-57.3835,,,,-55.867,,,,-54.6137,,,,-55.032,,,,-55.8011,,,,-56.329
,,,,-57.663,,,,-56.4275,,,,-56.493,,,,-55.6362,,,,-54.988,,,,-54.6798,,,,-55.779,,,,-56.8232,,,,-58.899,,,,-57.581,,,,-57.4164,,,,-55.9,,,,-54.6468,,,,-55.054,,,,-55.8341,,,,-56.329
,,,,-57.647,,,,-56.3616,,,,-56.482,,,,-55.6032,,,,-54.988,,,,-54.7128,,,,-55.823,,,,-56.8562,,,,-58.932,,,,-57.592,,,,-57.4823,,,,-55.911,,,,-54.6468,,,,-55.087,,,,-55.9001,,,,-56.378
,,,,-57.746,,,,-56.4935,,,,-56.559,,,,-55.6362,,,,-55.021,,,,-54.7457,,,,-55.845,,,,-56.8562,,,,-58.9978,,,,-57.68,,,,-57.5483,,,,-55.955,,,,-54.6798,,,,-55.119,,,,-55.9329,,,,-56.395
,,,,-57.746,,,,-56.4275,,,,-56.559,,,,-55.6362,,,,-55.021,,,,-54.7128,,,,-55.867,,,,-56.8891,,,,-59.0636,,,,-57.702,,,,-57.6141,,,,-55.988,,,,-54.7128,,,,-55.142,,,,-55.9989,,,,-56.444
,,,,-57.894,,,,-56.5923,,,,-56.658,,,,-55.7022,,,,-55.065,,,,-54.7787,,,,-55.933,,,,-56.955,,,,-59.1954,,,,-57.823,,,,-57.68,,,,-56.032,,,,-54.7128,,,,-55.185,,,,-56.0649,,,,-56.51
,,,,-57.894,,,,-56.5265,,,,-56.658,,,,-55.7022,,,,-55.087,,,,-54.7787,,,,-55.944,,,,-56.955,,,,-59.2613,,,,-57.845,,,,-57.7459,,,,-56.076,,,,-54.7787,,,,-55.218,,,,-56.0978,,,,-56.526
,,,,-57.927,,,,-56.5595,,,,-56.68,,,,-55.7022,,,,-55.109,,,,-54.8117,,,,-55.988,,,,-56.9879,,,,-59.2942,,,,-57.878,,,,-57.7789,,,,-56.098,,,,-54.8117,,,,-55.262,,,,-56.1638,,,,-56.576
,,,,-57.927,,,,-56.5265,,,,-56.691,,,,-55.7352,,,,-55.131,,,,-54.8447,,,,-56.021,,,,-57.0209,,,,-59.3271,,,,-57.888,,,,-57.8119,,,,-56.12,,,,-54.8117,,,,-55.284,,,,-56.1968,,,,-56.609
,,,,-57.976,,,,-56.5595,,,,-56.757,,,,-55.8671,,,,-55.196,,,,-54.8777,,,,-56.032,,,,-57.0209,,,,-59.3929,,,,-57.932,,,,-57.8448,,,,-56.186,,,,-54.8447,,,,-55.306,,,,-56.1968,,,,-56.609
,,,,-58.026,,,,-56.5923,,,,-56.757,,,,-55.8011,,,,-55.196,,,,-54.9107,,,,-56.076,,,,-57.0868,,,,-59.4589,,,,-57.976,,,,-57.8778,,,,-56.186,,,,-54.8777,,,,-55.339,,,,-56.2298,,,,-56.658
,,,,-58.108,,,,-56.7243,,,,-56.867,,,,-55.966,,,,-55.273,,,,-54.9436,,,,-56.12,,,,-57.1198,,,,-59.4918,,,,-58.042,,,,-57.9106,,,,-56.262,,,,-54.9107,,,,-55.383,,,,-56.2957,,,,-56.708
,,,,-58.124,,,,-56.6913,,,,-56.878,,,,-55.966,,,,-55.295,,,,-54.9766,,,,-56.142,,,,-57.1198,,,,-59.5576,,,,-58.075,,,,-57.9766,,,,-56.295,,,,-54.9436,,,,-55.416,,,,-56.3287,,,,-56.724
,,,,-58.174,,,,-56.7243,,,,-56.922,,,,-55.966,,,,-55.306,,,,-54.9766,,,,-56.164,,,,-57.1528,,,,-59.6236,,,,-58.141,,,,-58.0754,,,,-56.339,,,,-54.9766,,,,-55.438,,,,-56.3616,,,,-56.757
,,,,-58.24,,,,-56.7572,,,,-56.966,,,,-55.9989,,,,-55.35,,,,-55.0426,,,,-56.219,,,,-57.1858,,,,-59.7222,,,,-58.207,,,,-58.1414,,,,-56.383,,,,-55.0096,,,,-55.493,,,,-56.4275,,,,-56.807
,,,,-58.437,,,,-56.8891,,,,-57.12,,,,-56.1309,,,,-55.493,,,,-55.1746,,,,-56.372,,,,-57.3505,,,,-59.9857,,,,-58.405,,,,-58.339,,,,-56.548,,,,-55.1746,,,,-55.647,,,,-56.5923,,,,-56.971
,,,,-58.52,,,,-56.9879,,,,-57.186,,,,-56.1638,,,,-55.515,,,,-55.1746,,,,-56.394,,,,-57.3505,,,,-60.0515,,,,-58.481,,,,-58.4048,,,,-56.592,,,,-55.2076,,,,-55.68,,,,-56.6583,,,,-57.004
,,,,-58.503,,,,-56.8891,,,,-57.208,,,,-56.2957,,,,-55.581,,,,-55.2405,,,,-56.438,,,,-57.3835,,,,-60.1174,,,,-58.481,,,,-58.4378,,,,-56.647,,,,-55.2076,,,,-55.713,,,,-56.6913,,,,-57.037
,,,,-58.553,,,,-56.9219,,,,-57.229,,,,-56.2957,,,,-55.592,,,,-55.2405,,,,-56.471,,,,-57.4494,,,,-60.1833,,,,-58.525,,,,-58.4708,,,,-56.669,,,,-55.2405,,,,-55.735,,,,-56.7243,,,,-57.087
,,,,-58.586,,,,-56.955,,,,-57.273,,,,-56.3287,,,,-55.625,,,,-55.2734,,,,-56.504,,,,-57.4823,,,,-60.2161,,,,-58.569,,,,-58.5367,,,,-56.713,,,,-55.2734,,,,-55.768,,,,-56.7572,,,,-57.12
,,,,-58.635,,,,-56.9879,,,,-57.317,,,,-56.3946,,,,-55.669,,,,-55.3065,,,,-56.537,,,,-57.5153,,,,-60.282,,,,-58.613,,,,-58.5696,,,,-56.757,,,,-55.3065,,,,-55.801,,,,-56.7902,,,,-57.153
,,,,-58.684,,,,-57.0209,,,,-57.35,,,,-56.4275,,,,-55.713,,,,-55.3394,,,,-56.57,,,,-57.5483,,,,-60.3478,,,,-58.657,,,,-58.6026,,,,-56.801,,,,-55.3724,,,,-55.845,,,,-56.8232,,,,-57.186
,,,,-58.833,,,,-57.2187,,,,-57.46,,,,-56.4275,,,,-55.779,,,,-55.4714,,,,-56.691,,,,-57.6471,,,,-60.4466,,,,-58.8,,,,-58.7342,,,,-56.867,,,,-55.4383,,,,-55.955,,,,-56.955,,,,-57.301
,,,,-58.915,,,,-57.2846,,,,-57.537,,,,-56.5265,,,,-55.845,,,,-55.5044,,,,-56.735,,,,-57.68,,,,-60.5453,,,,-58.877,,,,-58.8002,,,,-56.944,,,,-55.5044,,,,-56.01,,,,-57.0209,,,,-57.35
,,,,-58.898,,,,-57.1858,,,,-57.57,,,,-56.6583,,,,-55.922,,,,-55.5374,,,,-56.79,,,,-57.7789,,,,-60.6112,,,,-58.888,,,,-58.8661,,,,-57.032,,,,-55.5703,,,,-56.054,,,,-57.0539,,,,-57.416
,,,,-58.964,,,,-57.2846,,,,-57.592,,,,-56.5923,,,,-55.933,,,,-55.6032,,,,-56.845,,,,-57.8119,,,,-60.6441,,,,-58.943,,,,-58.899,,,,-57.032,,,,-55.6032,,,,-56.109,,,,-57.1198,,,,-57.466
,,,,-59.014,,,,-57.3175,,,,-57.658,,,,-56.7243,,,,-55.999,,,,-55.6362,,,,-56.878,,,,-57.8448,,,,-60.7099,,,,-58.986,,,,-58.932,,,,-57.098,,,,-55.6362,,,,-56.142,,,,-57.1528,,,,-57.499
,,,,-59.014,,,,-57.2846,,,,-57.68,,,,-56.7572,,,,-56.054,,,,-55.7022,,,,-56.944,,,,-57.9106,,,,-60.7428,,,,-59.008,,,,-58.9978,,,,-57.152,,,,-55.7022,,,,-56.208,,,,-57.2187,,,,-57.565
,,,,-59.096,,,,-57.3835,,,,-57.724,,,,-56.7243,,,,-56.065,,,,-55.7352,,,,-56.988,,,,-57.9437,,,,-60.8087,,,,-59.085,,,,-59.0636,,,,-57.174,,,,-55.7352,,,,-56.252,,,,-57.2846,,,,-57.614
,,,,-59.08,,,,-57.3505,,,,-57.757,,,,-56.8562,,,,-56.12,,,,-55.7352,,,,-56.999,,,,-57.9766,,,,-60.8087,,,,-59.074,,,,-59.0636,,,,-57.229,,,,-55.7681,,,,-56.263,,,,-57.2846,,,,-57.631
,,,,-59.129,,,,-57.4164,,,,-57.768,,,,-56.7902,,,,-56.131,,,,-55.8011,,,,-57.043,,,,-58.0095,,,,-60.8416,,,,-59.118,,,,-59.0966,,,,-57.229,,,,-55.8011,,,,-56.307,,,,-57.3175,,,,-57.664
,,,,-59.112,,,,-57.3505,,,,-57.768,,,,-56.8232,,,,-56.153,,,,-55.8341,,,,-57.087,,,,-58.0754,,,,-60.8745,,,,-59.118,,,,-59.1296,,,,-57.251,,,,-55.8011,,,,-56.329,,,,-57.3505,,,,-57.713
,,,,-59.195,,,,-57.4823,,,,-57.823,,,,-56.8562,,,,-56.164,,,,-55.8011,,,,-57.076,,,,-58.0754,,,,-60.9075,,,,-59.173,,,,-59.1296,,,,-57.273,,,,-55.8341,,,,-56.329,,,,-57.3505,,,,-57.713
,,,,-59.211,,,,-57.5153,,,,-57.867,,,,-56.9219,,,,-56.197,,,,-55.8341,,,,-57.109,,,,-58.1084,,,,-60.9075,,,,-59.195,,,,-59.1625,,,,-57.306,,,,-55.8341,,,,-56.351,,,,-57.3835,,,,-57.746
,,,,-59.244,,,,-57.5811,,,,-57.889,,,,-56.8891,,,,-56.208,,,,-55.8671,,,,-57.142,,,,-58.1414,,,,-60.9075,,,,-59.228,,,,-59.1954,,,,-57.317,,,,-55.8671,,,,-56.384,,,,-57.4164,,,,-57.779
,,,,-59.261,,,,-57.5483,,,,-57.911,,,,-56.955,,,,-56.252,,,,-55.9001,,,,-57.164,,,,-58.1414,,,,-60.9732,,,,-59.25,,,,-59.2283,,,,-57.361,,,,-55.9001,,,,-56.417,,,,-57.4494,,,,-57.795
,,,,-59.31,,,,-57.6471,,,,-57.965,,,,-57.0209,,,,-56.296,,,,-55.9329,,,,-57.208,,,,-58.2073,,,,-60.9732,,,,-59.283,,,,-59.2283,,,,-57.394,,,,-55.9329,,,,-56.449,,,,-57.4823,,,,-57.845
,,,,-59.36,,,,-57.68,,,,-57.976,,,,-56.9879,,,,-56.285,,,,-55.9329,,,,-57.218,,,,-58.2073,,,,-61.039,,,,-59.327,,,,-59.2613,,,,-57.394,,,,-55.9329,,,,-56.46,,,,-57.5153,,,,-57.861
,,,,-59.36,,,,-57.68,,,,-58.009,,,,-57.0539,,,,-56.34,,,,-55.966,,,,-57.241,,,,-58.2073,,,,-61.039,,,,-59.338,,,,-59.2942,,,,-57.449,,,,-55.9989,,,,-56.504,,,,-57.5483,,,,-57.878
,,,,-59.343,,,,-57.6141,,,,-57.987,,,,-57.0539,,,,-56.34,,,,-55.9989,,,,-57.262,,,,-58.2731,,,,-61.072,,,,-59.327,,,,-59.2942,,,,-57.438,,,,-55.966,,,,-56.493,,,,-57.5153,,,,-57.894
,,,,-59.409,,,,-57.7459,,,,-58.042,,,,-57.0539,,,,-56.362,,,,-56.0319,,,,-57.284,,,,-58.2731,,,,-61.072,,,,-59.382,,,,-59.3271,,,,-57.46,,,,-55.9989,,,,-56.526,,,,-57.5483,,,,-57.911
,,,,-59.392,,,,-57.68,,,,-58.042,,,,-57.0868,,,,-56.384,,,,-56.0319,,,,-57.317,,,,-58.339,,,,-61.1049,,,,-59.382,,,,-59.3601,,,,-57.493,,,,-56.0319,,,,-56.548,,,,-57.5811,,,,-57.96
,,,,-59.425,,,,-57.7459,,,,-58.064,,,,-57.0539,,,,-56.384,,,,-56.0319,,,,-57.328,,,,-58.339,,,,-61.1049,,,,-59.415,,,,-59.3929,,,,-57.504,,,,-56.0649,,,,-56.57,,,,-57.6141,,,,-57.977
,,,,-59.458,,,,-57.7459,,,,-58.097,,,,-57.1528,,,,-56.439,,,,-56.0649,,,,-57.361,,,,-58.3719,,,,-61.1707,,,,-59.436,,,,-59.3929,,,,-57.548,,,,-56.0978,,,,-56.603,,,,-57.6471,,,,-58.01
,,,,-59.491,,,,-57.8119,,,,-58.141,,,,-57.1858,,,,-56.472,,,,-56.1309,,,,-57.405,,,,-58.4048,,,,-61.1707,,,,-59.47,,,,-59.4259,,,,-57.57,,,,-56.0978,,,,-56.636,,,,-57.68,,,,-58.042
,,,,-59.524,,,,-57.8448,,,,-58.141,,,,-57.1528,,,,-56.46,,,,-56.0978,,,,-57.394,,,,-58.4048,,,,-61.2036,,,,-59.491,,,,-59.4259,,,,-57.57,,,,-56.1309,,,,-56.636,,,,-57.68,,,,-58.042
,,,,-59.508,,,,-57.8119,,,,-58.152,,,,-57.1858,,,,-56.494,,,,-56.1638,,,,-57.438,,,,-58.4378,,,,-61.2036,,,,-59.491,,,,-59.4589,,,,-57.592,,,,-56.1309,,,,-56.669,,,,-57.713,,,,-58.075
,,,,-59.574,,,,-57.9106,,,,-58.218,,,,-57.2187,,,,-56.515,,,,-56.1638,,,,-57.449,,,,-58.4708,,,,-61.2365,,,,-59.557,,,,-59.5248,,,,-57.636,,,,-56.1638,,,,-56.68,,,,-57.713,,,,-58.092
,,,,-59.574,,,,-57.9106,,,,-58.24,,,,-57.2846,,,,-56.548,,,,-56.1638,,,,-57.46,,,,-58.4708,,,,-61.2365,,,,-59.557,,,,-59.5248,,,,-57.669,,,,-56.1968,,,,-56.702,,,,-57.7459,,,,-58.108
,,,,-59.59,,,,-57.8778,,,,-58.218,,,,-57.2515,,,,-56.57,,,,-56.2298,,,,-57.504,,,,-58.5037,,,,-61.3024,,,,-59.568,,,,-59.5248,,,,-57.669,,,,-56.2298,,,,-56.746,,,,-57.7789,,,,-58.141
,,,,-59.574,,,,-57.8448,,,,-58.229,,,,-57.2846,,,,-56.581,,,,-56.2298,,,,-57.515,,,,-58.5367,,,,-61.3024,,,,-59.568,,,,-59.5576,,,,-57.691,,,,-56.2298,,,,-56.746,,,,-57.7789,,,,-58.158
,,,,-59.623,,,,-57.9437,,,,-58.284,,,,-57.3175,,,,-56.614,,,,-56.2626,,,,-57.548,,,,-58.5696,,,,-61.3024,,,,-59.612,,,,-59.5906,,,,-57.724,,,,-56.2626,,,,-56.779,,,,-57.8119,,,,-58.191
,,,,-59.672,,,,-58.0095,,,,-58.306,,,,-57.2846,,,,-56.603,,,,-56.2626,,,,-57.559,,,,-58.5696,,,,-61.3352,,,,-59.656,,,,-59.6236,,,,-57.724,,,,-56.2626,,,,-56.79,,,,-57.8448,,,,-58.207
,,,,-59.722,,,,-58.0425,,,,-58.339,,,,-57.3505,,,,-56.647,,,,-56.2957,,,,-57.592,,,,-58.6026,,,,-61.4011,,,,-59.689,,,,-59.6236,,,,-57.757,,,,-56.2957,,,,-56.823,,,,-57.8778,,,,-58.24
,,,,-59.656,,,,-57.9437,,,,-58.317,,,,-57.3505,,,,-56.669,,,,-56.3287,,,,-57.603,,,,-58.6026,,,,-61.3681,,,,-59.656,,,,-59.6564,,,,-57.779,,,,-56.3287,,,,-56.845,,,,-57.8778,,,,-58.24
,,,,-59.705,,,,-58.0095,,,,-58.372,,,,-57.4164,,,,-56.702,,,,-56.3287,,,,-57.636,,,,-58.6684,,,,-61.4011,,,,-59.7,,,,-59.6894,,,,-57.822,,,,-56.3616,,,,-56.867,,,,-57.9106,,,,-58.29
,,,,-59.705,,,,-57.9766,,,,-58.383,,,,-57.4823,,,,-56.735,,,,-56.3616,,,,-57.658,,,,-58.6684,,,,-61.434,,,,-59.7,,,,-59.6894,,,,-57.844,,,,-56.3616,,,,-56.889,,,,-57.9437,,,,-58.306
,,,,-59.738,,,,-58.0095,,,,-58.405,,,,-57.4823,,,,-56.757,,,,-56.3946,,,,-57.669,,,,-58.6684,,,,-61.4669,,,,-59.733,,,,-59.7222,,,,-57.866,,,,-56.3946,,,,-56.911,,,,-57.9437,,,,-58.306
,,,,-59.771,,,,-58.0754,,,,-58.449,,,,-57.5483,,,,-56.79,,,,-56.4275,,,,-57.702,,,,-58.7014,,,,-61.4669,,,,-59.755,,,,-59.7222,,,,-57.888,,,,-56.3946,,,,-56.933,,,,-57.9766,,,,-58.339
,,,,-59.804,,,,-58.1084,,,,-58.438,,,,-57.4494,,,,-56.768,,,,-56.4275,,,,-57.713,,,,-58.7342,,,,-61.4998,,,,-59.788,,,,-59.7552,,,,-57.877,,,,-56.4275,,,,-56.944,,,,-57.9766,,,,-58.355
,,,,-59.788,,,,-58.0754,,,,-58.46,,,,-57.5153,,,,-56.801,,,,-56.4606,,,,-57.746,,,,-58.7672,,,,-61.4998,,,,-59.788,,,,-59.7882,,,,-57.91,,,,-56.4275,,,,-56.966,,,,-58.0095,,,,-58.388
,,,,-59.886,,,,-58.2401,,,,-58.515,,,,-57.5153,,,,-56.834,,,,-56.4935,,,,-57.779,,,,-58.7672,,,,-61.5326,,,,-59.854,,,,-59.7882,,,,-57.932,,,,-56.4935,,,,-57.021,,,,-58.0754,,,,-58.421
,,,,-59.837,,,,-58.1084,,,,-58.515,,,,-57.6141,,,,-56.878,,,,-56.5265,,,,-57.801,,,,-58.8002,,,,-61.5656,,,,-59.832,,,,-59.8211,,,,-57.976,,,,-56.4935,,,,-57.032,,,,-58.0754,,,,-58.438
,,,,-59.886,,,,-58.1743,,,,-58.547,,,,-57.6141,,,,-56.889,,,,-56.5265,,,,-57.812,,,,-58.8002,,,,-61.5985,,,,-59.876,,,,-59.854,,,,-57.998,,,,-56.5265,,,,-57.054,,,,-58.1084,,,,-58.454
,,,,-59.903,,,,-58.2073,,,,-58.558,,,,-57.6141,,,,-56.9,,,,-56.5595,,,,-57.845,,,,-58.8661,,,,-61.5985,,,,-59.887,,,,-59.854,,,,-57.998,,,,-56.5265,,,,-57.065,,,,-58.1084,,,,-58.487
,,,,-59.952,,,,-58.2731,,,,-58.58,,,,-57.5811,,,,-56.9,,,,-56.5595,,,,-57.867,,,,-58.899,,,,-61.6314,,,,-59.93,,,,-59.8869,,,,-58.009,,,,-56.5595,,,,-57.087,,,,-58.1414,,,,-58.52
,,,,-59.985,,,,-58.339,,,,-58.624,,,,-57.6141,,,,-56.911,,,,-56.5595,,,,-57.878,,,,-58.899,,,,-61.6314,,,,-59.963,,,,-59.9199,,,,-58.031,,,,-56.5595,,,,-57.098,,,,-58.1743,,,,-58.537
,,,,-60.034,,,,-58.3719,,,,-58.602,,,,-57.5483,,,,-56.933,,,,-56.6254,,,,-57.911,,,,-58.932,,,,-61.6971,,,,-59.985,,,,-59.8869,,,,-58.02,,,,-56.6254,,,,-57.142,,,,-58.1743,,,,-58.553
,,,,-60.018,,,,-58.339,,,,-58.646,,,,-57.6471,,,,-56.977,,,,-56.6583,,,,-57.932,,,,-58.9648,,,,-61.6971,,,,-59.996,,,,-59.9528,,,,-58.075,,,,-56.6254,,,,-57.153,,,,-58.1743,,,,-58.57
,,,,-60.018,,,,-58.339,,,,-58.657,,,,-57.6471,,,,-56.988,,,,-56.6583,,,,-57.943,,,,-58.9648,,,,-61.6971,,,,-60.007,,,,-59.9857,,,,-58.097,,,,-56.6583,,,,-57.175,,,,-58.2073,,,,-58.586
,,,,-60.051,,,,-58.3719,,,,-58.679,,,,-57.6471,,,,-56.988,,,,-56.6583,,,,-57.954,,,,-58.9648,,,,-61.7301,,,,-60.04,,,,-60.0186,,,,-58.108,,,,-56.6583,,,,-57.186,,,,-58.2401,,,,-58.602
,,,,-60.051,,,,-58.339,,,,-58.679,,,,-57.68,,,,-57.021,,,,-56.6913,,,,-57.987,,,,-58.9978,,,,-61.763,,,,-60.04,,,,-60.0186,,,,-58.13,,,,-56.6913,,,,-57.219,,,,-58.2731,,,,-58.635
,,,,-60.15,,,,-58.4378,,,,-58.767,,,,-57.7789,,,,-57.109,,,,-56.7572,,,,-58.075,,,,-59.0966,,,,-61.8617,,,,-60.128,,,,-60.0845,,,,-58.218,,,,-56.7902,,,,-57.306,,,,-58.3719,,,,-58.734
,,,,-60.199,,,,-58.5037,,,,-58.822,,,,-57.8119,,,,-57.142,,,,-56.8232,,,,-58.108,,,,-59.1296,,,,-61.8947,,,,-60.183,,,,-60.1503,,,,-58.251,,,,-56.7902,,,,-57.328,,,,-58.3719,,,,-58.751
,,,,-60.232,,,,-58.5696,,,,-58.877,,,,-57.8778,,,,-57.197,,,,-56.8562,,,,-58.163,,,,-59.1954,,,,-61.8947,,,,-60.216,,,,-60.1833,,,,-58.306,,,,-56.8562,,,,-57.383,,,,-58.4378,,,,-58.817
,,,,-60.183,,,,-58.4708,,,,-58.844,,,,-57.8778,,,,-57.208,,,,-56.8891,,,,-58.174,,,,-59.1954,,,,-61.8947,,,,-60.183,,,,-60.1833,,,,-58.306,,,,-56.8562,,,,-57.394,,,,-58.4378,,,,-58.817
,,,,-60.232,,,,-58.5367,,,,-58.899,,,,-57.9766,,,,-57.252,,,,-56.8891,,,,-58.196,,,,-59.2283,,,,-61.9276,,,,-60.216,,,,-60.1833,,,,-58.35,,,,-56.8891,,,,-57.416,,,,-58.4708,,,,-58.85
,,,,-60.298,,,,-58.6355,,,,-58.932,,,,-57.9437,,,,-57.262,,,,-56.9219,,,,-58.207,,,,-59.2283,,,,-61.9604,,,,-60.271,,,,-60.2161,,,,-58.361,,,,-56.9219,,,,-57.438,,,,-58.4708,,,,-58.85
,,,,-60.298,,,,-58.6355,,,,-58.932,,,,-57.9106,,,,-57.251,,,,-56.9219,,,,-58.24,,,,-59.2613,,,,-61.9604,,,,-60.282,,,,-60.2491,,,,-58.361,,,,-56.9219,,,,-57.46,,,,-58.5367,,,,-58.899
,,,,-60.347,,,,-58.7014,,,,-58.976,,,,-57.9766,,,,-57.296,,,,-56.955,,,,-58.262,,,,-59.2942,,,,-61.9933,,,,-60.315,,,,-60.2491,,,,-58.394,,,,-56.955,,,,-57.482,,,,-58.5367,,,,-58.915
,,,,-60.331,,,,-58.6355,,,,-58.965,,,,-57.9766,,,,-57.306,,,,-56.9879,,,,-58.273,,,,-59.2613,,,,-62.0261,,,,-60.315,,,,-60.282,,,,-58.405,,,,-56.955,,,,-57.504,,,,-58.5696,,,,-58.915
,,,,-60.364,,,,-58.7014,,,,-59.009,,,,-58.0425,,,,-57.35,,,,-57.0209,,,,-58.306,,,,-59.3271,,,,-62.0261,,,,-60.336,,,,-60.282,,,,-58.437,,,,-56.9879,,,,-57.526,,,,-58.5696,,,,-58.948
,,,,-60.38,,,,-58.7342,,,,-59.031,,,,-58.0425,,,,-57.35,,,,-57.0209,,,,-58.317,,,,-59.3601,,,,-62.0261,,,,-60.358,,,,-60.3149,,,,-58.448,,,,-56.9879,,,,-57.526,,,,-58.5696,,,,-58.965
,,,,-60.397,,,,-58.7342,,,,-59.03,,,,-58.0095,,,,-57.361,,,,-57.0539,,,,-58.339,,,,-59.3271,,,,-62.0591,,,,-60.38,,,,-60.3478,,,,-58.459,,,,-57.0209,,,,-57.57,,,,-58.6355,,,,-58.981
,,,,-60.43,,,,-58.7672,,,,-59.074,,,,-58.1084,,,,-57.416,,,,-57.0868,,,,-58.372,,,,-59.3929,,,,-62.092,,,,-60.402,,,,-60.3478,,,,-58.503,,,,-57.0539,,,,-57.592,,,,-58.6355,,,,-59.014
,,,,-60.446,,,,-58.8002,,,,-59.074,,,,-58.0754,,,,-57.405,,,,-57.0868,,,,-58.383,,,,-59.3929,,,,-62.092,,,,-60.413,,,,-60.3478,,,,-58.492,,,,-57.0539,,,,-57.603,,,,-58.6684,,,,-59.031
,,,,-60.463,,,,-58.8002,,,,-59.096,,,,-58.1084,,,,-57.427,,,,-57.0868,,,,-58.394,,,,-59.3929,,,,-62.1249,,,,-60.435,,,,-60.3807,,,,-58.525,,,,-57.0868,,,,-57.625,,,,-58.7014,,,,-59.047
,,,,-60.446,,,,-58.7672,,,,-59.085,,,,-58.0754,,,,-57.438,,,,-57.1198,,,,-58.416,,,,-59.4259,,,,-62.1249,,,,-60.435,,,,-60.4137,,,,-58.536,,,,-57.1198,,,,-57.647,,,,-58.7014,,,,-59.064
,,,,-60.512,,,,-58.8661,,,,-59.14,,,,-58.1414,,,,-57.46,,,,-57.1198,,,,-58.416,,,,-59.4259,,,,-62.1578,,,,-60.479,,,,-60.4137,,,,-58.558,,,,-57.1198,,,,-57.647,,,,-58.7014,,,,-59.064
,,,,-60.528,,,,-58.8661,,,,-59.173,,,,-58.2073,,,,-57.515,,,,-57.1858,,,,-58.46,,,,-59.4589,,,,-62.1906,,,,-60.501,,,,-60.4466,,,,-58.602,,,,-57.1528,,,,-57.691,,,,-58.7342,,,,-59.097
,,,,-60.561,,,,-58.932,,,,-59.206,,,,-58.2073,,,,-57.515,,,,-57.1858,,,,-58.471,,,,-59.4918,,,,-62.1906,,,,-60.534,,,,-60.4795,,,,-58.613,,,,-57.1528,,,,-57.691,,,,-58.7342,,,,-59.113
,,,,-60.528,,,,-58.8661,,,,-59.184,,,,-58.2073,,,,-57.526,,,,-57.1858,,,,-58.493,,,,-59.4918,,,,-62.1906,,,,-60.512,,,,-60.4795,,,,-58.624,,,,-57.1858,,,,-57.724,,,,-58.8002,,,,-59.146
,,,,-60.578,,,,-58.932,,,,-59.239,,,,-58.306,,,,-57.57,,,,-57.2187,,,,-58.515,,,,-59.5248,,,,-62.2236,,,,-60.545,,,,-60.4795,,,,-58.657,,,,-57.1858,,,,-57.735,,,,-58.8002,,,,-59.162
,,,,-60.578,,,,-58.899,,,,-59.217,,,,-58.2731,,,,-57.581,,,,-57.2515,,,,-58.547,,,,-59.5576,,,,-62.2565,,,,-60.545,,,,-60.4795,,,,-58.657,,,,-57.2187,,,,-57.768,,,,-58.8331,,,,-59.195
,,,,-60.627,,,,-58.9978,,,,-59.261,,,,-58.2401,,,,-57.581,,,,-57.2515,,,,-58.547,,,,-59.5576,,,,-62.2565,,,,-60.6,,,,-60.5453,,,,-58.679,,,,-57.2515,,,,-57.779,,,,-58.8331,,,,-59.195
,,,,-60.594,,,,-58.899,,,,-59.272,,,,-58.339,,,,-57.625,,,,-57.2846,,,,-58.58,,,,-59.5906,,,,-62.2894,,,,-60.589,,,,-60.5783,,,,-58.723,,,,-57.2515,,,,-57.801,,,,-58.8661,,,,-59.228
,,,,-60.644,,,,-58.9978,,,,-59.283,,,,-58.2731,,,,-57.625,,,,-57.2846,,,,-58.591,,,,-59.5906,,,,-62.2894,,,,-60.622,,,,-60.5783,,,,-58.723,,,,-57.3175,,,,-57.834,,,,-58.899,,,,-59.245
,,,,-60.677,,,,-59.0636,,,,-59.316,,,,-58.306,,,,-57.647,,,,-57.3175,,,,-58.613,,,,-59.6236,,,,-62.2894,,,,-60.644,,,,-60.5783,,,,-58.734,,,,-57.3175,,,,-57.845,,,,-58.899,,,,-59.261
,,,,-60.644,,,,-58.9648,,,,-59.305,,,,-58.3719,,,,-57.68,,,,-57.3175,,,,-58.624,,,,-59.6564,,,,-62.3223,,,,-60.622,,,,-60.5783,,,,-58.767,,,,-57.3505,,,,-57.856,,,,-58.899,,,,-59.278
,,,,-60.676,,,,-58.9978,,,,-59.349,,,,-58.4048,,,,-57.702,,,,-57.3505,,,,-58.646,,,,-59.6564,,,,-62.3551,,,,-60.666,,,,-60.6441,,,,-58.8,,,,-57.3505,,,,-57.878,,,,-58.932,,,,-59.294
,,,,-60.709,,,,-59.0966,,,,-59.371,,,,-58.3719,,,,-57.713,,,,-57.3835,,,,-58.679,,,,-59.6894,,,,-62.3223,,,,-60.688,,,,-60.6441,,,,-58.8,,,,-57.3835,,,,-57.911,,,,-58.9648,,,,-59.327
,,,,-60.726,,,,-59.0966,,,,-59.393,,,,-58.4048,,,,-57.735,,,,-57.4164,,,,-58.701,,,,-59.7222,,,,-62.3551,,,,-60.71,,,,-60.677,,,,-58.822,,,,-57.3835,,,,-57.922,,,,-58.9648,,,,-59.344
,,,,-60.792,,,,-59.1954,,,,-59.426,,,,-58.4048,,,,-57.735,,,,-57.4164,,,,-58.712,,,,-59.7222,,,,-62.3881,,,,-60.754,,,,-60.677,,,,-58.822,,,,-57.3835,,,,-57.933,,,,-58.9978,,,,-59.36
,,,,-60.759,,,,-59.1296,,,,-59.393,,,,-58.3719,,,,-57.757,,,,-57.4494,,,,-58.734,,,,-59.7552,,,,-62.3881,,,,-60.732,,,,-60.677,,,,-58.833,,,,-57.4494,,,,-57.966,,,,-58.9978,,,,-59.376
,,,,-60.775,,,,-59.1296,,,,-59.437,,,,-58.4708,,,,-57.79,,,,-57.4494,,,,-58.745,,,,-59.7552,,,,-62.421,,,,-60.754,,,,-60.7099,,,,-58.877,,,,-57.4494,,,,-57.976,,,,-59.0307,,,,-59.393
,,,,-60.808,,,,-59.1625,,,,-59.437,,,,-58.4048,,,,-57.779,,,,-57.4823,,,,-58.778,,,,-59.7882,,,,-62.4539,,,,-60.786,,,,-60.7428,,,,-58.866,,,,-57.4494,,,,-57.998,,,,-59.0636,,,,-59.426
,,,,-60.841,,,,-59.2283,,,,-59.459,,,,-58.4048,,,,-57.79,,,,-57.4823,,,,-58.789,,,,-59.7882,,,,-62.4539,,,,-60.808,,,,-60.7428,,,,-58.877,,,,-57.4823,,,,-58.02,,,,-59.0966,,,,-59.442
,,,,-60.792,,,,-59.1625,,,,-59.459,,,,-58.4378,,,,-57.812,,,,-57.4823,,,,-58.8,,,,-59.8211,,,,-62.421,,,,-60.786,,,,-60.7758,,,,-58.91,,,,-57.5153,,,,-58.031,,,,-59.0966,,,,-59.459
,,,,-60.89,,,,-59.2942,,,,-59.514,,,,-58.4708,,,,-57.834,,,,-57.5153,,,,-58.811,,,,-59.8211,,,,-62.4868,,,,-60.852,,,,-60.7758,,,,-58.921,,,,-57.5153,,,,-58.042,,,,-59.0966,,,,-59.459
,,,,-60.858,,,,-59.2283,,,,-59.514,,,,-58.5367,,,,-57.867,,,,-57.5153,,,,-58.833,,,,-59.854,,,,-62.4868,,,,-60.83,,,,-60.7758,,,,-58.954,,,,-57.5483,,,,-58.064,,,,-59.1296,,,,-59.492
,,,,-60.89,,,,-59.2942,,,,-59.536,,,,-58.5037,,,,-57.867,,,,-57.5483,,,,-58.855,,,,-59.8869,,,,-62.4868,,,,-60.863,,,,-60.8087,,,,-58.954,,,,-57.5483,,,,-58.075,,,,-59.1296,,,,-59.508
,,,,-60.89,,,,-59.2942,,,,-59.568,,,,-58.6026,,,,-57.911,,,,-57.5483,,,,-58.877,,,,-59.8869,,,,-62.4868,,,,-60.863,,,,-60.8087,,,,-58.997,,,,-57.5811,,,,-58.108,,,,-59.1954,,,,-59.541
,,,,-60.907,,,,-59.2942,,,,-59.558,,,,-58.5367,,,,-57.922,,,,-57.6141,,,,-58.91,,,,-59.9199,,,,-62.5196,,,,-60.885,,,,-60.8416,,,,-58.997,,,,-57.6141,,,,-58.141,,,,-59.1954,,,,-59.558
,,,,-60.94,,,,-59.3271,,,,-59.601,,,,-58.6026,,,,-57.955,,,,-57.6471,,,,-58.932,,,,-59.9199,,,,-62.5526,,,,-60.918,,,,-60.8745,,,,-59.03,,,,-57.6141,,,,-58.163,,,,-59.2283,,,,-59.574
,,,,-60.989,,,,-59.4259,,,,-59.601,,,,-58.5037,,,,-57.933,,,,-57.6471,,,,-58.943,,,,-59.9528,,,,-62.5526,,,,-60.951,,,,-60.8745,,,,-59.008,,,,-57.6471,,,,-58.174,,,,-59.2283,,,,-59.591
,,,,-60.94,,,,-59.3271,,,,-59.623,,,,-58.6355,,,,-57.988,,,,-57.68,,,,-58.976,,,,-59.9857,,,,-62.5526,,,,-60.929,,,,-60.9075,,,,-59.063,,,,-57.6471,,,,-58.196,,,,-59.2613,,,,-59.624
,,,,-60.989,,,,-59.3929,,,,-59.667,,,,-58.7014,,,,-58.031,,,,-57.713,,,,-58.987,,,,-59.9857,,,,-62.5854,,,,-60.962,,,,-60.9075,,,,-59.096,,,,-57.68,,,,-58.218,,,,-59.2613,,,,-59.624
,,,,-60.956,,,,-59.3271,,,,-59.634,,,,-58.6684,,,,-58.02,,,,-57.68,,,,-58.987,,,,-59.9857,,,,-62.5854,,,,-60.94,,,,-60.9075,,,,-59.096,,,,-57.713,,,,-58.229,,,,-59.2942,,,,-59.64
,,,,-61.006,,,,-59.4259,,,,-59.7,,,,-58.7342,,,,-58.064,,,,-57.7459,,,,-59.031,,,,-60.0515,,,,-62.5854,,,,-60.984,,,,-60.9404,,,,-59.129,,,,-57.713,,,,-58.251,,,,-59.2942,,,,-59.673
,,,,-61.039,,,,-59.4589,,,,-59.711,,,,-58.7014,,,,-58.053,,,,-57.713,,,,-59.02,,,,-60.0515,,,,-62.6183,,,,-61.017,,,,-60.9732,,,,-59.14,,,,-57.7459,,,,-58.251,,,,-59.2942,,,,-59.673
,,,,-61.055,,,,-59.4918,,,,-59.766,,,,-58.8002,,,,-58.097,,,,-57.7459,,,,-59.042,,,,-60.0515,,,,-62.6183,,,,-61.039,,,,-61.0061,,,,-59.184,,,,-57.7459,,,,-58.273,,,,-59.3271,,,,-59.689
,,,,-61.072,,,,-59.4918,,,,-59.733,,,,-58.7342,,,,-58.097,,,,-57.7789,,,,-59.064,,,,-60.0515,,,,-62.6512,,,,-61.039,,,,-60.9732,,,,-59.162,,,,-57.7789,,,,-58.306,,,,-59.3601,,,,-59.706
,,,,-61.055,,,,-59.4918,,,,-59.766,,,,-58.8002,,,,-58.13,,,,-57.7789,,,,-59.074,,,,-60.0845,,,,-62.6183,,,,-61.039,,,,-61.0061,,,,-59.206,,,,-57.8119,,,,-58.317,,,,-59.3601,,,,-59.722
,,,,-61.104,,,,-59.5248,,,,-59.766,,,,-58.7672,,,,-58.13,,,,-57.8119,,,,-59.107,,,,-60.1174,,,,-62.684,,,,-61.072,,,,-61.0061,,,,-59.195,,,,-57.8119,,,,-58.339,,,,-59.3929,,,,-59.755
,,,,-61.088,,,,-59.4918,,,,-59.755,,,,-58.7342,,,,-58.119,,,,-57.8119,,,,-59.107,,,,-60.1174,,,,-62.684,,,,-61.072,,,,-61.039,,,,-59.195,,,,-57.8119,,,,-58.339,,,,-59.3929,,,,-59.755
,,,,-61.088,,,,-59.4918,,,,-59.766,,,,-58.7672,,,,-58.152,,,,-57.8448,,,,-59.151,,,,-60.1503,,,,-62.684,,,,-61.072,,,,-61.039,,,,-59.217,,,,-57.8448,,,,-58.383,,,,-59.4589,,,,-59.805
,,,,-61.236,,,,-59.6894,,,,-59.931,,,,-58.899,,,,-58.284,,,,-57.9766,,,,-59.261,,,,-60.2491,,,,-62.7828,,,,-61.225,,,,-61.2036,,,,-59.36,,,,-57.9766,,,,-58.504,,,,-59.5576,,,,-59.903
,,,,-61.236,,,,-59.6894,,,,-59.953,,,,-58.9648,,,,-58.306,,,,-57.9766,,,,-59.261,,,,-60.2491,,,,-62.7828,,,,-61.225,,,,-61.2036,,,,-59.382,,,,-57.9766,,,,-58.504,,,,-59.5576,,,,-59.903
,,,,-61.269,,,,-59.7552,,,,-59.975,,,,-58.9648,,,,-58.328,,,,-58.0095,,,,-59.294,,,,-60.282,,,,-62.7828,,,,-61.247,,,,-61.2036,,,,-59.393,,,,-58.0095,,,,-58.537,,,,-59.5906,,,,-59.936
,,,,-61.22,,,,-59.6236,,,,-59.953,,,,-58.9978,,,,-58.339,,,,-58.0095,,,,-59.305,,,,-60.3149,,,,-62.8157,,,,-61.225,,,,-61.2365,,,,-59.415,,,,-58.0095,,,,-58.537,,,,-59.5906,,,,-59.953
,,,,-61.253,,,,-59.6894,,,,-59.953,,,,-58.932,,,,-58.339,,,,-58.0425,,,,-59.327,,,,-60.3149,,,,-62.8157,,,,-61.247,,,,-61.2365,,,,-59.404,,,,-58.0425,,,,-58.57,,,,-59.6236,,,,-59.969
,,,,-61.335,,,,-59.854,,,,-60.029,,,,-58.9648,,,,-58.372,,,,-58.0754,,,,-59.349,,,,-60.3478,,,,-62.8157,,,,-61.313,,,,-61.2695,,,,-59.437,,,,-58.0754,,,,-58.591,,,,-59.6236,,,,-59.986
,,,,-61.302,,,,-59.7552,,,,-59.996,,,,-58.9648,,,,-58.372,,,,-58.0754,,,,-59.349,,,,-60.3478,,,,-62.8485,,,,-61.291,,,,-61.2695,,,,-59.437,,,,-58.0754,,,,-58.591,,,,-59.6236,,,,-59.986
,,,,-61.285,,,,-59.6894,,,,-60.008,,,,-59.0307,,,,-58.416,,,,-58.1084,,,,-59.382,,,,-60.3807,,,,-62.8815,,,,-61.291,,,,-61.3024,,,,-59.48,,,,-58.1084,,,,-58.624,,,,-59.6564,,,,-60.019
,,,,-61.318,,,,-59.7552,,,,-60.04,,,,-59.0636,,,,-58.438,,,,-58.1084,,,,-59.382,,,,-60.3807,,,,-62.8815,,,,-61.313,,,,-61.3024,,,,-59.502,,,,-58.1414,,,,-58.635,,,,-59.6564,,,,-60.019
,,,,-61.384,,,,-59.854,,,,-60.073,,,,-59.0636,,,,-58.449,,,,-58.1414,,,,-59.426,,,,-60.4137,,,,-62.9144,,,,-61.357,,,,-61.3024,,,,-59.502,,,,-58.1414,,,,-58.668,,,,-59.7222,,,,-60.068
,,,,-61.401,,,,-59.8869,,,,-60.117,,,,-59.1296,,,,-58.493,,,,-58.1743,,,,-59.437,,,,-60.4466,,,,-62.9144,,,,-61.379,,,,-61.3352,,,,-59.546,,,,-58.1743,,,,-58.679,,,,-59.6894,,,,-60.068
,,,,-61.401,,,,-59.8869,,,,-60.106,,,,-59.0966,,,,-58.493,,,,-58.1743,,,,-59.47,,,,-60.4795,,,,-62.9144,,,,-61.379,,,,-61.3352,,,,-59.546,,,,-58.2073,,,,-58.712,,,,-59.7552,,,,-60.117
,,,,-61.417,,,,-59.9199,,,,-60.128,,,,-59.0966,,,,-58.504,,,,-58.2073,,,,-59.481,,,,-60.4795,,,,-62.9144,,,,-61.401,,,,-61.3681,,,,-59.557,,,,-58.2073,,,,-58.723,,,,-59.7552,,,,-60.117
,,,,-61.45,,,,-59.9528,,,,-60.161,,,,-59.1296,,,,-58.537,,,,-58.2401,,,,-59.514,,,,-60.5125,,,,-62.9473,,,,-61.434,,,,-61.4011,,,,-59.59,,,,-58.2401,,,,-58.756,,,,-59.7882,,,,-60.15
,,,,-61.384,,,,-59.854,,,,-60.117,,,,-59.0966,,,,-58.537,,,,-58.2401,,,,-59.514,,,,-60.5125,,,,-62.9144,,,,-61.39,,,,-61.4011,,,,-59.59,,,,-58.2731,,,,-58.767,,,,-59.7882,,,,-60.15
,,,,-61.483,,,,-59.9857,,,,-60.161,,,,-59.0636,,,,-58.526,,,,-58.2401,,,,-59.525,,,,-60.5125,,,,-62.9801,,,,-61.467,,,,-61.434,,,,-59.59,,,,-58.2731,,,,-58.778,,,,-59.8211,,,,-60.167
,,,,-61.499,,,,-60.0186,,,,-60.205,,,,-59.1954,,,,-58.592,,,,-58.2731,,,,-59.525,,,,-60.5125,,,,-62.9801,,,,-61.467,,,,-61.4011,,,,-59.634,,,,-58.306,,,,-58.789,,,,-59.7882,,,,-60.15
,,,,-61.483,,,,-59.9857,,,,-60.183,,,,-59.1296,,,,-58.581,,,,-58.306,,,,-59.568,,,,-60.5453,,,,-62.9801,,,,-61.467,,,,-61.434,,,,-59.623,,,,-58.306,,,,-58.822,,,,-59.854,,,,-60.2
,,,,-61.466,,,,-59.9528,,,,-60.227,,,,-59.2613,,,,-58.635,,,,-58.306,,,,-59.579,,,,-60.5783,,,,-62.9801,,,,-61.467,,,,-61.4669,,,,-59.689,,,,-58.339,,,,-58.833,,,,-59.854,,,,-60.216
,,,,-61.499,,,,-59.9857,,,,-60.238,,,,-59.2283,,,,-58.624,,,,-58.306,,,,-59.579,,,,-60.5783,,,,-63.0129,,,,-61.499,,,,-61.4998,,,,-59.689,,,,-58.339,,,,-58.833,,,,-59.854,,,,-60.216
,,,,-61.483,,,,-59.9857,,,,-60.249,,,,-59.2613,,,,-58.657,,,,-58.339,,,,-59.623,,,,-60.6441,,,,-62.9801,,,,-61.489,,,,-61.4998,,,,-59.711,,,,-58.3719,,,,-58.866,,,,-59.8869,,,,-60.266
,,,,-61.532,,,,-60.0515,,,,-60.271,,,,-59.2613,,,,-58.679,,,,-58.3719,,,,-59.645,,,,-60.6441,,,,-63.0129,,,,-61.521,,,,-61.4998,,,,-59.722,,,,-58.4048,,,,-58.899,,,,-59.9199,,,,-60.282
,,,,-61.532,,,,-60.0515,,,,-60.26,,,,-59.2283,,,,-58.679,,,,-58.4048,,,,-59.656,,,,-60.6441,,,,-63.0129,,,,-61.521,,,,-61.4998,,,,-59.711,,,,-58.4048,,,,-58.91,,,,-59.9199,,,,-60.282
,,,,-61.582,,,,-60.1174,,,,-60.293,,,,-59.2613,,,,-58.701,,,,-58.4048,,,,-59.656,,,,-60.6441,,,,-63.0459,,,,-61.554,,,,-61.4998,,,,-59.733,,,,-58.4378,,,,-58.921,,,,-59.9199,,,,-60.282
,,,,-61.615,,,,-60.1833,,,,-60.348,,,,-59.3271,,,,-58.734,,,,-58.4378,,,,-59.689,,,,-60.677,,,,-63.0459,,,,-61.587,,,,-61.5326,,,,-59.766,,,,-58.4378,,,,-58.943,,,,-59.9528,,,,-60.315
,,,,-61.615,,,,-60.1503,,,,-60.348,,,,-59.3601,,,,-58.745,,,,-58.4378,,,,-59.689,,,,-60.677,,,,-63.0788,,,,-61.587,,,,-61.5326,,,,-59.777,,,,-58.4378,,,,-58.943,,,,-59.9528,,,,-60.315
,,,,-61.68,,,,-60.2491,,,,-60.446,,,,-59.4259,,,,-58.866,,,,-58.5696,,,,-59.821,,,,-60.8087,,,,-63.1117,,,,-61.675,,,,-61.6643,,,,-59.898,,,,-58.6026,,,,-59.086,,,,-60.0845,,,,-60.447
,,,,-61.697,,,,-60.2491,,,,-60.457,,,,-59.4589,,,,-58.888,,,,-58.6026,,,,-59.843,,,,-60.8416,,,,-63.1445,,,,-61.686,,,,-61.6643,,,,-59.909,,,,-58.6026,,,,-59.097,,,,-60.0845,,,,-60.463
,,,,-61.697,,,,-60.2491,,,,-60.479,,,,-59.4918,,,,-58.899,,,,-58.6026,,,,-59.854,,,,-60.8416,,,,-63.1445,,,,-61.697,,,,-61.6971,,,,-59.93,,,,-58.6026,,,,-59.108,,,,-60.1174,,,,-60.48
,,,,-61.73,,,,-60.282,,,,-60.479,,,,-59.4589,,,,-58.899,,,,-58.6026,,,,-59.865,,,,-60.8745,,,,-63.1774,,,,-61.719,,,,-61.6971,,,,-59.93,,,,-58.6355,,,,-59.119,,,,-60.1174,,,,-60.496
,,,,-61.73,,,,-60.282,,,,-60.479,,,,-59.4589,,,,-58.932,,,,-58.6684,,,,-59.898,,,,-60.8745,,,,-63.1774,,,,-61.719,,,,-61.6971,,,,-59.941,,,,-58.6684,,,,-59.162,,,,-60.1503,,,,-60.512
,,,,-61.763,,,,-60.3478,,,,-60.534,,,,-59.5248,,,,-58.943,,,,-58.6355,,,,-59.887,,,,-60.8745,,,,-63.1774,,,,-61.752,,,,-61.7301,,,,-59.974,,,,-58.6684,,,,-59.151,,,,-60.1503,,,,-60.512
,,,,-61.73,,,,-60.282,,,,-60.49,,,,-59.4589,,,,-58.932,,,,-58.6684,,,,-59.92,,,,-60.9075,,,,-63.1774,,,,-61.73,,,,-61.7301,,,,-59.952,,,,-58.6684,,,,-59.173,,,,-60.1833,,,,-60.545
,,,,-61.796,,,,-60.3807,,,,-60.567,,,,-59.5576,,,,-58.987,,,,-58.6684,,,,-59.931,,,,-60.9404,,,,-63.2103,,,,-61.785,,,,-61.763,,,,-60.018,,,,-58.7342,,,,-59.195,,,,-60.1833,,,,-60.562
,,,,-61.779,,,,-60.3478,,,,-60.545,,,,-59.5576,,,,-58.987,,,,-58.7014,,,,-59.953,,,,-60.9404,,,,-63.2103,,,,-61.763,,,,-61.7301,,,,-59.996,,,,-58.7014,,,,-59.206,,,,-60.2161,,,,-60.578
,,,,-61.779,,,,-60.3478,,,,-60.589,,,,-59.6564,,,,-59.031,,,,-58.7014,,,,-59.953,,,,-60.9732,,,,-63.2103,,,,-61.774,,,,-61.763,,,,-60.051,,,,-58.7342,,,,-59.206,,,,-60.1833,,,,-60.578
,,,,-61.845,,,,-60.4466,,,,-60.611,,,,-59.5906,,,,-59.031,,,,-58.7342,,,,-59.986,,,,-60.9732,,,,-63.2432,,,,-61.829,,,,-61.7959,,,,-60.051,,,,-58.7672,,,,-59.25,,,,-60.2491,,,,-60.611
,,,,-61.911,,,,-60.5453,,,,-60.677,,,,-59.6564,,,,-59.075,,,,-58.7672,,,,-60.007,,,,-61.0061,,,,-63.2761,,,,-61.883,,,,-61.8288,,,,-60.095,,,,-58.8002,,,,-59.272,,,,-60.2491,,,,-60.628
,,,,-61.845,,,,-60.4466,,,,-60.644,,,,-59.6564,,,,-59.097,,,,-58.8002,,,,-60.029,,,,-61.0061,,,,-63.2432,,,,-61.84,,,,-61.8288,,,,-60.106,,,,-58.8331,,,,-59.305,,,,-60.282,,,,-60.644
,,,,-61.878,,,,-60.4795,,,,-60.666,,,,-59.6894,,,,-59.108,,,,-58.8002,,,,-60.04,,,,-61.039,,,,-63.2761,,,,-61.861,,,,-61.8288,,,,-60.117,,,,-58.8331,,,,-59.305,,,,-60.282,,,,-60.66
,,,,-61.911,,,,-60.5453,,,,-60.699,,,,-59.7222,,,,-59.14,,,,-58.8331,,,,-60.073,,,,-61.072,,,,-63.2761,,,,-61.883,,,,-61.8288,,,,-60.139,,,,-58.8661,,,,-59.338,,,,-60.3149,,,,-60.693
,,,,-61.894,,,,-60.4795,,,,-60.688,,,,-59.7222,,,,-59.162,,,,-58.8661,,,,-60.095,,,,-61.1049,,,,-63.309,,,,-61.883,,,,-61.8617,,,,-60.161,,,,-58.899,,,,-59.36,,,,-60.3149,,,,-60.71
,,,,-61.911,,,,-60.5125,,,,-60.721,,,,-59.7552,,,,-59.184,,,,-58.899,,,,-60.139,,,,-61.1378,,,,-63.309,,,,-61.905,,,,-61.8947,,,,-60.183,,,,-58.899,,,,-59.393,,,,-60.3807,,,,-60.759
,,,,-61.944,,,,-60.5783,,,,-60.743,,,,-59.7552,,,,-59.206,,,,-58.899,,,,-60.128,,,,-61.1049,,,,-63.309,,,,-61.927,,,,-61.8947,,,,-60.205,,,,-58.9648,,,,-59.415,,,,-60.3807,,,,-60.743
,,,,-61.927,,,,-60.5125,,,,-60.743,,,,-59.7552,,,,-59.228,,,,-58.932,,,,-60.15,,,,-61.1378,,,,-63.3418,,,,-61.938,,,,-61.9604,,,,-60.238,,,,-58.9978,,,,-59.437,,,,-60.3807,,,,-60.759
,,,,-61.927,,,,-60.5453,,,,-60.732,,,,-59.6894,,,,-59.195,,,,-58.932,,,,-60.161,,,,-61.1378,,,,-63.309,,,,-61.938,,,,-61.9604,,,,-60.205,,,,-58.9648,,,,-59.437,,,,-60.4137,,,,-60.776
,,,,-61.96,,,,-60.6112,,,,-60.787,,,,-59.7882,,,,-59.239,,,,-58.932,,,,-60.183,,,,-61.2036,,,,-63.309,,,,-61.96,,,,-61.9604,,,,-60.249,,,,-58.9978,,,,-59.448,,,,-60.4137,,,,-60.809
,,,,-61.976,,,,-60.6112,,,,-60.798,,,,-59.8211,,,,-59.261,,,,-58.9648,,,,-60.205,,,,-61.2036,,,,-63.3418,,,,-61.971,,,,-61.9604,,,,-60.26,,,,-58.9978,,,,-59.47,,,,-60.4466,,,,-60.825
,,,,-61.976,,,,-60.6112,,,,-60.787,,,,-59.7882,,,,-59.272,,,,-58.9978,,,,-60.227,,,,-61.2036,,,,-63.3418,,,,-61.971,,,,-61.9604,,,,-60.26,,,,-59.0307,,,,-59.503,,,,-60.4795,,,,-60.842
,,,,-61.993,,,,-60.6112,,,,-60.798,,,,-59.8211,,,,-59.294,,,,-58.9978,,,,-60.227,,,,-61.2036,,,,-63.3747,,,,-61.982,,,,-61.9604,,,,-60.282,,,,-59.0636,,,,-59.514,,,,-60.4795,,,,-60.842
,,,,-61.993,,,,-60.6112,,,,-60.82,,,,-59.854,,,,-59.305,,,,-58.9978,,,,-60.238,,,,-61.2365,,,,-63.3747,,,,-61.993,,,,-61.9933,,,,-60.304,,,,-59.0636,,,,-59.514,,,,-60.4795,,,,-60.858
,,,,-62.075,,,,-60.7758,,,,-60.874,,,,-59.8211,,,,-59.316,,,,-59.0307,,,,-60.249,,,,-61.2365,,,,-63.3747,,,,-62.059,,,,-62.0261,,,,-60.315,,,,-59.0966,,,,-59.536,,,,-60.4795,,,,-60.858
,,,,-62.026,,,,-60.6441,,,,-60.852,,,,-59.8869,,,,-59.338,,,,-59.0307,,,,-60.271,,,,-61.2695,,,,-63.4076,,,,-62.026,,,,-62.0261,,,,-60.337,,,,-59.0966,,,,-59.547,,,,-60.5125,,,,-60.891
,,,,-62.059,,,,-60.7428,,,,-60.918,,,,-59.9528,,,,-59.393,,,,-59.0966,,,,-60.293,,,,-61.2695,,,,-63.3747,,,,-62.059,,,,-62.0591,,,,-60.381,,,,-59.1296,,,,-59.58,,,,-60.5125,,,,-60.891
,,,,-62.108,,,,-60.8087,,,,-60.907,,,,-59.8869,,,,-59.349,,,,-59.0636,,,,-60.304,,,,-61.3024,,,,-63.4076,,,,-62.081,,,,-62.0261,,,,-60.337,,,,-59.0966,,,,-59.568,,,,-60.5453,,,,-60.924
,,,,-62.059,,,,-60.7099,,,,-60.896,,,,-59.9528,,,,-59.393,,,,-59.0966,,,,-60.326,,,,-61.3352,,,,-63.4076,,,,-62.048,,,,-62.0261,,,,-60.369,,,,-59.1296,,,,-59.59,,,,-60.5453,,,,-60.94
,,,,-62.092,,,,-60.7428,,,,-60.907,,,,-59.9199,,,,-59.404,,,,-59.1296,,,,-60.348,,,,-61.3352,,,,-63.4405,,,,-62.081,,,,-62.0591,,,,-60.381,,,,-59.1625,,,,-59.623,,,,-60.5783,,,,-60.957
,,,,-62.125,,,,-60.8416,,,,-60.951,,,,-59.9528,,,,-59.426,,,,-59.1296,,,,-60.348,,,,-61.3352,,,,-63.4076,,,,-62.103,,,,-62.0591,,,,-60.402,,,,-59.1954,,,,-59.634,,,,-60.5783,,,,-60.957
,,,,-62.158,,,,-60.8416,,,,-61.017,,,,-60.0515,,,,-59.536,,,,-59.2613,,,,-60.436,,,,-61.4011,,,,-63.4734,,,,-62.158,,,,-62.1578,,,,-60.501,,,,-59.2942,,,,-59.733,,,,-60.6441,,,,-61.023
,,,,-62.174,,,,-60.8745,,,,-61.05,,,,-60.1503,,,,-59.569,,,,-59.2283,,,,-60.446,,,,-61.4669,,,,-63.4734,,,,-62.158,,,,-62.1249,,,,-60.534,,,,-59.3271,,,,-59.733,,,,-60.6441,,,,-61.056
,,,,-62.19,,,,-60.9075,,,,-61.05,,,,-60.0845,,,,-59.558,,,,-59.2613,,,,-60.468,,,,-61.4669,,,,-63.4734,,,,-62.18,,,,-62.1578,,,,-60.523,,,,-59.3271,,,,-59.755,,,,-60.677,,,,-61.072
,,,,-62.19,,,,-60.9075,,,,-61.05,,,,-60.0845,,,,-59.569,,,,-59.2942,,,,-60.479,,,,-61.4669,,,,-63.4734,,,,-62.18,,,,-62.1578,,,,-60.523,,,,-59.3271,,,,-59.766,,,,-60.677,,,,-61.072
,,,,-62.174,,,,-60.8745,,,,-61.072,,,,-60.1503,,,,-59.602,,,,-59.2942,,,,-60.501,,,,-61.4998,,,,-63.4734,,,,-62.18,,,,-62.1906,,,,-60.567,,,,-59.3601,,,,-59.788,,,,-60.7099,,,,-61.105
,,,,-62.174,,,,-60.8745,,,,-61.039,,,,-60.0515,,,,-59.58,,,,-59.3271,,,,-60.501,,,,-61.4669,,,,-63.4734,,,,-62.18,,,,-62.1906,,,,-60.534,,,,-59.3601,,,,-59.799,,,,-60.7099,,,,-61.088
,,,,-62.24,,,,-60.9732,,,,-61.083,,,,-60.0845,,,,-59.601,,,,-59.3271,,,,-60.534,,,,-61.5326,,,,-63.5062,,,,-62.223,,,,-62.1906,,,,-60.556,,,,-59.3929,,,,-59.821,,,,-60.7428,,,,-61.138
,,,,-62.223,,,,-60.9404,,,,-61.072,,,,-60.0845,,,,-59.613,,,,-59.3601,,,,-60.534,,,,-61.5326,,,,-63.5062,,,,-62.212,,,,-62.1906,,,,-60.556,,,,-59.3929,,,,-59.821,,,,-60.7099,,,,-61.121
,,,,-62.223,,,,-60.9404,,,,-61.105,,,,-60.1503,,,,-59.645,,,,-59.3601,,,,-60.545,,,,-61.5326,,,,-63.5062,,,,-62.223,,,,-62.2236,,,,-60.6,,,,-59.4259,,,,-59.843,,,,-60.7428,,,,-61.138
,,,,-62.207,,,,-60.9075,,,,-61.116,,,,-60.2161,,,,-59.678,,,,-59.3929,,,,-60.567,,,,-61.5656,,,,-63.5062,,,,-62.212,,,,-62.2236,,,,-60.622,,,,-59.4259,,,,-59.854,,,,-60.7428,,,,-61.154
,,,,-62.24,,,,-60.9732,,,,-61.127,,,,-60.1503,,,,-59.645,,,,-59.3601,,,,-60.556,,,,-61.5656,,,,-63.5062,,,,-62.245,,,,-62.2565,,,,-60.611,,,,-59.4259,,,,-59.843,,,,-60.7428,,,,-61.154
,,,,-62.273,,,,-61.0061,,,,-61.16,,,,-60.2161,,,,-59.689,,,,-59.3929,,,,-60.578,,,,-61.5656,,,,-63.5391,,,,-62.267,,,,-62.2565,,,,-60.644,,,,-59.4589,,,,-59.876,,,,-60.7758,,,,-61.171
,,,,-62.273,,,,-61.0061,,,,-61.138,,,,-60.1833,,,,-59.689,,,,-59.3929,,,,-60.578,,,,-61.5656,,,,-63.5391,,,,-62.256,,,,-62.2236,,,,-60.633,,,,-59.4918,,,,-59.887,,,,-60.7758,,,,-61.171
,,,,-62.273,,,,-61.0061,,,,-61.138,,,,-60.1503,,,,-59.689,,,,-59.4259,,,,-60.589,,,,-61.5656,,,,-63.5391,,,,-62.267,,,,-62.2565,,,,-60.633,,,,-59.4918,,,,-59.898,,,,-60.7758,,,,-61.171
,,,,-62.306,,,,-61.072,,,,-61.182,,,,-60.2161,,,,-59.722,,,,-59.4259,,,,-60.611,,,,-61.5985,,,,-63.5391,,,,-62.289,,,,-62.2565,,,,-60.666,,,,-59.5248,,,,-59.92,,,,-60.8087,,,,-61.204
,,,,-62.355,,,,-61.1049,,,,-61.258,,,,-60.3149,,,,-59.832,,,,-59.5576,,,,-60.721,,,,-61.6971,,,,-63.6049,,,,-62.355,,,,-62.3551,,,,-60.765,,,,-59.6236,,,,-60.03,,,,-60.9075,,,,-61.302
,,,,-62.355,,,,-61.1049,,,,-61.269,,,,-60.3478,,,,-59.865,,,,-59.5906,,,,-60.743,,,,-61.7301,,,,-63.6049,,,,-62.355,,,,-62.3551,,,,-60.786,,,,-59.6564,,,,-60.052,,,,-60.9075,,,,-61.319
,,,,-62.388,,,,-61.1707,,,,-61.28,,,,-60.3149,,,,-59.843,,,,-59.5906,,,,-60.754,,,,-61.7301,,,,-63.6049,,,,-62.377,,,,-62.3551,,,,-60.765,,,,-59.6236,,,,-60.052,,,,-60.9404,,,,-61.335
,,,,-62.437,,,,-61.2695,,,,-61.346,,,,-60.3807,,,,-59.887,,,,-59.5906,,,,-60.765,,,,-61.7301,,,,-63.6049,,,,-62.421,,,,-62.3881,,,,-60.819,,,,-59.6894,,,,-60.084,,,,-60.9732,,,,-61.352
,,,,-62.371,,,,-61.1378,,,,-61.291,,,,-60.3807,,,,-59.898,,,,-59.6236,,,,-60.776,,,,-61.7301,,,,-63.6049,,,,-62.366,,,,-62.3551,,,,-60.808,,,,-59.6894,,,,-60.095,,,,-60.9732,,,,-61.352
,,,,-62.404,,,,-61.1707,,,,-61.313,,,,-60.3807,,,,-59.909,,,,-59.6236,,,,-60.787,,,,-61.763,,,,-63.6378,,,,-62.399,,,,-62.3881,,,,-60.83,,,,-59.7222,,,,-60.106,,,,-60.9732,,,,-61.368
,,,,-62.421,,,,-61.2036,,,,-61.346,,,,-60.4466,,,,-59.953,,,,-59.6564,,,,-60.798,,,,-61.763,,,,-63.6378,,,,-62.41,,,,-62.3881,,,,-60.863,,,,-59.7552,,,,-60.128,,,,-60.9732,,,,-61.368
,,,,-62.421,,,,-61.2036,,,,-61.346,,,,-60.4137,,,,-59.931,,,,-59.6564,,,,-60.819,,,,-61.7959,,,,-63.6378,,,,-62.421,,,,-62.421,,,,-60.852,,,,-59.7222,,,,-60.128,,,,-61.0061,,,,-61.401
,,,,-62.454,,,,-61.2365,,,,-61.357,,,,-60.4137,,,,-59.953,,,,-59.6894,,,,-60.82,,,,-61.7959,,,,-63.6706,,,,-62.443,,,,-62.421,,,,-60.863,,,,-59.7552,,,,-60.139,,,,-60.9732,,,,-61.385
,,,,-62.454,,,,-61.2695,,,,-61.39,,,,-60.4466,,,,-59.953,,,,-59.6564,,,,-60.819,,,,-61.7959,,,,-63.6378,,,,-62.454,,,,-62.4539,,,,-60.885,,,,-59.7552,,,,-60.139,,,,-61.0061,,,,-61.401
,,,,-62.437,,,,-61.2036,,,,-61.379,,,,-60.4795,,,,-59.975,,,,-59.6894,,,,-60.841,,,,-61.8288,,,,-63.6706,,,,-62.443,,,,-62.4539,,,,-60.896,,,,-59.7552,,,,-60.15,,,,-61.0061,,,,-61.417
,,,,-62.454,,,,-61.2695,,,,-61.401,,,,-60.4795,,,,-59.986,,,,-59.7222,,,,-60.852,,,,-61.8288,,,,-63.6378,,,,-62.454,,,,-62.4539,,,,-60.896,,,,-59.7552,,,,-60.161,,,,-61.0061,,,,-61.417
,,,,-62.486,,,,-61.3024,,,,-61.412,,,,-60.4795,,,,-59.997,,,,-59.7222,,,,-60.874,,,,-61.8617,,,,-63.6706,,,,-62.476,,,,-62.4539,,,,-60.907,,,,-59.7882,,,,-60.183,,,,-61.039,,,,-61.45
,,,,-62.454,,,,-61.2365,,,,-61.401,,,,-60.4795,,,,-59.997,,,,-59.7222,,,,-60.874,,,,-61.8617,,,,-63.6706,,,,-62.465,,,,-62.4868,,,,-60.918,,,,-59.7882,,,,-60.183,,,,-61.039,,,,-61.45
,,,,-62.437,,,,-61.2365,,,,-61.401,,,,-60.5125,,,,-60.019,,,,-59.7222,,,,-60.874,,,,-61.8617,,,,-63.6378,,,,-62.443,,,,-62.4539,,,,-60.929,,,,-59.8211,,,,-60.194,,,,-61.039,,,,-61.45
,,,,-62.47,,,,-61.2695,,,,-61.412,,,,-60.4795,,,,-60.019,,,,-59.7552,,,,-60.896,,,,-61.8617,,,,-63.6706,,,,-62.476,,,,-62.4868,,,,-60.929,,,,-59.8211,,,,-60.216,,,,-61.072,,,,-61.467
,,,,-62.47,,,,-61.2695,,,,-61.412,,,,-60.4795,,,,-60.041,,,,-59.7552,,,,-60.907,,,,-61.8947,,,,-63.6706,,,,-62.476,,,,-62.4868,,,,-60.951,,,,-59.8869,,,,-60.238,,,,-61.072,,,,-61.483
,,,,-62.503,,,,-61.3024,,,,-61.434,,,,-60.4795,,,,-60.041,,,,-59.7882,,,,-60.94,,,,-61.9276,,,,-63.7035,,,,-62.508,,,,-62.5196,,,,-60.951,,,,-59.854,,,,-60.249,,,,-61.1049,,,,-61.516
,,,,-62.569,,,,-61.3681,,,,-61.5,,,,-60.5453,,,,-60.084,,,,-59.8211,,,,-60.962,,,,-61.8947,,,,-63.7693,,,,-62.574,,,,-62.5854,,,,-61.006,,,,-59.8869,,,,-60.293,,,,-61.1707,,,,-61.533
,,,,-62.618,,,,-61.4011,,,,-61.522,,,,-60.5453,,,,-60.095,,,,-59.8211,,,,-60.995,,,,-61.9604,,,,-63.835,,,,-62.618,,,,-62.6183,,,,-61.028,,,,-59.9199,,,,-60.315,,,,-61.2036,,,,-61.582
,,,,-62.651,,,,-61.4011,,,,-61.576,,,,-60.6112,,,,-60.139,,,,-59.854,,,,-61.028,,,,-61.9604,,,,-63.9008,,,,-62.673,,,,-62.717,,,,-61.094,,,,-59.9528,,,,-60.359,,,,-61.2695,,,,-61.615
,,,,-62.684,,,,-61.4011,,,,-61.609,,,,-60.6441,,,,-60.172,,,,-59.8869,,,,-61.05,,,,-61.9933,,,,-63.9666,,,,-62.717,,,,-62.7828,,,,-61.138,,,,-59.9857,,,,-60.381,,,,-61.2695,,,,-61.631
,,,,-62.766,,,,-61.4669,,,,-61.664,,,,-60.7099,,,,-60.205,,,,-59.8869,,,,-61.083,,,,-62.0261,,,,-64.0652,,,,-62.783,,,,-62.8157,,,,-61.181,,,,-60.0186,,,,-60.414,,,,-61.3352,,,,-61.681
,,,,-62.799,,,,-61.4998,,,,-61.697,,,,-60.7099,,,,-60.227,,,,-59.9528,,,,-61.138,,,,-62.0591,,,,-64.098,,,,-62.826,,,,-62.8815,,,,-61.203,,,,-60.0186,,,,-60.458,,,,-61.4011,,,,-61.73
,,,,-62.865,,,,-61.5656,,,,-61.763,,,,-60.7758,,,,-60.271,,,,-59.9528,,,,-61.16,,,,-62.092,,,,-64.1637,,,,-62.892,,,,-62.9473,,,,-61.269,,,,-60.0845,,,,-60.49,,,,-61.434,,,,-61.763
,,,,-62.865,,,,-61.4998,,,,-61.774,,,,-60.8745,,,,-60.326,,,,-59.9857,,,,-61.192,,,,-62.1249,,,,-64.2295,,,,-62.892,,,,-62.9473,,,,-61.313,,,,-60.1174,,,,-60.523,,,,-61.4669,,,,-61.796
,,,,-62.93,,,,-61.5656,,,,-61.807,,,,-60.8745,,,,-60.348,,,,-60.0186,,,,-61.225,,,,-62.1249,,,,-64.2953,,,,-62.947,,,,-62.9801,,,,-61.335,,,,-60.1503,,,,-60.567,,,,-61.5326,,,,-61.829
,,,,-63.193,,,,-61.7301,,,,-62.004,,,,-61.0061,,,,-60.49,,,,-60.1503,,,,-61.401,,,,-62.2894,,,,-64.6567,,,,-63.221,,,,-63.2761,,,,-61.532,,,,-60.3149,,,,-60.743,,,,-61.763,,,,-62.026
,,,,-63.243,,,,-61.763,,,,-62.092,,,,-61.1378,,,,-60.578,,,,-60.2161,,,,-61.467,,,,-62.3551,,,,-64.7225,,,,-63.287,,,,-63.3747,,,,-61.631,,,,-60.3807,,,,-60.809,,,,-61.8288,,,,-62.092
,,,,-63.259,,,,-61.7301,,,,-62.081,,,,-61.1049,,,,-60.567,,,,-60.2161,,,,-61.478,,,,-62.3551,,,,-64.7882,,,,-63.309,,,,-63.4076,,,,-61.631,,,,-60.3807,,,,-60.82,,,,-61.8617,,,,-62.108
,,,,-63.341,,,,-61.8288,,,,-62.136,,,,-61.1378,,,,-60.611,,,,-60.2491,,,,-61.533,,,,-62.421,,,,-64.854,,,,-63.374,,,,-63.4405,,,,-61.675,,,,-60.4466,,,,-60.874,,,,-61.9276,,,,-62.174
,,,,-63.391,,,,-61.8617,,,,-62.18,,,,-61.1707,,,,-60.633,,,,-60.282,,,,-61.544,,,,-62.421,,,,-64.9197,,,,-63.429,,,,-63.5062,,,,-61.708,,,,-60.4466,,,,-60.885,,,,-61.9276,,,,-62.174
,,,,-63.391,,,,-61.8288,,,,-62.191,,,,-61.2365,,,,-60.688,,,,-60.3149,,,,-61.598,,,,-62.4868,,,,-64.9526,,,,-63.429,,,,-63.5062,,,,-61.752,,,,-60.5125,,,,-60.94,,,,-61.9933,,,,-62.24
,,,,-63.424,,,,-61.8617,,,,-62.223,,,,-61.2695,,,,-60.71,,,,-60.3478,,,,-61.631,,,,-62.5196,,,,-64.9854,,,,-63.462,,,,-63.5391,,,,-61.774,,,,-60.5125,,,,-60.962,,,,-62.0261,,,,-62.273
,,,,-63.473,,,,-61.8617,,,,-62.289,,,,-61.4011,,,,-60.776,,,,-60.3807,,,,-61.642,,,,-62.5196,,,,-65.084,,,,-63.517,,,,-63.6049,,,,-61.85,,,,-60.5453,,,,-60.984,,,,-62.0261,,,,-62.273
,,,,-63.522,,,,-61.9604,,,,-62.3,,,,-61.3352,,,,-60.787,,,,-60.4137,,,,-61.686,,,,-62.5526,,,,-65.084,,,,-63.55,,,,-63.6049,,,,-61.85,,,,-60.6112,,,,-61.039,,,,-62.092,,,,-62.322
,,,,-63.555,,,,-61.9604,,,,-62.344,,,,-61.4011,,,,-60.82,,,,-60.4137,,,,-61.708,,,,-62.5854,,,,-65.1497,,,,-63.594,,,,-63.6706,,,,-61.905,,,,-60.6441,,,,-61.061,,,,-62.1249,,,,-62.355
,,,,-63.604,,,,-61.9933,,,,-62.366,,,,-61.4011,,,,-60.831,,,,-60.4466,,,,-61.752,,,,-62.6183,,,,-65.2155,,,,-63.637,,,,-63.7035,,,,-61.916,,,,-60.6441,,,,-61.094,,,,-62.1906,,,,-62.404
,,,,-63.621,,,,-61.9933,,,,-62.399,,,,-61.434,,,,-60.875,,,,-60.5125,,,,-61.807,,,,-62.684,,,,-65.2484,,,,-63.67,,,,-63.7693,,,,-61.96,,,,-60.677,,,,-61.138,,,,-62.2236,,,,-62.454
,,,,-63.687,,,,-62.092,,,,-62.454,,,,-61.4669,,,,-60.896,,,,-60.5453,,,,-61.84,,,,-62.717,,,,-65.2812,,,,-63.725,,,,-63.8022,,,,-61.982,,,,-60.677,,,,-61.16,,,,-62.2565,,,,-62.487
,,,,-63.736,,,,-62.1249,,,,-62.487,,,,-61.4998,,,,-60.929,,,,-60.5453,,,,-61.851,,,,-62.717,,,,-65.3468,,,,-63.769,,,,-63.835,,,,-62.026,,,,-60.7428,,,,-61.192,,,,-62.2894,,,,-62.503
,,,,-63.703,,,,-62.0261,,,,-62.476,,,,-61.5326,,,,-60.962,,,,-60.5783,,,,-61.894,,,,-62.7828,,,,-65.3797,,,,-63.758,,,,-63.8679,,,,-62.059,,,,-60.7758,,,,-61.225,,,,-62.3223,,,,-62.553
,,,,-63.769,,,,-62.1249,,,,-62.498,,,,-61.4669,,,,-60.962,,,,-60.6112,,,,-61.927,,,,-62.7828,,,,-65.4126,,,,-63.813,,,,-63.9008,,,,-62.059,,,,-60.8087,,,,-61.269,,,,-62.3881,,,,-62.585
,,,,-63.917,,,,-62.2565,,,,-62.673,,,,-61.6971,,,,-61.105,,,,-60.7099,,,,-62.048,,,,-62.9144,,,,-65.5769,,,,-63.966,,,,-64.0652,,,,-62.223,,,,-60.9075,,,,-61.379,,,,-62.5196,,,,-62.717
,,,,-63.884,,,,-62.1578,,,,-62.64,,,,-61.6971,,,,-61.127,,,,-60.7428,,,,-62.059,,,,-62.9144,,,,-65.6098,,,,-63.944,,,,-64.0652,,,,-62.234,,,,-60.9404,,,,-61.401,,,,-62.5196,,,,-62.717
,,,,-63.966,,,,-62.2894,,,,-62.717,,,,-61.763,,,,-61.171,,,,-60.7758,,,,-62.103,,,,-62.9801,,,,-65.6425,,,,-64.01,,,,-64.098,,,,-62.278,,,,-60.9732,,,,-61.434,,,,-62.5526,,,,-62.766
,,,,-64.015,,,,-62.3551,,,,-62.761,,,,-61.7959,,,,-61.182,,,,-60.7758,,,,-62.114,,,,-62.9801,,,,-65.6754,,,,-64.054,,,,-64.1309,,,,-62.3,,,,-60.9732,,,,-61.445,,,,-62.5854,,,,-62.783
,,,,-64.015,,,,-62.3551,,,,-62.739,,,,-61.7301,,,,-61.204,,,,-60.8416,,,,-62.169,,,,-63.0459,,,,-65.6754,,,,-64.054,,,,-64.1309,,,,-62.3,,,,-61.039,,,,-61.5,,,,-62.6183,,,,-62.832
,,,,-64.065,,,,-62.3881,,,,-62.816,,,,-61.8947,,,,-61.258,,,,-60.8416,,,,-62.191,,,,-63.0788,,,,-65.7411,,,,-64.098,,,,-64.1637,,,,-62.366,,,,-61.039,,,,-61.511,,,,-62.6512,,,,-62.865
,,,,-64.065,,,,-62.3881,,,,-62.816,,,,-61.8617,,,,-61.269,,,,-60.8745,,,,-62.212,,,,-63.0788,,,,-65.7411,,,,-64.109,,,,-64.1967,,,,-62.377,,,,-61.072,,,,-61.543,,,,-62.684,,,,-62.881
,,,,-64.114,,,,-62.4539,,,,-62.848,,,,-61.8617,,,,-61.291,,,,-60.9075,,,,-62.256,,,,-63.1445,,,,-65.774,,,,-64.152,,,,-64.2295,,,,-62.399,,,,-61.1049,,,,-61.576,,,,-62.717,,,,-62.931
,,,,-64.081,,,,-62.3551,,,,-62.848,,,,-61.9276,,,,-61.313,,,,-60.9075,,,,-62.267,,,,-63.1445,,,,-65.8068,,,,-64.141,,,,-64.2624,,,,-62.432,,,,-61.1049,,,,-61.587,,,,-62.7499,,,,-62.947
,,,,-64.13,,,,-62.421,,,,-62.859,,,,-61.8617,,,,-61.313,,,,-60.9404,,,,-62.289,,,,-63.1774,,,,-65.8397,,,,-64.185,,,,-64.2953,,,,-62.432,,,,-61.1378,,,,-61.609,,,,-62.7499,,,,-62.964
,,,,-64.163,,,,-62.4868,,,,-62.903,,,,-61.9276,,,,-61.379,,,,-61.0061,,,,-62.333,,,,-63.2103,,,,-65.8397,,,,-64.207,,,,-64.2953,,,,-62.475,,,,-61.2036,,,,-61.664,,,,-62.7828,,,,-62.997
,,,,-64.196,,,,-62.5196,,,,-62.936,,,,-61.9604,,,,-61.379,,,,-61.0061,,,,-62.355,,,,-63.2432,,,,-65.8726,,,,-64.24,,,,-64.328,,,,-62.486,,,,-61.1707,,,,-61.664,,,,-62.8157,,,,-63.029
,,,,-64.245,,,,-62.5854,,,,-62.98,,,,-61.9933,,,,-61.401,,,,-61.0061,,,,-62.366,,,,-63.2432,,,,-65.9054,,,,-64.284,,,,-64.361,,,,-62.519,,,,-61.2036,,,,-61.686,,,,-62.8485,,,,-63.046
,,,,-64.245,,,,-62.5526,,,,-62.98,,,,-61.9933,,,,-61.434,,,,-61.072,,,,-62.41,,,,-63.2761,,,,-65.9383,,,,-64.295,,,,-64.3938,,,,-62.541,,,,-61.2365,,,,-61.73,,,,-62.8815,,,,-63.079
,,,,-64.278,,,,-62.5854,,,,-63.024,,,,-62.092,,,,-61.478,,,,-61.072,,,,-62.432,,,,-63.309,,,,-65.971,,,,-64.317,,,,-64.3938,,,,-62.585,,,,-61.2695,,,,-61.752,,,,-62.9144,,,,-63.112
,,,,-64.262,,,,-62.5526,,,,-63.024,,,,-62.0591,,,,-61.478,,,,-61.072,,,,-62.432,,,,-63.309,,,,-65.971,,,,-64.328,,,,-64.4596,,,,-62.607,,,,-61.3024,,,,-61.763,,,,-62.9144,,,,-63.112
,,,,-64.262,,,,-62.5196,,,,-63.035,,,,-62.1249,,,,-61.533,,,,-61.1378,,,,-62.476,,,,-63.3418,,,,-66.0039,,,,-64.328,,,,-64.4596,,,,-62.64,,,,-61.3352,,,,-61.807,,,,-62.9473,,,,-63.145
,,,,-64.328,,,,-62.6183,,,,-63.09,,,,-62.1578,,,,-61.544,,,,-61.1378,,,,-62.487,,,,-63.3747,,,,-66.0368,,,,-64.383,,,,-64.4924,,,,-62.662,,,,-61.3352,,,,-61.807,,,,-62.9473,,,,-63.161
,,,,-64.344,,,,-62.6183,,,,-63.079,,,,-62.092,,,,-61.533,,,,-61.1707,,,,-62.53,,,,-63.4076,,,,-66.0696,,,,-64.404,,,,-64.5253,,,,-62.651,,,,-61.3352,,,,-61.84,,,,-63.0129,,,,-63.21
,,,,-64.344,,,,-62.6183,,,,-63.1,,,,-62.1249,,,,-61.566,,,,-61.1707,,,,-62.53,,,,-63.4076,,,,-66.0696,,,,-64.415,,,,-64.5582,,,,-62.695,,,,-61.4011,,,,-61.862,,,,-63.0129,,,,-63.21
,,,,-64.36,,,,-62.6183,,,,-63.144,,,,-62.2236,,,,-61.609,,,,-61.2036,,,,-62.585,,,,-63.4734,,,,-66.1025,,,,-64.437,,,,-64.5911,,,,-62.739,,,,-61.4011,,,,-61.894,,,,-63.0788,,,,-63.276
,,,,-64.541,,,,-62.8485,,,,-63.298,,,,-62.3551,,,,-61.741,,,,-61.3352,,,,-62.717,,,,-63.6049,,,,-66.2339,,,,-64.591,,,,-64.6896,,,,-62.859,,,,-61.5326,,,,-62.026,,,,-63.2103,,,,-63.408
,,,,-64.574,,,,-62.8815,,,,-63.298,,,,-62.2894,,,,-61.752,,,,-61.4011,,,,-62.783,,,,-63.6706,,,,-66.2668,,,,-64.624,,,,-64.7225,,,,-62.859,,,,-61.5656,,,,-62.081,,,,-63.2761,,,,-63.473
,,,,-64.623,,,,-62.9144,,,,-63.364,,,,-62.421,,,,-61.818,,,,-61.434,,,,-62.805,,,,-63.6706,,,,-66.3324,,,,-64.667,,,,-64.7554,,,,-62.925,,,,-61.5985,,,,-62.114,,,,-63.309,,,,-63.49
,,,,-64.689,,,,-63.0459,,,,-63.407,,,,-62.3881,,,,-61.851,,,,-61.4998,,,,-62.859,,,,-63.7364,,,,-66.3324,,,,-64.722,,,,-64.7882,,,,-62.947,,,,-61.6643,,,,-62.169,,,,-63.3418,,,,-63.539
,,,,-64.64,,,,-62.9144,,,,-63.396,,,,-62.421,,,,-61.873,,,,-61.4998,,,,-62.892,,,,-63.7693,,,,-66.3652,,,,-64.711,,,,-64.854,,,,-62.991,,,,-61.6971,,,,-62.202,,,,-63.4076,,,,-63.588
,,,,-64.722,,,,-63.0459,,,,-63.451,,,,-62.4539,,,,-61.884,,,,-61.4998,,,,-62.892,,,,-63.8022,,,,-66.3981,,,,-64.766,,,,-64.854,,,,-63.002,,,,-61.6971,,,,-62.191,,,,-63.3747,,,,-63.588
,,,,-64.706,,,,-63.0129,,,,-63.44,,,,-62.4539,,,,-61.917,,,,-61.5656,,,,-62.925,,,,-63.8022,,,,-66.3981,,,,-64.755,,,,-64.854,,,,-63.013,,,,-61.7301,,,,-62.234,,,,-63.4076,,,,-63.605
,,,,-64.722,,,,-63.0129,,,,-63.484,,,,-62.5196,,,,-61.949,,,,-61.5656,,,,-62.936,,,,-63.835,,,,-66.4309,,,,-64.788,,,,-64.9197,,,,-63.067,,,,-61.763,,,,-62.245,,,,-63.4076,,,,-63.621
,,,,-64.804,,,,-63.1774,,,,-63.561,,,,-62.5854,,,,-61.971,,,,-61.5656,,,,-62.969,,,,-63.9008,,,,-66.4309,,,,-64.843,,,,-64.9197,,,,-63.089,,,,-61.763,,,,-62.256,,,,-63.4405,,,,-63.671
,,,,-64.804,,,,-63.1445,,,,-63.561,,,,-62.5854,,,,-61.993,,,,-61.5985,,,,-62.991,,,,-63.9008,,,,-66.4637,,,,-64.854,,,,-64.9526,,,,-63.111,,,,-61.7959,,,,-62.289,,,,-63.4734,,,,-63.687
,,,,-64.853,,,,-63.1774,,,,-63.561,,,,-62.5526,,,,-62.004,,,,-61.6314,,,,-63.013,,,,-63.9337,,,,-66.5295,,,,-64.886,,,,-64.9526,,,,-63.111,,,,-61.8288,,,,-62.311,,,,-63.4734,,,,-63.704
,,,,-64.837,,,,-63.1774,,,,-63.594,,,,-62.6183,,,,-62.037,,,,-61.6643,,,,-63.035,,,,-63.9337,,,,-66.4967,,,,-64.886,,,,-64.9854,,,,-63.144,,,,-61.8288,,,,-62.333,,,,-63.5062,,,,-63.72
,,,,-64.837,,,,-63.1445,,,,-63.627,,,,-62.717,,,,-62.103,,,,-61.6971,,,,-63.068,,,,-63.9666,,,,-66.5295,,,,-64.897,,,,-65.0183,,,,-63.21,,,,-61.8947,,,,-62.377,,,,-63.5391,,,,-63.753
,,,,-64.837,,,,-63.1445,,,,-63.616,,,,-62.6512,,,,-62.081,,,,-61.6971,,,,-63.089,,,,-63.9993,,,,-66.5295,,,,-64.908,,,,-65.0511,,,,-63.199,,,,-61.8947,,,,-62.388,,,,-63.572,,,,-63.786
,,,,-65.018,,,,-63.3747,,,,-63.802,,,,-62.8485,,,,-62.245,,,,-61.8617,,,,-63.243,,,,-64.1637,,,,-66.6609,,,,-65.073,,,,-65.1826,,,,-63.352,,,,-62.0261,,,,-62.53,,,,-63.7035,,,,-63.934
,,,,-65.034,,,,-63.3747,,,,-63.802,,,,-62.8485,,,,-62.245,,,,-61.8617,,,,-63.243,,,,-64.1637,,,,-66.6937,,,,-65.084,,,,-65.1826,,,,-63.352,,,,-62.0261,,,,-62.53,,,,-63.7035,,,,-63.934
,,,,-65.067,,,,-63.4076,,,,-63.835,,,,-62.8815,,,,-62.267,,,,-61.8947,,,,-63.265,,,,-64.1637,,,,-66.7265,,,,-65.117,,,,-65.2155,,,,-63.374,,,,-62.0261,,,,-62.552,,,,-63.7364,,,,-63.95
,,,,-65.067,,,,-63.3747,,,,-63.802,,,,-62.8157,,,,-62.267,,,,-61.9276,,,,-63.309,,,,-64.2295,,,,-66.7593,,,,-65.116,,,,-65.2155,,,,-63.363,,,,-62.0591,,,,-62.585,,,,-63.7693,,,,-63.999
,,,,-65.116,,,,-63.4734,,,,-63.857,,,,-62.8485,,,,-62.278,,,,-61.8947,,,,-63.298,,,,-64.2295,,,,-66.7593,,,,-65.16,,,,-65.2484,,,,-63.396,,,,-62.092,,,,-62.585,,,,-63.7693,,,,-63.999
,,,,-65.149,,,,-63.5062,,,,-63.879,,,,-62.8485,,,,-62.289,,,,-61.9276,,,,-63.309,,,,-64.2295,,,,-66.7921,,,,-65.193,,,,-65.2812,,,,-63.407,,,,-62.092,,,,-62.596,,,,-63.7693,,,,-63.999
,,,,-65.133,,,,-63.4734,,,,-63.901,,,,-62.9473,,,,-62.355,,,,-61.9604,,,,-63.364,,,,-64.2953,,,,-66.7921,,,,-65.182,,,,-65.2812,,,,-63.462,,,,-62.1578,,,,-62.651,,,,-63.835,,,,-64.065
,,,,-65.149,,,,-63.4734,,,,-63.901,,,,-62.9473,,,,-62.366,,,,-61.9933,,,,-63.375,,,,-64.2953,,,,-66.825,,,,-65.193,,,,-65.2812,,,,-63.462,,,,-62.1578,,,,-62.662,,,,-63.835,,,,-64.065
,,,,-65.182,,,,-63.5391,,,,-63.912,,,,-62.9144,,,,-62.377,,,,-62.0261,,,,-63.396,,,,-64.328,,,,-66.825,,,,-65.215,,,,-65.2812,,,,-63.462,,,,-62.1906,,,,-62.684,,,,-63.835,,,,-64.082
,,,,-65.149,,,,-63.4405,,,,-63.944,,,,-63.0459,,,,-62.421,,,,-62.0261,,,,-63.407,,,,-64.328,,,,-66.8579,,,,-65.215,,,,-65.3468,,,,-63.528,,,,-62.1906,,,,-62.695,,,,-63.8679,,,,-64.098
,,,,-65.215,,,,-63.572,,,,-63.966,,,,-62.9801,,,,-62.432,,,,-62.092,,,,-63.44,,,,-64.361,,,,-66.8579,,,,-65.259,,,,-65.3468,,,,-63.517,,,,-62.2236,,,,-62.728,,,,-63.8679,,,,-64.114
,,,,-65.215,,,,-63.5062,,,,-63.988,,,,-63.0788,,,,-62.476,,,,-62.092,,,,-63.462,,,,-64.3938,,,,-66.9236,,,,-65.27,,,,-65.3797,,,,-63.572,,,,-62.2565,,,,-62.75,,,,-63.9008,,,,-64.147
,,,,-65.264,,,,-63.6049,,,,-64.01,,,,-63.0459,,,,-62.476,,,,-62.1249,,,,-63.484,,,,-64.3938,,,,-66.9236,,,,-65.303,,,,-65.3797,,,,-63.561,,,,-62.2565,,,,-62.772,,,,-63.9337,,,,-64.164
,,,,-65.248,,,,-63.572,,,,-64.01,,,,-63.0459,,,,-62.487,,,,-62.1578,,,,-63.506,,,,-64.4267,,,,-66.9236,,,,-65.303,,,,-65.4126,,,,-63.572,,,,-62.2565,,,,-62.783,,,,-63.9337,,,,-64.18
,,,,-65.297,,,,-63.6378,,,,-64.054,,,,-63.1117,,,,-62.509,,,,-62.1249,,,,-63.506,,,,-64.4267,,,,-66.9564,,,,-65.336,,,,-65.4126,,,,-63.605,,,,-62.2894,,,,-62.794,,,,-63.9666,,,,-64.197
,,,,-65.297,,,,-63.6378,,,,-64.065,,,,-63.1117,,,,-62.531,,,,-62.1578,,,,-63.55,,,,-64.4924,,,,-66.9564,,,,-65.347,,,,-65.4455,,,,-63.626,,,,-62.3223,,,,-62.826,,,,-63.9993,,,,-64.246
,,,,-65.33,,,,-63.7035,,,,-64.098,,,,-63.1117,,,,-62.531,,,,-62.1578,,,,-63.55,,,,-64.4924,,,,-66.9564,,,,-65.379,,,,-65.4782,,,,-63.637,,,,-62.3223,,,,-62.826,,,,-63.9993,,,,-64.246
,,,,-65.363,,,,-63.7364,,,,-64.131,,,,-63.1774,,,,-62.585,,,,-62.2236,,,,-63.583,,,,-64.5253,,,,-66.9892,,,,-65.401,,,,-65.4782,,,,-63.67,,,,-62.3551,,,,-62.859,,,,-63.9993,,,,-64.262
,,,,-65.363,,,,-63.7364,,,,-64.131,,,,-63.1445,,,,-62.574,,,,-62.2236,,,,-63.605,,,,-64.5582,,,,-66.9892,,,,-65.412,,,,-65.5112,,,,-63.67,,,,-62.3551,,,,-62.87,,,,-64.0323,,,,-64.295
,,,,-65.379,,,,-63.7364,,,,-64.142,,,,-63.1774,,,,-62.607,,,,-62.2565,,,,-63.616,,,,-64.5582,,,,-67.0221,,,,-65.423,,,,-65.5112,,,,-63.692,,,,-62.3881,,,,-62.892,,,,-64.0323,,,,-64.295
,,,,-65.379,,,,-63.7364,,,,-64.12,,,,-63.1117,,,,-62.607,,,,-62.2894,,,,-63.638,,,,-64.5582,,,,-67.0221,,,,-65.423,,,,-65.5112,,,,-63.681,,,,-62.421,,,,-62.925,,,,-64.0652,,,,-64.312
,,,,-65.412,,,,-63.7693,,,,-64.186,,,,-63.2103,,,,-62.651,,,,-62.2894,,,,-63.649,,,,-64.5911,,,,-67.0549,,,,-65.467,,,,-65.5769,,,,-63.747,,,,-62.4539,,,,-62.936,,,,-64.0652,,,,-64.328
,,,,-65.494,,,,-63.9008,,,,-64.24,,,,-63.2432,,,,-62.662,,,,-62.2894,,,,-63.67,,,,-64.6239,,,,-67.0877,,,,-65.522,,,,-65.5769,,,,-63.758,,,,-62.4539,,,,-62.947,,,,-64.098,,,,-64.361
,,,,-65.461,,,,-63.835,,,,-64.207,,,,-63.2103,,,,-62.673,,,,-62.3223,,,,-63.692,,,,-64.6567,,,,-67.0877,,,,-65.5,,,,-65.5769,,,,-63.758,,,,-62.4868,,,,-62.969,,,,-64.098,,,,-64.377
,,,,-65.461,,,,-63.835,,,,-64.229,,,,-63.2761,,,,-62.706,,,,-62.3551,,,,-63.714,,,,-64.6567,,,,-67.0877,,,,-65.5,,,,-65.5769,,,,-63.78,,,,-62.4868,,,,-62.991,,,,-64.1309,,,,-64.394
,,,,-65.511,,,,-63.9008,,,,-64.262,,,,-63.2761,,,,-62.706,,,,-62.3551,,,,-63.714,,,,-64.6567,,,,-67.1205,,,,-65.544,,,,-65.6098,,,,-63.791,,,,-62.4868,,,,-62.991,,,,-64.1309,,,,-64.394
,,,,-65.527,,,,-63.9337,,,,-64.295,,,,-63.309,,,,-62.739,,,,-62.3881,,,,-63.758,,,,-64.7225,,,,-67.1205,,,,-65.566,,,,-65.6425,,,,-63.824,,,,-62.5196,,,,-63.024,,,,-64.1637,,,,-64.443
,,,,-65.544,,,,-63.9008,,,,-64.306,,,,-63.3747,,,,-62.783,,,,-62.421,,,,-63.769,,,,-64.7225,,,,-67.1863,,,,-65.577,,,,-65.6425,,,,-63.857,,,,-62.5526,,,,-63.046,,,,-64.1637,,,,-64.443
,,,,-65.511,,,,-63.835,,,,-64.295,,,,-63.4076,,,,-62.794,,,,-62.421,,,,-63.78,,,,-64.7225,,,,-67.1863,,,,-65.555,,,,-65.6425,,,,-63.868,,,,-62.5526,,,,-63.057,,,,-64.1967,,,,-64.46
,,,,-65.626,,,,-64.0323,,,,-64.372,,,,-63.4076,,,,-62.838,,,,-62.4868,,,,-63.846,,,,-64.821,,,,-67.2191,,,,-65.642,,,,-65.6754,,,,-63.9,,,,-62.6183,,,,-63.112,,,,-64.2295,,,,-64.525
,,,,-65.642,,,,-64.0323,,,,-64.394,,,,-63.4405,,,,-62.881,,,,-62.5526,,,,-63.879,,,,-64.821,,,,-67.2519,,,,-65.664,,,,-65.7083,,,,-63.933,,,,-62.6512,,,,-63.155,,,,-64.2624,,,,-64.542
,,,,-65.691,,,,-64.098,,,,-64.459,,,,-63.5062,,,,-62.925,,,,-62.5526,,,,-63.912,,,,-64.8869,,,,-67.2847,,,,-65.719,,,,-65.774,,,,-63.999,,,,-62.717,,,,-63.188,,,,-64.2953,,,,-64.591
,,,,-65.741,,,,-64.1637,,,,-64.514,,,,-63.5391,,,,-62.958,,,,-62.6183,,,,-63.955,,,,-64.9197,,,,-67.3176,,,,-65.774,,,,-65.8397,,,,-64.032,,,,-62.717,,,,-63.221,,,,-64.328,,,,-64.624
,,,,-65.708,,,,-64.0652,,,,-64.503,,,,-63.6049,,,,-63.002,,,,-62.6183,,,,-63.966,,,,-64.9197,,,,-67.3504,,,,-65.752,,,,-65.8397,,,,-64.076,,,,-62.7828,,,,-63.254,,,,-64.361,,,,-64.64
,,,,-65.757,,,,-64.1309,,,,-64.536,,,,-63.6049,,,,-63.024,,,,-62.684,,,,-64.01,,,,-64.9854,,,,-67.3832,,,,-65.796,,,,-65.8726,,,,-64.087,,,,-62.7828,,,,-63.276,,,,-64.361,,,,-64.673
,,,,-65.773,,,,-64.1637,,,,-64.536,,,,-63.572,,,,-63.024,,,,-62.684,,,,-64.01,,,,-64.9854,,,,-67.3832,,,,-65.807,,,,-65.8726,,,,-64.087,,,,-62.8157,,,,-63.287,,,,-64.361,,,,-64.673
,,,,-65.79,,,,-64.1967,,,,-64.569,,,,-63.6049,,,,-63.046,,,,-62.684,,,,-64.043,,,,-65.0183,,,,-67.3832,,,,-65.828,,,,-65.9054,,,,-64.12,,,,-62.8485,,,,-63.32,,,,-64.4267,,,,-64.722
,,,,-65.806,,,,-64.2295,,,,-64.602,,,,-63.6706,,,,-63.079,,,,-62.717,,,,-64.065,,,,-65.0511,,,,-67.3832,,,,-65.839,,,,-65.9054,,,,-64.141,,,,-62.8485,,,,-63.331,,,,-64.4267,,,,-64.739
,,,,-65.806,,,,-64.1967,,,,-64.613,,,,-63.7035,,,,-63.09,,,,-62.717,,,,-64.065,,,,-65.0183,,,,-67.4161,,,,-65.85,,,,-65.9383,,,,-64.163,,,,-62.8485,,,,-63.342,,,,-64.4596,,,,-64.739
,,,,-65.872,,,,-64.328,,,,-64.657,,,,-63.7035,,,,-63.112,,,,-62.7499,,,,-64.087,,,,-65.0511,,,,-67.4161,,,,-65.894,,,,-65.9383,,,,-64.174,,,,-62.8815,,,,-63.364,,,,-64.4596,,,,-64.755
,,,,-65.987,,,,-64.4267,,,,-64.755,,,,-63.8022,,,,-63.232,,,,-62.8815,,,,-64.186,,,,-65.1497,,,,-67.5474,,,,-66.004,,,,-66.0368,,,,-64.284,,,,-63.0129,,,,-63.473,,,,-64.5253,,,,-64.838
,,,,-65.921,,,,-64.328,,,,-64.722,,,,-63.8022,,,,-63.232,,,,-62.8815,,,,-64.196,,,,-65.1826,,,,-67.5146,,,,-65.96,,,,-66.0368,,,,-64.284,,,,-63.0129,,,,-63.473,,,,-64.5253,,,,-64.854
,,,,-65.987,,,,-64.4267,,,,-64.755,,,,-63.7693,,,,-63.243,,,,-62.9144,,,,-64.24,,,,-65.2155,,,,-67.5474,,,,-66.015,,,,-66.0696,,,,-64.295,,,,-63.0459,,,,-63.517,,,,-64.5911,,,,-64.903
,,,,-66.02,,,,-64.4924,,,,-64.81,,,,-63.8679,,,,-63.287,,,,-62.9473,,,,-64.251,,,,-65.2155,,,,-67.5474,,,,-66.036,,,,-66.0696,,,,-64.328,,,,-63.0459,,,,-63.528,,,,-64.5911,,,,-64.903
,,,,-66.069,,,,-64.5582,,,,-64.821,,,,-63.8022,,,,-63.276,,,,-62.9473,,,,-64.273,,,,-65.2484,,,,-67.5802,,,,-66.08,,,,-66.1025,,,,-64.328,,,,-63.0788,,,,-63.55,,,,-64.6239,,,,-64.936
,,,,-66.036,,,,-64.4924,,,,-64.832,,,,-63.9008,,,,-63.32,,,,-62.9801,,,,-64.295,,,,-65.2812,,,,-67.5802,,,,-66.058,,,,-66.1025,,,,-64.361,,,,-63.0788,,,,-63.561,,,,-64.6239,,,,-64.953
,,,,-66.069,,,,-64.4924,,,,-64.81,,,,-63.835,,,,-63.309,,,,-62.9801,,,,-64.284,,,,-65.2484,,,,-67.6459,,,,-66.08,,,,-66.1025,,,,-64.35,,,,-63.1117,,,,-63.572,,,,-64.6239,,,,-64.936
,,,,-66.069,,,,-64.4924,,,,-64.832,,,,-63.8679,,,,-63.342,,,,-63.0129,,,,-64.328,,,,-65.3139,,,,-67.6459,,,,-66.091,,,,-66.1353,,,,-64.383,,,,-63.1445,,,,-63.605,,,,-64.6567,,,,-64.985
,,,,-66.102,,,,-64.5582,,,,-64.887,,,,-63.9337,,,,-63.364,,,,-63.0129,,,,-64.328,,,,-65.3139,,,,-67.6459,,,,-66.124,,,,-66.1682,,,,-64.415,,,,-63.1445,,,,-63.605,,,,-64.6567,,,,-64.985
,,,,-66.102,,,,-64.5582,,,,-64.887,,,,-63.9337,,,,-63.397,,,,-63.0788,,,,-64.361,,,,-65.3468,,,,-67.6459,,,,-66.124,,,,-66.1682,,,,-64.426,,,,-63.1774,,,,-63.638,,,,-64.6567,,,,-65.002
,,,,-66.102,,,,-64.5253,,,,-64.887,,,,-63.9666,,,,-63.397,,,,-63.0788,,,,-64.383,,,,-65.3468,,,,-67.6787,,,,-66.124,,,,-66.1682,,,,-64.426,,,,-63.1445,,,,-63.649,,,,-64.7225,,,,-65.035
,,,,-66.151,,,,-64.6239,,,,-64.952,,,,-64.0323,,,,-63.451,,,,-63.1117,,,,-64.394,,,,-65.3468,,,,-67.6787,,,,-66.168,,,,-66.201,,,,-64.481,,,,-63.2103,,,,-63.681,,,,-64.7225,,,,-65.035
,,,,-66.184,,,,-64.6896,,,,-64.952,,,,-63.9666,,,,-63.419,,,,-63.0788,,,,-64.394,,,,-65.3797,,,,-67.6787,,,,-66.19,,,,-66.201,,,,-64.459,,,,-63.2103,,,,-63.671,,,,-64.7225,,,,-65.051
,,,,-66.168,,,,-64.6239,,,,-64.931,,,,-63.9666,,,,-63.441,,,,-63.1117,,,,-64.416,,,,-65.4126,,,,-67.7115,,,,-66.179,,,,-66.201,,,,-64.47,,,,-63.2432,,,,-63.692,,,,-64.7225,,,,-65.068
,,,,-66.184,,,,-64.6567,,,,-64.974,,,,-64.0323,,,,-63.473,,,,-63.1445,,,,-64.448,,,,-65.4126,,,,-67.7115,,,,-66.201,,,,-66.2339,,,,-64.503,,,,-63.2432,,,,-63.725,,,,-64.7882,,,,-65.1
,,,,-66.184,,,,-64.6239,,,,-64.952,,,,-63.9993,,,,-63.473,,,,-63.1445,,,,-64.459,,,,-65.4455,,,,-67.7444,,,,-66.201,,,,-66.2339,,,,-64.503,,,,-63.2761,,,,-63.736,,,,-64.7882,,,,-65.117
,,,,-66.201,,,,-64.6567,,,,-64.974,,,,-64.0323,,,,-63.506,,,,-63.1774,,,,-64.47,,,,-65.4455,,,,-67.7444,,,,-66.212,,,,-66.2339,,,,-64.525,,,,-63.309,,,,-63.758,,,,-64.7882,,,,-65.117
,,,,-66.266,,,,-64.7554,,,,-65.04,,,,-64.098,,,,-63.528,,,,-63.2103,,,,-64.492,,,,-65.4782,,,,-67.7771,,,,-66.266,,,,-66.2668,,,,-64.547,,,,-63.2761,,,,-63.758,,,,-64.7882,,,,-65.133
,,,,-66.233,,,,-64.7225,,,,-65.018,,,,-64.0323,,,,-63.506,,,,-63.1774,,,,-64.503,,,,-65.5112,,,,-67.7444,,,,-66.255,,,,-66.2994,,,,-64.547,,,,-63.309,,,,-63.769,,,,-64.821,,,,-65.166
,,,,-66.25,,,,-64.7225,,,,-65.051,,,,-64.1637,,,,-63.572,,,,-63.2103,,,,-64.514,,,,-65.5112,,,,-67.7771,,,,-66.255,,,,-66.2668,,,,-64.591,,,,-63.3418,,,,-63.791,,,,-64.821,,,,-65.166
,,,,-66.217,,,,-64.6567,,,,-65.018,,,,-64.098,,,,-63.55,,,,-63.2103,,,,-64.514,,,,-65.5112,,,,-67.7771,,,,-66.244,,,,-66.2994,,,,-64.58,,,,-63.3418,,,,-63.791,,,,-64.821,,,,-65.166
,,,,-66.316,,,,-64.821,,,,-65.084,,,,-64.098,,,,-63.561,,,,-63.2432,,,,-64.547,,,,-65.544,,,,-67.81,,,,-66.321,,,,-66.3324,,,,-64.591,,,,-63.3418,,,,-63.813,,,,-64.854,,,,-65.199
,,,,-66.316,,,,-64.821,,,,-65.106,,,,-64.1637,,,,-63.605,,,,-63.2761,,,,-64.558,,,,-65.544,,,,-67.81,,,,-66.321,,,,-66.3324,,,,-64.624,,,,-63.3747,,,,-63.835,,,,-64.854,,,,-65.199
,,,,-66.332,,,,-64.821,,,,-65.128,,,,-64.1967,,,,-63.649,,,,-63.3418,,,,-64.613,,,,-65.6098,,,,-67.8428,,,,-66.343,,,,-66.3652,,,,-64.657,,,,-63.4076,,,,-63.879,,,,-64.8869,,,,-65.248
,,,,-66.348,,,,-64.821,,,,-65.15,,,,-64.2295,,,,-63.682,,,,-63.3418,,,,-64.613,,,,-65.6098,,,,-67.8757,,,,-66.365,,,,-66.3981,,,,-64.7,,,,-63.4734,,,,-63.901,,,,-64.8869,,,,-65.248
,,,,-66.381,,,,-64.8869,,,,-65.171,,,,-64.1967,,,,-63.682,,,,-63.3747,,,,-64.646,,,,-65.6425,,,,-67.8757,,,,-66.398,,,,-66.4309,,,,-64.7,,,,-63.4734,,,,-63.923,,,,-64.9197,,,,-65.281
,,,,-66.496,,,,-65.084,,,,-65.325,,,,-64.4267,,,,-63.824,,,,-63.4734,,,,-64.722,,,,-65.7083,,,,-67.9085,,,,-66.485,,,,-66.4637,,,,-64.821,,,,-63.572,,,,-64.01,,,,-64.9854,,,,-65.347
,,,,-66.496,,,,-65.0511,,,,-65.303,,,,-64.361,,,,-63.802,,,,-63.4734,,,,-64.755,,,,-65.7411,,,,-67.9413,,,,-66.496,,,,-66.4967,,,,-64.81,,,,-63.572,,,,-64.032,,,,-65.0511,,,,-65.396
,,,,-66.496,,,,-65.0183,,,,-65.303,,,,-64.3938,,,,-63.835,,,,-63.5062,,,,-64.755,,,,-65.7411,,,,-67.9742,,,,-66.496,,,,-66.4967,,,,-64.832,,,,-63.6049,,,,-64.043,,,,-65.0183,,,,-65.38
,,,,-66.496,,,,-65.0183,,,,-65.303,,,,-64.3938,,,,-63.846,,,,-63.5391,,,,-64.788,,,,-65.774,,,,-67.9742,,,,-66.496,,,,-66.4967,,,,-64.832,,,,-63.6049,,,,-64.065,,,,-65.0511,,,,-65.413
,,,,-66.513,,,,-65.0511,,,,-65.303,,,,-64.361,,,,-63.846,,,,-63.5391,,,,-64.788,,,,-65.774,,,,-67.9742,,,,-66.507,,,,-66.4967,,,,-64.832,,,,-63.6378,,,,-64.076,,,,-65.0511,,,,-65.413
,,,,-66.562,,,,-65.1169,,,,-65.347,,,,-64.3938,,,,-63.857,,,,-63.5391,,,,-64.788,,,,-65.774,,,,-68.0069,,,,-66.551,,,,-66.5295,,,,-64.854,,,,-63.6378,,,,-64.076,,,,-65.0511,,,,-65.413
,,,,-66.578,,,,-65.1497,,,,-65.369,,,,-64.4267,,,,-63.879,,,,-63.572,,,,-64.81,,,,-65.8068,,,,-68.0069,,,,-66.562,,,,-66.5295,,,,-64.865,,,,-63.6378,,,,-64.087,,,,-65.0511,,,,-65.429
,,,,-66.611,,,,-65.1826,,,,-65.412,,,,-64.4924,,,,-63.934,,,,-63.6049,,,,-64.843,,,,-65.8397,,,,-68.0398,,,,-66.595,,,,-66.5623,,,,-64.919,,,,-63.7035,,,,-64.131,,,,-65.084,,,,-65.462
,,,,-66.545,,,,-65.0511,,,,-65.38,,,,-64.4924,,,,-63.945,,,,-63.6378,,,,-64.854,,,,-65.8397,,,,-68.0398,,,,-66.562,,,,-66.5952,,,,-64.93,,,,-63.7035,,,,-64.142,,,,-65.084,,,,-65.462
,,,,-66.578,,,,-65.1169,,,,-65.423,,,,-64.5582,,,,-63.956,,,,-63.6049,,,,-64.865,,,,-65.8726,,,,-68.0398,,,,-66.584,,,,-66.5952,,,,-64.952,,,,-63.7035,,,,-64.142,,,,-65.1169,,,,-65.495
,,,,-66.611,,,,-65.1826,,,,-65.456,,,,-64.5911,,,,-63.988,,,,-63.6378,,,,-64.887,,,,-65.9054,,,,-68.0398,,,,-66.606,,,,-66.5952,,,,-64.974,,,,-63.7364,,,,-64.164,,,,-65.1169,,,,-65.511
,,,,-66.628,,,,-65.1826,,,,-65.434,,,,-64.4924,,,,-63.966,,,,-63.6706,,,,-64.909,,,,-65.9054,,,,-68.0726,,,,-66.628,,,,-66.6279,,,,-64.952,,,,-63.7364,,,,-64.186,,,,-65.1497,,,,-65.528
,,,,-66.628,,,,-65.1826,,,,-65.445,,,,-64.5253,,,,-63.977,,,,-63.6706,,,,-64.909,,,,-65.9054,,,,-68.0726,,,,-66.628,,,,-66.6279,,,,-64.963,,,,-63.7364,,,,-64.186,,,,-65.1497,,,,-65.528
,,,,-66.742,,,,-65.3468,,,,-65.544,,,,-64.5911,,,,-64.076,,,,-63.7693,,,,-64.996,,,,-66.0039,,,,-68.1382,,,,-66.726,,,,-66.6937,,,,-65.051,,,,-63.8679,,,,-64.284,,,,-65.2155,,,,-65.61
,,,,-66.71,,,,-65.2484,,,,-65.522,,,,-64.6239,,,,-64.098,,,,-63.8022,,,,-65.007,,,,-66.0039,,,,-68.1711,,,,-66.704,,,,-66.6937,,,,-65.062,,,,-63.8679,,,,-64.295,,,,-65.2155,,,,-65.61
,,,,-66.775,,,,-65.3797,,,,-65.588,,,,-64.6567,,,,-64.109,,,,-63.8022,,,,-65.018,,,,-66.0368,,,,-68.1711,,,,-66.759,,,,-66.7265,,,,-65.084,,,,-63.8679,,,,-64.295,,,,-65.2155,,,,-65.626
,,,,-66.808,,,,-65.4455,,,,-65.599,,,,-64.6239,,,,-64.12,,,,-63.835,,,,-65.04,,,,-66.0368,,,,-68.1711,,,,-66.781,,,,-66.7265,,,,-65.084,,,,-63.9008,,,,-64.328,,,,-65.2484,,,,-65.643
,,,,-66.775,,,,-65.3797,,,,-65.62,,,,-64.7225,,,,-64.153,,,,-63.835,,,,-65.04,,,,-66.0368,,,,-68.1711,,,,-66.77,,,,-66.7593,,,,-65.128,,,,-63.9008,,,,-64.328,,,,-65.2484,,,,-65.643
,,,,-66.808,,,,-65.4126,,,,-65.61,,,,-64.6567,,,,-64.142,,,,-63.835,,,,-65.051,,,,-66.0696,,,,-68.2039,,,,-66.792,,,,-66.7593,,,,-65.117,,,,-63.9337,,,,-64.339,,,,-65.2484,,,,-65.659
,,,,-66.825,,,,-65.4455,,,,-65.621,,,,-64.6896,,,,-64.164,,,,-63.8679,,,,-65.084,,,,-66.1025,,,,-68.2039,,,,-66.792,,,,-66.7265,,,,-65.117,,,,-63.9337,,,,-64.361,,,,-65.2812,,,,-65.692
,,,,-66.825,,,,-65.4455,,,,-65.642,,,,-64.7225,,,,-64.186,,,,-63.8679,,,,-65.084,,,,-66.1025,,,,-68.2039,,,,-66.803,,,,-66.7593,,,,-65.149,,,,-63.9666,,,,-64.372,,,,-65.2812,,,,-65.692
,,,,-66.808,,,,-65.3797,,,,-65.61,,,,-64.6896,,,,-64.186,,,,-63.9008,,,,-65.095,,,,-66.1025,,,,-68.2368,,,,-66.792,,,,-66.7593,,,,-65.139,,,,-63.9666,,,,-64.383,,,,-65.2812,,,,-65.692
,,,,-66.858,,,,-65.4782,,,,-65.686,,,,-64.821,,,,-64.24,,,,-63.9008,,,,-65.117,,,,-66.1353,,,,-68.2368,,,,-66.825,,,,-66.7593,,,,-65.193,,,,-63.9993,,,,-64.405,,,,-65.3139,,,,-65.725
,,,,-66.874,,,,-65.4782,,,,-65.653,,,,-64.7225,,,,-64.208,,,,-63.9008,,,,-65.117,,,,-66.1353,,,,-68.2695,,,,-66.836,,,,-66.7593,,,,-65.16,,,,-63.9993,,,,-64.405,,,,-65.3139,,,,-65.725
,,,,-66.857,,,,-65.4455,,,,-65.697,,,,-64.821,,,,-64.251,,,,-63.9337,,,,-65.139,,,,-66.1682,,,,-68.2695,,,,-66.847,,,,-66.825,,,,-65.215,,,,-63.9993,,,,-64.416,,,,-65.3139,,,,-65.741
,,,,-66.874,,,,-65.5112,,,,-65.697,,,,-64.7882,,,,-64.262,,,,-63.9666,,,,-65.161,,,,-66.1682,,,,-68.2368,,,,-66.847,,,,-66.7921,,,,-65.204,,,,-64.0323,,,,-64.449,,,,-65.3468,,,,-65.758
,,,,-66.89,,,,-65.5112,,,,-65.719,,,,-64.821,,,,-64.284,,,,-63.9993,,,,-65.16,,,,-66.1682,,,,-68.2695,,,,-66.869,,,,-66.825,,,,-65.226,,,,-64.0323,,,,-64.449,,,,-65.3139,,,,-65.741
,,,,-66.857,,,,-65.4455,,,,-65.675,,,,-64.7554,,,,-64.273,,,,-63.9993,,,,-65.182,,,,-66.201,,,,-68.2695,,,,-66.847,,,,-66.825,,,,-65.215,,,,-64.0652,,,,-64.47,,,,-65.3468,,,,-65.774
,,,,-66.907,,,,-65.5112,,,,-65.73,,,,-64.821,,,,-64.306,,,,-64.0323,,,,-65.204,,,,-66.201,,,,-68.3023,,,,-66.89,,,,-66.8579,,,,-65.248,,,,-64.0652,,,,-64.492,,,,-65.3797,,,,-65.79
,,,,-66.94,,,,-65.5769,,,,-65.774,,,,-64.9197,,,,-64.35,,,,-64.0323,,,,-65.215,,,,-66.2339,,,,-68.3023,,,,-66.901,,,,-66.825,,,,-65.281,,,,-64.098,,,,-64.503,,,,-65.3797,,,,-65.807
,,,,-66.923,,,,-65.5112,,,,-65.763,,,,-64.9197,,,,-64.361,,,,-64.0652,,,,-65.248,,,,-66.2668,,,,-68.3351,,,,-66.901,,,,-66.8579,,,,-65.292,,,,-64.098,,,,-64.525,,,,-65.4126,,,,-65.84
,,,,-66.94,,,,-65.544,,,,-65.807,,,,-64.9526,,,,-64.372,,,,-64.0652,,,,-65.248,,,,-66.2668,,,,-68.3351,,,,-66.934,,,,-66.9236,,,,-65.325,,,,-64.098,,,,-64.525,,,,-65.4126,,,,-65.84
,,,,-66.956,,,,-65.5769,,,,-65.763,,,,-64.821,,,,-64.372,,,,-64.098,,,,-65.27,,,,-66.2668,,,,-68.3351,,,,-66.934,,,,-66.8907,,,,-65.303,,,,-64.1967,,,,-64.58,,,,-65.4455,,,,-65.856
,,,,-67.038,,,,-65.7083,,,,-65.861,,,,-64.9526,,,,-64.427,,,,-64.1309,,,,-65.303,,,,-66.2994,,,,-68.368,,,,-67.0,,,,-66.9236,,,,-65.358,,,,-64.1967,,,,-64.602,,,,-65.4782,,,,-65.889
,,,,-67.005,,,,-65.6425,,,,-65.85,,,,-64.9854,,,,-64.438,,,,-64.1309,,,,-65.303,,,,-66.2994,,,,-68.368,,,,-66.978,,,,-66.9236,,,,-65.369,,,,-64.1967,,,,-64.602,,,,-65.4782,,,,-65.889
,,,,-67.087,,,,-65.7411,,,,-65.927,,,,-65.0511,,,,-64.514,,,,-64.2295,,,,-65.38,,,,-66.3652,,,,-68.4335,,,,-67.055,,,,-66.9892,,,,-65.434,,,,-64.2624,,,,-64.679,,,,-65.544,,,,-65.955
,,,,-67.104,,,,-65.7411,,,,-65.96,,,,-65.1169,,,,-64.558,,,,-64.2624,,,,-65.402,,,,-66.3981,,,,-68.4664,,,,-67.077,,,,-67.0221,,,,-65.478,,,,-64.2953,,,,-64.701,,,,-65.544,,,,-65.971
,,,,-67.104,,,,-65.774,,,,-65.982,,,,-65.1497,,,,-64.591,,,,-64.2953,,,,-65.412,,,,-66.3981,,,,-68.4335,,,,-67.077,,,,-67.0221,,,,-65.5,,,,-64.328,,,,-64.722,,,,-65.544,,,,-65.971
,,,,-67.17,,,,-65.8726,,,,-66.015,,,,-65.1497,,,,-64.602,,,,-64.2953,,,,-65.434,,,,-66.4309,,,,-68.4664,,,,-67.12,,,,-67.0221,,,,-65.511,,,,-64.361,,,,-64.744,,,,-65.5769,,,,-66.004
,,,,-67.17,,,,-65.8726,,,,-66.026,,,,-65.1497,,,,-64.602,,,,-64.2953,,,,-65.456,,,,-66.4637,,,,-68.4664,,,,-67.131,,,,-67.0549,,,,-65.522,,,,-64.361,,,,-64.755,,,,-65.6098,,,,-66.037
,,,,-67.186,,,,-65.8726,,,,-66.015,,,,-65.1169,,,,-64.613,,,,-64.361,,,,-65.478,,,,-66.4637,,,,-68.4992,,,,-67.142,,,,-67.0549,,,,-65.511,,,,-64.361,,,,-64.777,,,,-65.6098,,,,-66.037
,,,,-67.169,,,,-65.8397,,,,-66.037,,,,-65.1826,,,,-64.646,,,,-64.361,,,,-65.478,,,,-66.4637,,,,-68.4992,,,,-67.142,,,,-67.0877,,,,-65.555,,,,-64.3938,,,,-64.788,,,,-65.6098,,,,-66.037
,,,,-67.235,,,,-65.9054,,,,-66.069,,,,-65.1497,,,,-64.624,,,,-64.328,,,,-65.489,,,,-66.4967,,,,-68.5649,,,,-67.208,,,,-67.1534,,,,-65.566,,,,-64.3938,,,,-64.788,,,,-65.6425,,,,-66.07
,,,,-67.235,,,,-65.8397,,,,-66.091,,,,-65.2484,,,,-64.679,,,,-64.3938,,,,-65.544,,,,-66.5295,,,,-68.6306,,,,-67.219,,,,-67.1863,,,,-65.61,,,,-64.3938,,,,-64.832,,,,-65.7083,,,,-66.119
,,,,-67.317,,,,-65.9383,,,,-66.157,,,,-65.2484,,,,-64.69,,,,-64.3938,,,,-65.566,,,,-66.5295,,,,-68.6961,,,,-67.306,,,,-67.2847,,,,-65.653,,,,-64.4267,,,,-64.865,,,,-65.774,,,,-66.152
,,,,-67.383,,,,-65.9383,,,,-66.19,,,,-65.2812,,,,-64.722,,,,-64.4267,,,,-65.61,,,,-66.5623,,,,-68.8274,,,,-67.372,,,,-67.3504,,,,-65.697,,,,-64.4596,,,,-64.909,,,,-65.8397,,,,-66.201
,,,,-67.399,,,,-65.9383,,,,-66.212,,,,-65.2484,,,,-64.733,,,,-64.4596,,,,-65.642,,,,-66.5623,,,,-68.8603,,,,-67.416,,,,-67.4488,,,,-65.73,,,,-64.4924,,,,-64.952,,,,-65.9054,,,,-66.234
,,,,-67.514,,,,-66.0368,,,,-66.288,,,,-65.3139,,,,-64.788,,,,-64.4924,,,,-65.697,,,,-66.6279,,,,-68.9915,,,,-67.514,,,,-67.5146,,,,-65.796,,,,-64.5582,,,,-65.007,,,,-65.971,,,,-66.299
,,,,-67.563,,,,-66.0696,,,,-66.31,,,,-65.3139,,,,-64.799,,,,-64.4924,,,,-65.741,,,,-66.6937,,,,-69.0571,,,,-67.558,,,,-67.5474,,,,-65.817,,,,-64.5911,,,,-65.04,,,,-66.0368,,,,-66.365
,,,,-67.563,,,,-66.0039,,,,-66.343,,,,-65.4455,,,,-64.865,,,,-64.5253,,,,-65.774,,,,-66.7265,,,,-69.1227,,,,-67.569,,,,-67.5802,,,,-65.883,,,,-64.6239,,,,-65.073,,,,-66.0696,,,,-66.398
,,,,-67.629,,,,-66.1025,,,,-66.387,,,,-65.4126,,,,-64.887,,,,-64.5911,,,,-65.818,,,,-66.7593,,,,-69.1555,,,,-67.635,,,,-67.6459,,,,-65.905,,,,-64.6567,,,,-65.117,,,,-66.1025,,,,-66.431
,,,,-67.695,,,,-66.1353,,,,-66.42,,,,-65.4782,,,,-64.909,,,,-64.5911,,,,-65.84,,,,-66.7921,,,,-69.2539,,,,-67.678,,,,-67.6459,,,,-65.927,,,,-64.6567,,,,-65.128,,,,-66.1353,,,,-66.464
,,,,-67.711,,,,-66.1025,,,,-66.464,,,,-65.5769,,,,-64.985,,,,-64.6567,,,,-65.883,,,,-66.7921,,,,-69.3196,,,,-67.711,,,,-67.7115,,,,-66.004,,,,-64.7225,,,,-65.193,,,,-66.201,,,,-66.497
,,,,-67.793,,,,-66.1682,,,,-66.486,,,,-65.544,,,,-64.974,,,,-64.6567,,,,-65.916,,,,-66.8579,,,,-69.4179,,,,-67.777,,,,-67.7444,,,,-66.004,,,,-64.7225,,,,-65.204,,,,-66.2339,,,,-66.546
,,,,-67.842,,,,-66.201,,,,-66.573,,,,-65.6425,,,,-65.029,,,,-64.6896,,,,-65.938,,,,-66.8579,,,,-69.4836,,,,-67.853,,,,-67.8757,,,,-66.091,,,,-64.7554,,,,-65.237,,,,-66.2668,,,,-66.562
,,,,-67.941,,,,-66.2994,,,,-66.628,,,,-65.6425,,,,-65.073,,,,-64.7554,,,,-66.004,,,,-66.9236,,,,-69.5819,,,,-67.941,,,,-67.9413,,,,-66.135,,,,-64.821,,,,-65.303,,,,-66.3324,,,,-66.628
,,,,-68.285,,,,-66.5295,,,,-66.912,,,,-65.971,,,,-65.303,,,,-64.9526,,,,-66.245,,,,-67.1534,,,,-70.0412,,,,-68.269,,,,-68.2368,,,,-66.398,,,,-64.9854,,,,-65.522,,,,-66.6279,,,,-66.891
,,,,-68.351,,,,-66.5952,,,,-66.956,,,,-66.0039,,,,-65.336,,,,-64.9526,,,,-66.267,,,,-67.1863,,,,-70.1068,,,,-68.324,,,,-68.2695,,,,-66.442,,,,-65.0511,,,,-65.555,,,,-66.6609,,,,-66.924
,,,,-68.318,,,,-66.4637,,,,-66.989,,,,-66.1682,,,,-65.424,,,,-65.0183,,,,-66.31,,,,-67.2191,,,,-70.1724,,,,-68.324,,,,-68.3351,,,,-66.529,,,,-65.084,,,,-65.599,,,,-66.6937,,,,-66.956
,,,,-68.4,,,,-66.5623,,,,-66.989,,,,-66.0368,,,,-65.402,,,,-65.0511,,,,-66.354,,,,-67.2519,,,,-70.2379,,,,-68.389,,,,-68.368,,,,-66.507,,,,-65.1169,,,,-65.642,,,,-66.7593,,,,-67.006
,,,,-68.482,,,,-66.6609,,,,-67.066,,,,-66.1025,,,,-65.445,,,,-65.084,,,,-66.398,,,,-67.3176,,,,-70.3036,,,,-68.466,,,,-68.4335,,,,-66.562,,,,-65.1497,,,,-65.675,,,,-66.7921,,,,-67.055
,,,,-68.499,,,,-66.6609,,,,-67.098,,,,-66.1353,,,,-65.478,,,,-65.1169,,,,-66.42,,,,-67.3176,,,,-70.3364,,,,-68.499,,,,-68.4992,,,,-66.606,,,,-65.1826,,,,-65.708,,,,-66.825,,,,-67.071
,,,,-68.86,,,,-66.9564,,,,-67.405,,,,-66.4309,,,,-65.73,,,,-65.3468,,,,-66.693,,,,-67.613,,,,-70.7626,,,,-68.849,,,,-68.8274,,,,-66.89,,,,-65.4126,,,,-65.96,,,,-67.1205,,,,-67.367
,,,,-68.892,,,,-66.9892,,,,-67.427,,,,-66.4637,,,,-65.763,,,,-65.3797,,,,-66.737,,,,-67.6459,,,,-70.7954,,,,-68.871,,,,-68.8274,,,,-66.912,,,,-65.4455,,,,-66.004,,,,-67.1863,,,,-67.416
,,,,-68.909,,,,-66.9892,,,,-67.449,,,,-66.4637,,,,-65.774,,,,-65.4126,,,,-66.759,,,,-67.6459,,,,-70.8282,,,,-68.903,,,,-68.893,,,,-66.934,,,,-65.4455,,,,-66.026,,,,-67.2191,,,,-67.432
,,,,-68.925,,,,-66.9892,,,,-67.471,,,,-66.4967,,,,-65.818,,,,-65.4455,,,,-66.803,,,,-67.7115,,,,-70.861,,,,-68.925,,,,-68.9258,,,,-66.978,,,,-65.5112,,,,-66.07,,,,-67.2519,,,,-67.482
,,,,-68.958,,,,-66.9892,,,,-67.482,,,,-66.4967,,,,-65.84,,,,-65.4782,,,,-66.836,,,,-67.7444,,,,-70.9266,,,,-68.958,,,,-68.9587,,,,-67.0,,,,-65.544,,,,-66.102,,,,-67.2847,,,,-67.515
,,,,-69.04,,,,-67.1205,,,,-67.558,,,,-66.5952,,,,-65.894,,,,-65.5112,,,,-66.869,,,,-67.81,,,,-70.9594,,,,-69.013,,,,-68.9587,,,,-67.044,,,,-65.5769,,,,-66.124,,,,-67.2847,,,,-67.547
,,,,-69.04,,,,-67.0877,,,,-67.569,,,,-66.5952,,,,-65.927,,,,-65.5769,,,,-66.923,,,,-67.8428,,,,-70.9922,,,,-69.035,,,,-69.0242,,,,-67.076,,,,-65.6098,,,,-66.179,,,,-67.3504,,,,-67.597
,,,,-69.138,,,,-67.1863,,,,-67.646,,,,-66.6609,,,,-65.993,,,,-65.6425,,,,-67.0,,,,-67.9413,,,,-71.0905,,,,-69.122,,,,-69.0898,,,,-67.142,,,,-65.6754,,,,-66.245,,,,-67.4161,,,,-67.679
,,,,-69.106,,,,-67.1205,,,,-67.646,,,,-66.7265,,,,-66.015,,,,-65.6425,,,,-67.011,,,,-67.9413,,,,-71.0905,,,,-69.1,,,,-69.0898,,,,-67.164,,,,-65.6754,,,,-66.256,,,,-67.4488,,,,-67.695
,,,,-69.171,,,,-67.2191,,,,-67.689,,,,-66.7265,,,,-66.037,,,,-65.6754,,,,-67.033,,,,-67.9742,,,,-71.1233,,,,-69.155,,,,-69.1227,,,,-67.186,,,,-65.7083,,,,-66.278,,,,-67.4488,,,,-67.712
,,,,-69.22,,,,-67.2847,,,,-67.722,,,,-66.7265,,,,-66.048,,,,-65.6754,,,,-67.055,,,,-68.0069,,,,-71.1561,,,,-69.199,,,,-69.1555,,,,-67.208,,,,-65.7411,,,,-66.299,,,,-67.4817,,,,-67.744
,,,,-69.27,,,,-67.3504,,,,-67.777,,,,-66.825,,,,-66.102,,,,-65.7411,,,,-67.088,,,,-68.0069,,,,-71.1888,,,,-69.232,,,,-69.1555,,,,-67.241,,,,-65.7411,,,,-66.332,,,,-67.5146,,,,-67.761
,,,,-69.237,,,,-67.2847,,,,-67.766,,,,-66.825,,,,-66.124,,,,-65.774,,,,-67.109,,,,-68.0398,,,,-71.1888,,,,-69.221,,,,-69.1883,,,,-67.262,,,,-65.774,,,,-66.354,,,,-67.5146,,,,-67.777
,,,,-69.27,,,,-67.3176,,,,-67.777,,,,-66.7921,,,,-66.124,,,,-65.774,,,,-67.131,,,,-68.0726,,,,-71.2216,,,,-69.253,,,,-69.2211,,,,-67.273,,,,-65.8068,,,,-66.376,,,,-67.5474,,,,-67.81
,,,,-69.319,,,,-67.3832,,,,-67.832,,,,-66.8579,,,,-66.157,,,,-65.8068,,,,-67.175,,,,-68.1053,,,,-71.2544,,,,-69.297,,,,-69.2539,,,,-67.306,,,,-65.8068,,,,-66.409,,,,-67.613,,,,-67.859
,,,,-69.352,,,,-67.4488,,,,-67.854,,,,-66.825,,,,-66.168,,,,-65.8068,,,,-67.186,,,,-68.1382,,,,-71.2544,,,,-69.33,,,,-69.2868,,,,-67.328,,,,-65.8726,,,,-66.431,,,,-67.613,,,,-67.876
,,,,-69.401,,,,-67.4817,,,,-67.886,,,,-66.8579,,,,-66.19,,,,-65.8397,,,,-67.23,,,,-68.2039,,,,-71.32,,,,-69.374,,,,-69.3196,,,,-67.35,,,,-65.8726,,,,-66.453,,,,-67.6459,,,,-67.925
,,,,-69.352,,,,-67.3832,,,,-67.886,,,,-66.9236,,,,-66.234,,,,-65.8726,,,,-67.241,,,,-68.2039,,,,-71.32,,,,-69.352,,,,-69.3523,,,,-67.394,,,,-65.9054,,,,-66.475,,,,-67.6459,,,,-67.925
,,,,-69.63,,,,-67.7115,,,,-68.138,,,,-67.1534,,,,-66.442,,,,-66.0696,,,,-67.46,,,,-68.4335,,,,-71.5494,,,,-69.603,,,,-69.5492,,,,-67.602,,,,-66.1025,,,,-66.683,,,,-67.8757,,,,-68.155
,,,,-69.614,,,,-67.6459,,,,-68.116,,,,-67.1534,,,,-66.464,,,,-66.1025,,,,-67.482,,,,-68.4664,,,,-71.5822,,,,-69.592,,,,-69.5492,,,,-67.613,,,,-66.1353,,,,-66.704,,,,-67.8757,,,,-68.171
,,,,-69.647,,,,-67.6787,,,,-68.138,,,,-67.1534,,,,-66.475,,,,-66.1353,,,,-67.514,,,,-68.4992,,,,-71.615,,,,-69.625,,,,-69.5819,,,,-67.624,,,,-66.1353,,,,-66.726,,,,-67.9085,,,,-68.204
,,,,-69.68,,,,-67.7444,,,,-68.16,,,,-67.1205,,,,-66.475,,,,-66.1682,,,,-67.547,,,,-68.5321,,,,-71.615,,,,-69.658,,,,-69.6148,,,,-67.624,,,,-66.1353,,,,-66.748,,,,-67.9413,,,,-68.237
,,,,-69.712,,,,-67.7771,,,,-68.215,,,,-67.2191,,,,-66.529,,,,-66.201,,,,-67.558,,,,-68.5321,,,,-71.6478,,,,-69.691,,,,-69.6476,,,,-67.678,,,,-66.1682,,,,-66.77,,,,-67.9413,,,,-68.237
,,,,-69.712,,,,-67.7444,,,,-68.226,,,,-67.2847,,,,-66.562,,,,-66.201,,,,-67.58,,,,-68.5977,,,,-71.6805,,,,-69.691,,,,-69.6476,,,,-67.711,,,,-66.201,,,,-66.781,,,,-67.9413,,,,-68.27
,,,,-69.778,,,,-67.8757,,,,-68.291,,,,-67.3176,,,,-66.584,,,,-66.201,,,,-67.591,,,,-68.5977,,,,-71.6805,,,,-69.746,,,,-69.6804,,,,-67.744,,,,-66.2339,,,,-66.803,,,,-67.9742,,,,-68.286
,,,,-69.778,,,,-67.8757,,,,-68.346,,,,-67.4161,,,,-66.628,,,,-66.2668,,,,-67.624,,,,-68.5977,,,,-71.6805,,,,-69.767,,,,-69.7459,,,,-67.788,,,,-66.201,,,,-66.825,,,,-68.0069,,,,-68.302
,,,,-69.811,,,,-67.9085,,,,-68.324,,,,-67.3176,,,,-66.606,,,,-66.2668,,,,-67.657,,,,-68.6634,,,,-71.7132,,,,-69.789,,,,-69.7459,,,,-67.766,,,,-66.2339,,,,-66.847,,,,-68.0398,,,,-68.352
,,,,-69.844,,,,-67.9085,,,,-68.346,,,,-67.3832,,,,-66.65,,,,-66.2994,,,,-67.668,,,,-68.6634,,,,-71.7789,,,,-69.811,,,,-69.7459,,,,-67.799,,,,-66.2668,,,,-66.869,,,,-68.0398,,,,-68.352
,,,,-69.86,,,,-67.9413,,,,-68.39,,,,-67.4488,,,,-66.694,,,,-66.3324,,,,-67.7,,,,-68.6961,,,,-71.7789,,,,-69.833,,,,-69.7788,,,,-67.842,,,,-66.2994,,,,-66.901,,,,-68.0726,,,,-68.384
,,,,-69.86,,,,-67.9413,,,,-68.357,,,,-67.3504,,,,-66.672,,,,-66.3652,,,,-67.722,,,,-68.6961,,,,-71.7789,,,,-69.833,,,,-69.7788,,,,-67.81,,,,-66.2994,,,,-66.923,,,,-68.1053,,,,-68.401
,,,,-69.926,,,,-68.0398,,,,-68.422,,,,-67.4161,,,,-66.705,,,,-66.3652,,,,-67.744,,,,-68.7617,,,,-71.8116,,,,-69.888,,,,-69.8116,,,,-67.853,,,,-66.3324,,,,-66.934,,,,-68.1053,,,,-68.434
,,,,-69.909,,,,-67.9742,,,,-68.422,,,,-67.4817,,,,-66.737,,,,-66.3981,,,,-67.777,,,,-68.7946,,,,-71.8444,,,,-69.877,,,,-69.8116,,,,-67.875,,,,-66.3324,,,,-66.956,,,,-68.1382,,,,-68.466
,,,,-69.909,,,,-67.9742,,,,-68.433,,,,-67.4488,,,,-66.748,,,,-66.4309,,,,-67.799,,,,-68.7946,,,,-71.8444,,,,-69.899,,,,-69.8772,,,,-67.897,,,,-66.3652,,,,-66.989,,,,-68.1711,,,,-68.483
,,,,-69.991,,,,-68.1053,,,,-68.521,,,,-67.5474,,,,-66.792,,,,-66.4309,,,,-67.799,,,,-68.7946,,,,-71.8771,,,,-69.964,,,,-69.9099,,,,-67.952,,,,-66.3981,,,,-67.0,,,,-68.1711,,,,-68.483
,,,,-69.991,,,,-68.0726,,,,-68.499,,,,-67.5146,,,,-66.792,,,,-66.4637,,,,-67.854,,,,-68.8603,,,,-71.91,,,,-69.964,,,,-69.9099,,,,-67.941,,,,-66.3981,,,,-67.033,,,,-68.2368,,,,-68.549
,,,,-70.057,,,,-68.1711,,,,-68.543,,,,-67.5146,,,,-66.803,,,,-66.4637,,,,-67.864,,,,-68.893,,,,-71.9427,,,,-70.019,,,,-69.9429,,,,-67.963,,,,-66.4309,,,,-67.044,,,,-68.2368,,,,-68.565
,,,,-70.057,,,,-68.1711,,,,-68.565,,,,-67.5802,,,,-66.858,,,,-66.5295,,,,-67.908,,,,-68.9258,,,,-71.9427,,,,-70.019,,,,-69.9429,,,,-67.996,,,,-66.4637,,,,-67.088,,,,-68.2695,,,,-68.598
,,,,-70.09,,,,-68.2039,,,,-68.587,,,,-67.613,,,,-66.88,,,,-66.5295,,,,-67.919,,,,-68.9587,,,,-71.9755,,,,-70.041,,,,-69.9429,,,,-68.018,,,,-66.4967,,,,-67.099,,,,-68.2695,,,,-68.614
,,,,-70.106,,,,-68.2039,,,,-68.608,,,,-67.613,,,,-66.902,,,,-66.5623,,,,-67.941,,,,-68.9587,,,,-72.0083,,,,-70.074,,,,-70.0084,,,,-68.05,,,,-66.5295,,,,-67.131,,,,-68.3023,,,,-68.63
,,,,-70.122,,,,-68.2039,,,,-68.641,,,,-67.7115,,,,-66.934,,,,-66.5623,,,,-67.952,,,,-68.9915,,,,-72.041,,,,-70.084,,,,-70.0084,,,,-68.083,,,,-66.5295,,,,-67.131,,,,-68.3023,,,,-68.647
,,,,-70.122,,,,-68.1711,,,,-68.619,,,,-67.6459,,,,-66.945,,,,-66.6279,,,,-67.996,,,,-69.0242,,,,-72.0738,,,,-70.095,,,,-70.0412,,,,-68.083,,,,-66.5623,,,,-67.175,,,,-68.3351,,,,-68.68
,,,,-70.188,,,,-68.3023,,,,-68.696,,,,-67.7444,,,,-66.978,,,,-66.6279,,,,-68.007,,,,-69.0242,,,,-72.0738,,,,-70.139,,,,-70.0412,,,,-68.116,,,,-66.5623,,,,-67.186,,,,-68.368,,,,-68.696
,,,,-70.204,,,,-68.3351,,,,-68.74,,,,-67.81,,,,-67.011,,,,-66.6609,,,,-68.029,,,,-69.0571,,,,-72.0738,,,,-70.161,,,,-70.0739,,,,-68.149,,,,-66.5623,,,,-67.197,,,,-68.368,,,,-68.713
,,,,-70.221,,,,-68.3351,,,,-68.707,,,,-67.7115,,,,-66.989,,,,-66.6609,,,,-68.05,,,,-69.0898,,,,-72.1065,,,,-70.172,,,,-70.0739,,,,-68.127,,,,-66.5952,,,,-67.219,,,,-68.4008,,,,-68.745
,,,,-70.27,,,,-68.4008,,,,-68.751,,,,-67.7444,,,,-67.022,,,,-66.6937,,,,-68.083,,,,-69.1227,,,,-72.1393,,,,-70.216,,,,-70.1068,,,,-68.16,,,,-66.6279,,,,-67.252,,,,-68.4335,,,,-68.778
,,,,-70.27,,,,-68.4008,,,,-68.773,,,,-67.81,,,,-67.066,,,,-66.7265,,,,-68.094,,,,-69.1227,,,,-72.1393,,,,-70.216,,,,-70.1068,,,,-68.193,,,,-66.6609,,,,-67.274,,,,-68.4335,,,,-68.778
,,,,-70.336,,,,-68.4335,,,,-68.849,,,,-67.9085,,,,-67.142,,,,-66.7921,,,,-68.182,,,,-69.2211,,,,-72.2377,,,,-70.292,,,,-70.2052,,,,-68.28,,,,-66.7265,,,,-67.35,,,,-68.5321,,,,-68.877
,,,,-70.401,,,,-68.5321,,,,-68.904,,,,-67.9413,,,,-67.186,,,,-66.8579,,,,-68.236,,,,-69.2539,,,,-72.2704,,,,-70.347,,,,-70.2379,,,,-68.313,,,,-66.7593,,,,-67.405,,,,-68.5977,,,,-68.926
,,,,-70.434,,,,-68.5649,,,,-68.948,,,,-67.9742,,,,-67.219,,,,-66.8907,,,,-68.269,,,,-69.3196,,,,-72.3032,,,,-70.391,,,,-70.3036,,,,-68.357,,,,-66.7921,,,,-67.427,,,,-68.5977,,,,-68.959
,,,,-70.549,,,,-68.729,,,,-69.002,,,,-67.9742,,,,-67.263,,,,-66.9564,,,,-68.313,,,,-69.3523,,,,-72.3687,,,,-70.467,,,,-70.3036,,,,-68.379,,,,-66.8579,,,,-67.482,,,,-68.6306,,,,-68.991
,,,,-70.549,,,,-68.6961,,,,-69.046,,,,-68.0726,,,,-67.318,,,,-66.9892,,,,-68.357,,,,-69.4179,,,,-72.4015,,,,-70.489,,,,-70.3691,,,,-68.444,,,,-66.8907,,,,-67.514,,,,-68.6634,,,,-69.041
,,,,-70.5,,,,-68.5977,,,,-69.057,,,,-68.1382,,,,-67.35,,,,-66.9892,,,,-68.39,,,,-69.4836,,,,-72.4015,,,,-70.478,,,,-70.4347,,,,-68.499,,,,-66.9236,,,,-67.536,,,,-68.6961,,,,-69.09
,,,,-70.565,,,,-68.6961,,,,-69.068,,,,-68.1053,,,,-67.361,,,,-67.0221,,,,-68.422,,,,-69.5164,,,,-72.4343,,,,-70.511,,,,-70.4019,,,,-68.488,,,,-66.9564,,,,-67.569,,,,-68.729,,,,-69.123
,,,,-70.598,,,,-68.7617,,,,-69.122,,,,-68.1711,,,,-67.405,,,,-67.0549,,,,-68.433,,,,-69.5164,,,,-72.4343,,,,-70.544,,,,-70.4347,,,,-68.532,,,,-66.9892,,,,-67.591,,,,-68.729,,,,-69.123
,,,,-70.582,,,,-68.729,,,,-69.101,,,,-68.1053,,,,-67.394,,,,-67.0877,,,,-68.466,,,,-69.5492,,,,-72.4343,,,,-70.544,,,,-70.4675,,,,-68.521,,,,-66.9892,,,,-67.613,,,,-68.7617,,,,-69.155
,,,,-70.631,,,,-68.7946,,,,-69.144,,,,-68.1711,,,,-67.416,,,,-67.0877,,,,-68.477,,,,-69.5492,,,,-72.467,,,,-70.576,,,,-70.4675,,,,-68.543,,,,-66.9892,,,,-67.624,,,,-68.7946,,,,-69.172
,,,,-70.664,,,,-68.8274,,,,-69.188,,,,-68.2039,,,,-67.449,,,,-67.1205,,,,-68.499,,,,-69.5819,,,,-72.4998,,,,-70.62,,,,-70.5331,,,,-68.586,,,,-67.0221,,,,-67.646,,,,-68.7946,,,,-69.188
,,,,-70.696,,,,-68.893,,,,-69.21,,,,-68.2039,,,,-67.471,,,,-67.1534,,,,-68.521,,,,-69.6148,,,,-72.4998,,,,-70.642,,,,-70.5331,,,,-68.597,,,,-67.0549,,,,-67.668,,,,-68.7946,,,,-69.205
,,,,-70.696,,,,-68.8603,,,,-69.21,,,,-68.2368,,,,-67.482,,,,-67.1534,,,,-68.532,,,,-69.6148,,,,-72.5325,,,,-70.642,,,,-70.5331,,,,-68.608,,,,-67.0549,,,,-67.679,,,,-68.8274,,,,-69.221
,,,,-70.762,,,,-68.9915,,,,-69.265,,,,-68.2695,,,,-67.514,,,,-67.1863,,,,-68.565,,,,-69.6476,,,,-72.5325,,,,-70.686,,,,-70.5331,,,,-68.63,,,,-67.0877,,,,-67.711,,,,-68.8603,,,,-69.254
,,,,-70.729,,,,-68.8603,,,,-69.221,,,,-68.2368,,,,-67.515,,,,-67.2191,,,,-68.587,,,,-69.6804,,,,-72.5981,,,,-70.675,,,,-70.5659,,,,-68.63,,,,-67.0877,,,,-67.722,,,,-68.8603,,,,-69.27
,,,,-70.778,,,,-68.9587,,,,-69.276,,,,-68.2695,,,,-67.547,,,,-67.2519,,,,-68.598,,,,-69.6804,,,,-72.5981,,,,-70.718,,,,-70.5987,,,,-68.663,,,,-67.1205,,,,-67.744,,,,-68.8603,,,,-69.27
,,,,-70.746,,,,-68.893,,,,-69.254,,,,-68.2368,,,,-67.547,,,,-67.2519,,,,-68.619,,,,-69.7132,,,,-72.5981,,,,-70.708,,,,-70.6315,,,,-68.674,,,,-67.1534,,,,-67.766,,,,-68.893,,,,-69.303
,,,,-70.828,,,,-69.0242,,,,-69.341,,,,-68.4008,,,,-67.602,,,,-67.2847,,,,-68.63,,,,-69.7132,,,,-72.6309,,,,-70.751,,,,-70.5987,,,,-68.707,,,,-67.1205,,,,-67.766,,,,-68.893,,,,-69.303
,,,,-70.828,,,,-69.0242,,,,-69.341,,,,-68.368,,,,-67.624,,,,-67.3176,,,,-68.663,,,,-69.7459,,,,-72.6309,,,,-70.762,,,,-70.6315,,,,-68.729,,,,-67.1863,,,,-67.81,,,,-68.9258,,,,-69.336
,,,,-70.844,,,,-69.0571,,,,-69.363,,,,-68.368,,,,-67.624,,,,-67.3176,,,,-68.685,,,,-69.7788,,,,-72.6309,,,,-70.784,,,,-70.6643,,,,-68.74,,,,-67.1863,,,,-67.821,,,,-68.9587,,,,-69.369
,,,,-70.844,,,,-69.0242,,,,-69.363,,,,-68.4008,,,,-67.657,,,,-67.3504,,,,-68.707,,,,-69.8116,,,,-72.6636,,,,-70.784,,,,-70.6643,,,,-68.761,,,,-67.2191,,,,-67.843,,,,-68.9587,,,,-69.385
,,,,-70.893,,,,-69.0898,,,,-69.385,,,,-68.368,,,,-67.657,,,,-67.3504,,,,-68.718,,,,-69.8116,,,,-72.6963,,,,-70.828,,,,-70.697,,,,-68.772,,,,-67.2519,,,,-67.865,,,,-68.9915,,,,-69.402
,,,,-70.91,,,,-69.1227,,,,-69.429,,,,-68.4335,,,,-67.69,,,,-67.3832,,,,-68.74,,,,-69.8445,,,,-72.6963,,,,-70.85,,,,-70.7298,,,,-68.805,,,,-67.2519,,,,-67.876,,,,-68.9915,,,,-69.418
,,,,-70.893,,,,-69.0571,,,,-69.385,,,,-68.368,,,,-67.668,,,,-67.3832,,,,-68.762,,,,-69.8772,,,,-72.7291,,,,-70.839,,,,-70.7298,,,,-68.783,,,,-67.2519,,,,-67.886,,,,-69.0242,,,,-69.451
,,,,-70.942,,,,-69.1555,,,,-69.451,,,,-68.4664,,,,-67.722,,,,-67.4161,,,,-68.772,,,,-69.8772,,,,-72.7291,,,,-70.871,,,,-70.7298,,,,-68.827,,,,-67.2847,,,,-67.908,,,,-69.0242,,,,-69.451
,,,,-70.975,,,,-69.1883,,,,-69.472,,,,-68.4992,,,,-67.755,,,,-67.4488,,,,-68.805,,,,-69.9099,,,,-72.7619,,,,-70.893,,,,-70.7298,,,,-68.849,,,,-67.3176,,,,-67.941,,,,-69.0571,,,,-69.483
,,,,-71.024,,,,-69.2868,,,,-69.505,,,,-68.4664,,,,-67.744,,,,-67.4488,,,,-68.816,,,,-69.9429,,,,-72.7619,,,,-70.937,,,,-70.7626,,,,-68.849,,,,-67.3176,,,,-67.941,,,,-69.0571,,,,-69.5
,,,,-70.992,,,,-69.2211,,,,-69.527,,,,-68.5649,,,,-67.81,,,,-67.5146,,,,-68.849,,,,-69.9429,,,,-72.7619,,,,-70.926,,,,-70.7954,,,,-68.904,,,,-67.3504,,,,-67.985,,,,-69.0898,,,,-69.516
,,,,-71.024,,,,-69.2211,,,,-69.527,,,,-68.5649,,,,-67.81,,,,-67.5146,,,,-68.86,,,,-69.9429,,,,-72.8274,,,,-70.948,,,,-70.7954,,,,-68.904,,,,-67.3504,,,,-67.996,,,,-69.1227,,,,-69.533
,,,,-71.074,,,,-69.3196,,,,-69.56,,,,-68.5321,,,,-67.81,,,,-67.5146,,,,-68.871,,,,-69.9756,,,,-72.8274,,,,-70.992,,,,-70.8282,,,,-68.914,,,,-67.3832,,,,-68.007,,,,-69.1227,,,,-69.549
,,,,-71.041,,,,-69.2868,,,,-69.571,,,,-68.5649,,,,-67.843,,,,-67.5474,,,,-68.904,,,,-70.0084,,,,-72.7946,,,,-70.981,,,,-70.861,,,,-68.947,,,,-67.4161,,,,-68.04,,,,-69.1555,,,,-69.582
,,,,-71.155,,,,-69.4179,,,,-69.702,,,,-68.7617,,,,-67.985,,,,-67.6787,,,,-69.013,,,,-70.1396,,,,-72.893,,,,-71.079,,,,-70.9266,,,,-69.068,,,,-67.5146,,,,-68.138,,,,-69.2211,,,,-69.68
,,,,-71.205,,,,-69.4508,,,,-69.702,,,,-68.6961,,,,-67.963,,,,-67.6787,,,,-69.024,,,,-70.1724,,,,-72.9585,,,,-71.123,,,,-70.9594,,,,-69.057,,,,-67.5146,,,,-68.138,,,,-69.2211,,,,-69.697
,,,,-71.188,,,,-69.4179,,,,-69.724,,,,-68.7946,,,,-68.007,,,,-67.7115,,,,-69.046,,,,-70.1724,,,,-72.9585,,,,-71.112,,,,-70.9594,,,,-69.09,,,,-67.5146,,,,-68.16,,,,-69.2539,,,,-69.713
,,,,-71.221,,,,-69.4836,,,,-69.757,,,,-68.7946,,,,-68.018,,,,-67.7115,,,,-69.057,,,,-70.1724,,,,-72.9585,,,,-71.145,,,,-70.9922,,,,-69.111,,,,-67.5474,,,,-68.182,,,,-69.2868,,,,-69.73
,,,,-71.27,,,,-69.5492,,,,-69.768,,,,-68.7617,,,,-68.04,,,,-67.7771,,,,-69.09,,,,-70.2052,,,,-72.9912,,,,-71.178,,,,-70.9922,,,,-69.111,,,,-67.5802,,,,-68.215,,,,-69.2868,,,,-69.746
,,,,-71.237,,,,-69.4836,,,,-69.79,,,,-68.8603,,,,-68.105,,,,-67.81,,,,-69.133,,,,-70.2708,,,,-72.9912,,,,-71.167,,,,-71.0249,,,,-69.177,,,,-67.6459,,,,-68.258,,,,-69.3196,,,,-69.795
,,,,-71.319,,,,-69.6148,,,,-69.833,,,,-68.8274,,,,-68.094,,,,-67.81,,,,-69.166,,,,-70.3036,,,,-73.0239,,,,-71.232,,,,-71.0576,,,,-69.177,,,,-67.6459,,,,-68.28,,,,-69.3851,,,,-69.844
,,,,-71.287,,,,-69.5492,,,,-69.855,,,,-68.9258,,,,-68.16,,,,-67.8757,,,,-69.177,,,,-70.3036,,,,-73.0239,,,,-71.221,,,,-71.0905,,,,-69.232,,,,-67.6787,,,,-68.302,,,,-69.3523,,,,-69.828
,,,,-71.352,,,,-69.6804,,,,-69.877,,,,-68.8603,,,,-68.138,,,,-67.8428,,,,-69.177,,,,-70.3364,,,,-73.0239,,,,-71.265,,,,-71.0905,,,,-69.221,,,,-67.7115,,,,-68.302,,,,-69.3523,,,,-69.844
,,,,-71.369,,,,-69.6804,,,,-69.91,,,,-68.9258,,,,-68.171,,,,-67.8757,,,,-69.21,,,,-70.3691,,,,-73.0567,,,,-71.287,,,,-71.1233,,,,-69.254,,,,-67.7115,,,,-68.324,,,,-69.3851,,,,-69.877
,,,,-71.369,,,,-69.6804,,,,-69.888,,,,-68.8603,,,,-68.16,,,,-67.9085,,,,-69.232,,,,-70.3691,,,,-73.0567,,,,-71.287,,,,-71.1233,,,,-69.232,,,,-67.7115,,,,-68.346,,,,-69.4179,,,,-69.894
,,,,-71.352,,,,-69.6476,,,,-69.91,,,,-68.9587,,,,-68.215,,,,-67.9413,,,,-69.243,,,,-70.4019,,,,-73.0567,,,,-71.276,,,,-71.1233,,,,-69.275,,,,-67.7444,,,,-68.357,,,,-69.3851,,,,-69.893
,,,,-71.418,,,,-69.7132,,,,-69.932,,,,-68.9258,,,,-68.215,,,,-67.9413,,,,-69.254,,,,-70.4019,,,,-73.1223,,,,-71.331,,,,-71.1561,,,,-69.286,,,,-67.7771,,,,-68.379,,,,-69.4179,,,,-69.91
,,,,-71.401,,,,-69.7132,,,,-69.932,,,,-68.9587,,,,-68.226,,,,-67.9742,,,,-69.287,,,,-70.4347,,,,-73.0895,,,,-71.309,,,,-71.1233,,,,-69.275,,,,-67.7444,,,,-68.39,,,,-69.4508,,,,-69.943
,,,,-71.451,,,,-69.7788,,,,-69.975,,,,-68.9915,,,,-68.259,,,,-67.9742,,,,-69.287,,,,-70.4347,,,,-73.1223,,,,-71.352,,,,-71.1561,,,,-69.319,,,,-67.81,,,,-68.412,,,,-69.4508,,,,-69.943
,,,,-71.451,,,,-69.7788,,,,-69.997,,,,-69.0242,,,,-68.291,,,,-68.0069,,,,-69.297,,,,-70.4347,,,,-73.1223,,,,-71.363,,,,-71.1888,,,,-69.352,,,,-67.8428,,,,-68.434,,,,-69.4508,,,,-69.943
,,,,-71.483,,,,-69.8116,,,,-70.03,,,,-69.0898,,,,-68.302,,,,-68.0069,,,,-69.319,,,,-70.4347,,,,-73.155,,,,-71.385,,,,-71.1888,,,,-69.363,,,,-67.81,,,,-68.444,,,,-69.5164,,,,-69.976
,,,,-71.434,,,,-69.7132,,,,-70.008,,,,-69.0898,,,,-68.324,,,,-68.0398,,,,-69.352,,,,-70.5003,,,,-73.155,,,,-71.363,,,,-71.2216,,,,-69.385,,,,-67.8428,,,,-68.466,,,,-69.5164,,,,-70.008
,,,,-71.516,,,,-69.8772,,,,-70.063,,,,-69.0571,,,,-68.313,,,,-68.0398,,,,-69.352,,,,-70.5003,,,,-73.155,,,,-71.429,,,,-71.2544,,,,-69.385,,,,-67.8428,,,,-68.466,,,,-69.5164,,,,-70.008
,,,,-71.516,,,,-69.8445,,,,-70.041,,,,-69.0242,,,,-68.324,,,,-68.0726,,,,-69.385,,,,-70.5331,,,,-73.1877,,,,-71.429,,,,-71.2544,,,,-69.385,,,,-67.8757,,,,-68.499,,,,-69.5492,,,,-70.041
,,,,-71.5,,,,-69.8116,,,,-70.074,,,,-69.1555,,,,-68.368,,,,-68.0726,,,,-69.385,,,,-70.5331,,,,-73.1877,,,,-71.418,,,,-71.2544,,,,-69.429,,,,-67.8757,,,,-68.499,,,,-69.5492,,,,-70.041
,,,,-71.549,,,,-69.9099,,,,-70.118,,,,-69.1555,,,,-68.39,,,,-68.1053,,,,-69.418,,,,-70.5987,,,,-73.1877,,,,-71.462,,,,-71.2872,,,,-69.45,,,,-67.9085,,,,-68.521,,,,-69.5492,,,,-70.074
,,,,-71.533,,,,-69.8445,,,,-70.107,,,,-69.1883,,,,-68.412,,,,-68.1053,,,,-69.418,,,,-70.5659,,,,-73.2206,,,,-71.451,,,,-71.2872,,,,-69.472,,,,-67.9413,,,,-68.543,,,,-69.5819,,,,-70.074
,,,,-71.582,,,,-69.9429,,,,-70.118,,,,-69.0898,,,,-68.401,,,,-68.1382,,,,-69.44,,,,-70.5659,,,,-73.2206,,,,-71.494,,,,-71.32,,,,-69.461,,,,-67.9742,,,,-68.576,,,,-69.6148,,,,-70.09
,,,,-71.614,,,,-69.9756,,,,-70.15,,,,-69.1555,,,,-68.434,,,,-68.1711,,,,-69.462,,,,-70.5987,,,,-73.2533,,,,-71.516,,,,-71.32,,,,-69.483,,,,-67.9742,,,,-68.587,,,,-69.6148,,,,-70.107
,,,,-71.614,,,,-69.9756,,,,-70.172,,,,-69.1883,,,,-68.455,,,,-68.1711,,,,-69.472,,,,-70.6315,,,,-73.2533,,,,-71.527,,,,-71.3527,,,,-69.516,,,,-68.0069,,,,-68.598,,,,-69.6148,,,,-70.123
,,,,-71.631,,,,-70.0084,,,,-70.194,,,,-69.2211,,,,-68.466,,,,-68.1711,,,,-69.472,,,,-70.6315,,,,-73.2533,,,,-71.538,,,,-71.3527,,,,-69.527,,,,-68.0069,,,,-68.598,,,,-69.6148,,,,-70.123
,,,,-71.614,,,,-69.9429,,,,-70.194,,,,-69.2868,,,,-68.499,,,,-68.2039,,,,-69.505,,,,-70.6643,,,,-73.2861,,,,-71.527,,,,-71.3527,,,,-69.549,,,,-68.0069,,,,-68.619,,,,-69.6476,,,,-70.156
,,,,-71.647,,,,-70.0084,,,,-70.205,,,,-69.2211,,,,-68.488,,,,-68.2039,,,,-69.527,,,,-70.697,,,,-73.2861,,,,-71.56,,,,-71.3854,,,,-69.549,,,,-68.0398,,,,-68.641,,,,-69.6804,,,,-70.189
,,,,-71.68,,,,-70.0739,,,,-70.271,,,,-69.3523,,,,-68.554,,,,-68.2368,,,,-69.538,,,,-70.697,,,,-73.2861,,,,-71.582,,,,-71.3854,,,,-69.603,,,,-68.0726,,,,-68.663,,,,-69.6804,,,,-70.189
,,,,-71.696,,,,-70.0739,,,,-70.292,,,,-69.3851,,,,-68.587,,,,-68.2695,,,,-69.56,,,,-70.697,,,,-73.3188,,,,-71.604,,,,-71.4183,,,,-69.636,,,,-68.1053,,,,-68.696,,,,-69.7132,,,,-70.205
,,,,-71.713,,,,-70.1068,,,,-70.314,,,,-69.4179,,,,-68.598,,,,-68.2695,,,,-69.56,,,,-70.7298,,,,-73.3188,,,,-71.615,,,,-71.4183,,,,-69.647,,,,-68.1053,,,,-68.685,,,,-69.6804,,,,-70.205
,,,,-71.68,,,,-70.0084,,,,-70.26,,,,-69.3196,,,,-68.587,,,,-68.3023,,,,-69.582,,,,-70.7298,,,,-73.3514,,,,-71.604,,,,-71.4511,,,,-69.636,,,,-68.1382,,,,-68.718,,,,-69.7132,,,,-70.221
,,,,-71.746,,,,-70.1396,,,,-70.325,,,,-69.3851,,,,-68.609,,,,-68.3023,,,,-69.604,,,,-70.7626,,,,-73.3514,,,,-71.647,,,,-71.4511,,,,-69.658,,,,-68.1382,,,,-68.729,,,,-69.7459,,,,-70.254
,,,,-71.795,,,,-70.2379,,,,-70.391,,,,-69.4508,,,,-68.652,,,,-68.3351,,,,-69.625,,,,-70.7954,,,,-73.3514,,,,-71.691,,,,-71.4839,,,,-69.702,,,,-68.1711,,,,-68.751,,,,-69.7459,,,,-70.271
,,,,-71.778,,,,-70.1724,,,,-70.369,,,,-69.4508,,,,-68.663,,,,-68.368,,,,-69.647,,,,-70.7954,,,,-73.3843,,,,-71.68,,,,-71.4839,,,,-69.702,,,,-68.1711,,,,-68.773,,,,-69.7788,,,,-70.287
,,,,-71.811,,,,-70.2379,,,,-70.38,,,,-69.4179,,,,-68.663,,,,-68.368,,,,-69.658,,,,-70.8282,,,,-73.3843,,,,-71.702,,,,-71.4839,,,,-69.702,,,,-68.2039,,,,-68.784,,,,-69.7788,,,,-70.304
,,,,-71.795,,,,-70.2052,,,,-70.38,,,,-69.4179,,,,-68.674,,,,-68.4008,,,,-69.691,,,,-70.861,,,,-73.3843,,,,-71.702,,,,-71.5167,,,,-69.713,,,,-68.2039,,,,-68.805,,,,-69.8116,,,,-70.336
,,,,-71.795,,,,-70.1724,,,,-70.38,,,,-69.4508,,,,-68.718,,,,-68.4335,,,,-69.702,,,,-70.861,,,,-73.4171,,,,-71.702,,,,-71.5167,,,,-69.746,,,,-68.2695,,,,-68.838,,,,-69.8116,,,,-70.336
,,,,-71.811,,,,-70.2379,,,,-70.424,,,,-69.5164,,,,-68.751,,,,-68.4664,,,,-69.724,,,,-70.8937,,,,-73.3843,,,,-71.713,,,,-71.5167,,,,-69.768,,,,-68.2695,,,,-68.849,,,,-69.8116,,,,-70.353
,,,,-71.844,,,,-70.2708,,,,-70.446,,,,-69.5164,,,,-68.751,,,,-68.4664,,,,-69.724,,,,-70.8937,,,,-73.4171,,,,-71.746,,,,-71.5494,,,,-69.778,,,,-68.2695,,,,-68.849,,,,-69.8116,,,,-70.353
,,,,-71.844,,,,-70.2708,,,,-70.435,,,,-69.4836,,,,-68.751,,,,-68.4992,,,,-69.746,,,,-70.8937,,,,-73.4171,,,,-71.746,,,,-71.5494,,,,-69.768,,,,-68.2695,,,,-68.871,,,,-69.8445,,,,-70.369
,,,,-71.844,,,,-70.2379,,,,-70.478,,,,-69.6148,,,,-68.805,,,,-68.4992,,,,-69.757,,,,-70.9266,,,,-73.4498,,,,-71.757,,,,-71.5822,,,,-69.833,,,,-68.3023,,,,-68.882,,,,-69.8445,,,,-70.386
,,,,-71.926,,,,-70.4019,,,,-70.533,,,,-69.6148,,,,-68.827,,,,-68.5321,,,,-69.768,,,,-70.9266,,,,-73.4498,,,,-71.811,,,,-71.5822,,,,-69.844,,,,-68.3351,,,,-68.904,,,,-69.8445,,,,-70.386
,,,,-71.926,,,,-70.3691,,,,-70.489,,,,-69.5164,,,,-68.795,,,,-68.5321,,,,-69.8,,,,-70.9594,,,,-73.4826,,,,-71.811,,,,-71.5822,,,,-69.811,,,,-68.3351,,,,-68.926,,,,-69.9099,,,,-70.435
,,,,-71.959,,,,-70.4019,,,,-70.566,,,,-69.6476,,,,-68.893,,,,-68.5977,,,,-69.866,,,,-71.0249,,,,-73.5153,,,,-71.855,,,,-71.6478,,,,-69.91,,,,-68.4335,,,,-69.002,,,,-69.9756,,,,-70.5
,,,,-71.991,,,,-70.4675,,,,-70.609,,,,-69.6804,,,,-68.915,,,,-68.6306,,,,-69.877,,,,-71.0249,,,,-73.5153,,,,-71.888,,,,-71.6805,,,,-69.931,,,,-68.4335,,,,-69.013,,,,-69.9756,,,,-70.5
,,,,-71.991,,,,-70.4347,,,,-70.598,,,,-69.6476,,,,-68.937,,,,-68.6961,,,,-69.921,,,,-71.0576,,,,-73.5481,,,,-71.899,,,,-71.7132,,,,-69.942,,,,-68.4664,,,,-69.057,,,,-70.0084,,,,-70.533
,,,,-72.073,,,,-70.5659,,,,-70.653,,,,-69.6804,,,,-68.959,,,,-68.6961,,,,-69.943,,,,-71.0905,,,,-73.5808,,,,-71.953,,,,-71.7132,,,,-69.964,,,,-68.4992,,,,-69.079,,,,-70.0412,,,,-70.566
,,,,-72.008,,,,-70.4675,,,,-70.642,,,,-69.7459,,,,-68.97,,,,-68.6634,,,,-69.932,,,,-71.0905,,,,-73.5481,,,,-71.91,,,,-71.7132,,,,-69.986,,,,-68.4992,,,,-69.068,,,,-70.0412,,,,-70.566
,,,,-72.024,,,,-70.4675,,,,-70.642,,,,-69.7132,,,,-68.991,,,,-68.729,,,,-69.964,,,,-71.1233,,,,-73.5808,,,,-71.931,,,,-71.7461,,,,-69.997,,,,-68.5321,,,,-69.101,,,,-70.0412,,,,-70.582
,,,,-72.073,,,,-70.5331,,,,-70.686,,,,-69.7788,,,,-69.024,,,,-68.7617,,,,-69.975,,,,-71.1233,,,,-73.6136,,,,-71.964,,,,-71.7461,,,,-70.019,,,,-68.5321,,,,-69.112,,,,-70.0412,,,,-70.582
,,,,-72.106,,,,-70.5987,,,,-70.762,,,,-69.8772,,,,-69.09,,,,-68.7946,,,,-70.019,,,,-71.1888,,,,-73.6136,,,,-72.008,,,,-71.8116,,,,-70.096,,,,-68.5977,,,,-69.155,,,,-70.0739,,,,-70.631
,,,,-72.123,,,,-70.6643,,,,-70.752,,,,-69.7788,,,,-69.068,,,,-68.7946,,,,-70.03,,,,-71.1888,,,,-73.5808,,,,-72.019,,,,-71.8116,,,,-70.074,,,,-68.6306,,,,-69.177,,,,-70.1068,,,,-70.648
,,,,-72.106,,,,-70.5987,,,,-70.752,,,,-69.8445,,,,-69.09,,,,-68.8274,,,,-70.052,,,,-71.2216,,,,-73.6136,,,,-72.008,,,,-71.8116,,,,-70.085,,,,-68.5977,,,,-69.177,,,,-70.1068,,,,-70.664
,,,,-72.122,,,,-70.5987,,,,-70.773,,,,-69.8772,,,,-69.123,,,,-68.8274,,,,-70.063,,,,-71.2216,,,,-73.6463,,,,-72.03,,,,-71.8444,,,,-70.128,,,,-68.6634,,,,-69.21,,,,-70.1396,,,,-70.681
,,,,-72.188,,,,-70.697,,,,-70.806,,,,-69.8772,,,,-69.123,,,,-68.8603,,,,-70.074,,,,-71.2216,,,,-73.679,,,,-72.073,,,,-71.8444,,,,-70.117,,,,-68.6306,,,,-69.21,,,,-70.1396,,,,-70.681
,,,,-72.204,,,,-70.7298,,,,-70.839,,,,-69.9429,,,,-69.166,,,,-68.893,,,,-70.107,,,,-71.2544,,,,-73.679,,,,-72.084,,,,-71.8444,,,,-70.15,,,,-68.6634,,,,-69.243,,,,-70.1724,,,,-70.713
,,,,-72.155,,,,-70.6315,,,,-70.784,,,,-69.8772,,,,-69.166,,,,-68.9258,,,,-70.128,,,,-71.2872,,,,-73.679,,,,-72.052,,,,-71.8444,,,,-70.139,,,,-68.6961,,,,-69.265,,,,-70.1724,,,,-70.73
,,,,-72.204,,,,-70.7298,,,,-70.817,,,,-69.8772,,,,-69.166,,,,-68.9258,,,,-70.128,,,,-71.2872,,,,-73.679,,,,-72.084,,,,-71.8444,,,,-70.139,,,,-68.6961,,,,-69.265,,,,-70.1724,,,,-70.73
,,,,-72.155,,,,-70.6315,,,,-70.795,,,,-69.8772,,,,-69.177,,,,-68.9258,,,,-70.139,,,,-71.2872,,,,-73.679,,,,-72.063,,,,-71.8771,,,,-70.161,,,,-68.729,,,,-69.287,,,,-70.2052,,,,-70.746
,,,,-72.221,,,,-70.7626,,,,-70.883,,,,-70.0084,,,,-69.221,,,,-68.9258,,,,-70.139,,,,-71.2872,,,,-73.679,,,,-72.106,,,,-71.8771,,,,-70.205,,,,-68.729,,,,-69.287,,,,-70.2052,,,,-70.746
,,,,-72.254,,,,-70.7954,,,,-70.872,,,,-69.9429,,,,-69.221,,,,-68.9915,,,,-70.172,,,,-71.32,,,,-73.7118,,,,-72.128,,,,-71.8771,,,,-70.183,,,,-68.729,,,,-69.309,,,,-70.2052,,,,-70.763
,,,,-72.204,,,,-70.697,,,,-70.85,,,,-69.9756,,,,-69.232,,,,-68.9587,,,,-70.172,,,,-71.32,,,,-73.7118,,,,-72.095,,,,-71.8771,,,,-70.205,,,,-68.7617,,,,-69.319,,,,-70.2379,,,,-70.779
,,,,-72.237,,,,-70.7626,,,,-70.905,,,,-70.0412,,,,-69.265,,,,-68.9915,,,,-70.194,,,,-71.3527,,,,-73.7118,,,,-72.128,,,,-71.91,,,,-70.238,,,,-68.7617,,,,-69.33,,,,-70.2379,,,,-70.795
,,,,-72.27,,,,-70.8282,,,,-70.916,,,,-70.0084,,,,-69.265,,,,-68.9915,,,,-70.216,,,,-71.3854,,,,-73.7118,,,,-72.15,,,,-71.91,,,,-70.238,,,,-68.7946,,,,-69.352,,,,-70.2708,,,,-70.828
,,,,-72.254,,,,-70.7954,,,,-70.926,,,,-70.0412,,,,-69.287,,,,-69.0242,,,,-70.227,,,,-71.3854,,,,-73.7118,,,,-72.15,,,,-71.9427,,,,-70.26,,,,-68.7946,,,,-69.363,,,,-70.2708,,,,-70.828
,,,,-72.254,,,,-70.7626,,,,-70.937,,,,-70.0739,,,,-69.298,,,,-69.0242,,,,-70.227,,,,-71.3854,,,,-73.7446,,,,-72.161,,,,-71.9755,,,,-70.281,,,,-68.7946,,,,-69.363,,,,-70.2708,,,,-70.828
,,,,-72.286,,,,-70.8282,,,,-70.937,,,,-70.0084,,,,-69.298,,,,-69.0571,,,,-70.249,,,,-71.3854,,,,-73.7446,,,,-72.183,,,,-71.9755,,,,-70.27,,,,-68.8274,,,,-69.396,,,,-70.3036,,,,-70.845
,,,,-72.319,,,,-70.8937,,,,-70.959,,,,-70.0084,,,,-69.309,,,,-69.0571,,,,-70.249,,,,-71.4183,,,,-73.7446,,,,-72.205,,,,-71.9755,,,,-70.281,,,,-68.8603,,,,-69.396,,,,-70.2708,,,,-70.845
,,,,-72.385,,,,-70.9594,,,,-71.036,,,,-70.1396,,,,-69.396,,,,-69.1227,,,,-70.325,,,,-71.4839,,,,-73.81,,,,-72.259,,,,-72.0083,,,,-70.358,,,,-68.9258,,,,-69.473,,,,-70.3691,,,,-70.926
,,,,-72.336,,,,-70.861,,,,-71.003,,,,-70.1396,,,,-69.418,,,,-69.1555,,,,-70.347,,,,-71.4839,,,,-73.81,,,,-72.226,,,,-72.0083,,,,-70.369,,,,-68.9587,,,,-69.505,,,,-70.4019,,,,-70.943
,,,,-72.368,,,,-70.9266,,,,-71.058,,,,-70.2052,,,,-69.451,,,,-69.1883,,,,-70.358,,,,-71.5167,,,,-73.81,,,,-72.259,,,,-72.041,,,,-70.402,,,,-68.9587,,,,-69.505,,,,-70.3691,,,,-70.943
,,,,-72.385,,,,-70.9266,,,,-71.025,,,,-70.1068,,,,-69.418,,,,-69.1883,,,,-70.369,,,,-71.5167,,,,-73.8427,,,,-72.27,,,,-72.041,,,,-70.369,,,,-68.9587,,,,-69.516,,,,-70.4019,,,,-70.959
,,,,-72.417,,,,-71.0249,,,,-71.079,,,,-70.1724,,,,-69.462,,,,-69.2211,,,,-70.369,,,,-71.4839,,,,-73.81,,,,-72.292,,,,-72.041,,,,-70.402,,,,-68.9915,,,,-69.538,,,,-70.4019,,,,-70.943
,,,,-72.368,,,,-70.9266,,,,-71.101,,,,-70.3036,,,,-69.505,,,,-69.2211,,,,-70.402,,,,-71.5494,,,,-73.81,,,,-72.27,,,,-72.0738,,,,-70.456,,,,-68.9915,,,,-69.549,,,,-70.4347,,,,-70.992
,,,,-72.434,,,,-71.0249,,,,-71.123,,,,-70.2708,,,,-69.505,,,,-69.2211,,,,-70.402,,,,-71.5494,,,,-73.8427,,,,-72.314,,,,-72.0738,,,,-70.456,,,,-69.0242,,,,-69.56,,,,-70.4347,,,,-70.992
,,,,-72.417,,,,-70.9922,,,,-71.101,,,,-70.2379,,,,-69.516,,,,-69.2539,,,,-70.413,,,,-71.5494,,,,-73.8427,,,,-72.303,,,,-72.0738,,,,-70.456,,,,-69.0571,,,,-69.582,,,,-70.4347,,,,-70.992
,,,,-72.499,,,,-71.1233,,,,-71.156,,,,-70.2379,,,,-69.505,,,,-69.2539,,,,-70.424,,,,-71.5822,,,,-73.8756,,,,-72.368,,,,-72.1065,,,,-70.456,,,,-69.0242,,,,-69.571,,,,-70.4347,,,,-71.008
,,,,-72.467,,,,-71.0576,,,,-71.167,,,,-70.3036,,,,-69.538,,,,-69.2539,,,,-70.456,,,,-71.615,,,,-73.8756,,,,-72.358,,,,-72.1393,,,,-70.5,,,,-69.0571,,,,-69.604,,,,-70.5003,,,,-71.058
,,,,-72.467,,,,-71.0576,,,,-71.123,,,,-70.2052,,,,-69.527,,,,-69.3196,,,,-70.478,,,,-71.615,,,,-73.8756,,,,-72.347,,,,-72.1065,,,,-70.456,,,,-69.0571,,,,-69.626,,,,-70.5003,,,,-71.058
,,,,-72.499,,,,-71.1233,,,,-71.189,,,,-70.3036,,,,-69.56,,,,-69.2868,,,,-70.467,,,,-71.615,,,,-73.8756,,,,-72.379,,,,-72.1393,,,,-70.511,,,,-69.0898,,,,-69.626,,,,-70.5003,,,,-71.058
,,,,-72.516,,,,-71.1561,,,,-71.178,,,,-70.2379,,,,-69.549,,,,-69.3196,,,,-70.489,,,,-71.615,,,,-73.8756,,,,-72.39,,,,-72.1393,,,,-70.489,,,,-69.0898,,,,-69.648,,,,-70.5331,,,,-71.074
,,,,-72.499,,,,-71.0905,,,,-71.211,,,,-70.3691,,,,-69.593,,,,-69.3196,,,,-70.5,,,,-71.6478,,,,-73.9084,,,,-72.39,,,,-72.1721,,,,-70.544,,,,-69.0898,,,,-69.648,,,,-70.5331,,,,-71.09
,,,,-72.532,,,,-71.1561,,,,-71.189,,,,-70.2379,,,,-69.571,,,,-69.3196,,,,-70.5,,,,-71.6478,,,,-73.9084,,,,-72.412,,,,-72.1721,,,,-70.522,,,,-69.1555,,,,-69.669,,,,-70.5331,,,,-71.09
,,,,-72.532,,,,-71.1561,,,,-71.211,,,,-70.3036,,,,-69.604,,,,-69.3523,,,,-70.511,,,,-71.6478,,,,-73.9084,,,,-72.412,,,,-72.1721,,,,-70.544,,,,-69.1555,,,,-69.68,,,,-70.5331,,,,-71.09
,,,,-72.532,,,,-71.1561,,,,-71.211,,,,-70.3036,,,,-69.615,,,,-69.3851,,,,-70.544,,,,-71.6805,,,,-73.9084,,,,-72.412,,,,-72.1721,,,,-70.544,,,,-69.1555,,,,-69.702,,,,-70.5659,,,,-71.123
,,,,-72.516,,,,-71.1233,,,,-71.232,,,,-70.4019,,,,-69.669,,,,-69.4179,,,,-70.555,,,,-71.6805,,,,-73.9084,,,,-72.401,,,,-72.1721,,,,-70.587,,,,-69.1883,,,,-69.724,,,,-70.5659,,,,-71.123
,,,,-72.549,,,,-71.1888,,,,-71.243,,,,-70.3364,,,,-69.658,,,,-69.4179,,,,-70.577,,,,-71.7132,,,,-73.9084,,,,-72.434,,,,-72.2048,,,,-70.587,,,,-69.2211,,,,-69.746,,,,-70.5987,,,,-71.156
,,,,-72.532,,,,-71.1561,,,,-71.222,,,,-70.3036,,,,-69.648,,,,-69.4508,,,,-70.598,,,,-71.7132,,,,-73.9084,,,,-72.423,,,,-72.2048,,,,-70.566,,,,-69.1883,,,,-69.757,,,,-70.6315,,,,-71.172
,,,,-72.581,,,,-71.2544,,,,-71.298,,,,-70.4347,,,,-69.691,,,,-69.4179,,,,-70.577,,,,-71.7132,,,,-73.9084,,,,-72.456,,,,-72.2048,,,,-70.62,,,,-69.2211,,,,-69.746,,,,-70.5987,,,,-71.156
,,,,-72.565,,,,-71.1888,,,,-71.276,,,,-70.4347,,,,-69.713,,,,-69.4508,,,,-70.588,,,,-71.7132,,,,-73.941,,,,-72.445,,,,-72.2048,,,,-70.631,,,,-69.2539,,,,-69.768,,,,-70.5987,,,,-71.156
,,,,-72.581,,,,-71.2216,,,,-71.298,,,,-70.4347,,,,-69.713,,,,-69.4508,,,,-70.609,,,,-71.7461,,,,-73.941,,,,-72.467,,,,-72.2377,,,,-70.642,,,,-69.2539,,,,-69.779,,,,-70.6315,,,,-71.189
,,,,-72.581,,,,-71.2216,,,,-71.298,,,,-70.4347,,,,-69.724,,,,-69.4836,,,,-70.62,,,,-71.7461,,,,-73.941,,,,-72.467,,,,-72.2377,,,,-70.642,,,,-69.2539,,,,-69.79,,,,-70.6315,,,,-71.189
,,,,-72.499,,,,-71.0576,,,,-71.254,,,,-70.4675,,,,-69.746,,,,-69.4836,,,,-70.642,,,,-71.7789,,,,-73.941,,,,-72.412,,,,-72.2377,,,,-70.664,,,,-69.2868,,,,-69.812,,,,-70.6643,,,,-71.222
,,,,-72.598,,,,-71.2544,,,,-71.331,,,,-70.4675,,,,-69.768,,,,-69.5164,,,,-70.653,,,,-71.7789,,,,-73.941,,,,-72.489,,,,-72.2704,,,,-70.686,,,,-69.3196,,,,-69.833,,,,-70.6643,,,,-71.222
,,,,-72.647,,,,-71.32,,,,-71.353,,,,-70.5003,,,,-69.779,,,,-69.5164,,,,-70.653,,,,-71.7789,,,,-73.9738,,,,-72.51,,,,-72.2377,,,,-70.686,,,,-69.3196,,,,-69.833,,,,-70.6643,,,,-71.222
,,,,-72.63,,,,-71.2872,,,,-71.342,,,,-70.4675,,,,-69.779,,,,-69.5492,,,,-70.686,,,,-71.8116,,,,-73.9738,,,,-72.51,,,,-72.2704,,,,-70.686,,,,-69.3196,,,,-69.855,,,,-70.697,,,,-71.254
,,,,-72.663,,,,-71.3527,,,,-71.385,,,,-70.5331,,,,-69.833,,,,-69.5819,,,,-70.697,,,,-71.8116,,,,-73.9738,,,,-72.532,,,,-72.2704,,,,-70.73,,,,-69.3851,,,,-69.888,,,,-70.697,,,,-71.254
,,,,-72.68,,,,-71.3527,,,,-71.396,,,,-70.5331,,,,-69.833,,,,-69.5819,,,,-70.719,,,,-71.8444,,,,-74.0064,,,,-72.554,,,,-72.3032,,,,-70.74,,,,-69.3851,,,,-69.899,,,,-70.7298,,,,-71.287
,,,,-72.614,,,,-71.2544,,,,-71.385,,,,-70.5659,,,,-69.855,,,,-69.6148,,,,-70.73,,,,-71.8444,,,,-73.9738,,,,-72.521,,,,-72.336,,,,-70.762,,,,-69.3851,,,,-69.91,,,,-70.7298,,,,-71.287
,,,,-72.68,,,,-71.3527,,,,-71.407,,,,-70.5331,,,,-69.866,,,,-69.6476,,,,-70.762,,,,-71.8771,,,,-74.0064,,,,-72.565,,,,-72.336,,,,-70.762,,,,-69.4179,,,,-69.943,,,,-70.7626,,,,-71.32
,,,,-72.647,,,,-71.2872,,,,-71.429,,,,-70.6643,,,,-69.921,,,,-69.6476,,,,-70.773,,,,-71.91,,,,-74.0064,,,,-72.543,,,,-72.336,,,,-70.817,,,,-69.4508,,,,-69.954,,,,-70.7626,,,,-71.336
,,,,-72.663,,,,-71.3527,,,,-71.418,,,,-70.5659,,,,-69.899,,,,-69.6476,,,,-70.762,,,,-71.8771,,,,-73.9738,,,,-72.554,,,,-72.336,,,,-70.795,,,,-69.4836,,,,-69.965,,,,-70.7626,,,,-71.32
,,,,-72.745,,,,-71.4839,,,,-71.495,,,,-70.6315,,,,-69.921,,,,-69.6804,,,,-70.795,,,,-71.91,,,,-74.0064,,,,-72.62,,,,-72.3687,,,,-70.817,,,,-69.4508,,,,-69.976,,,,-70.7954,,,,-71.353
,,,,-72.745,,,,-71.4511,,,,-71.462,,,,-70.5659,,,,-69.91,,,,-69.6804,,,,-70.806,,,,-71.9427,,,,-74.0393,,,,-72.62,,,,-72.3687,,,,-70.806,,,,-69.4836,,,,-69.986,,,,-70.7954,,,,-71.369
,,,,-72.778,,,,-71.5167,,,,-71.527,,,,-70.6643,,,,-69.954,,,,-69.6804,,,,-70.817,,,,-71.9427,,,,-74.0393,,,,-72.652,,,,-72.4015,,,,-70.861,,,,-69.5164,,,,-70.008,,,,-70.8282,,,,-71.385
,,,,-72.745,,,,-71.4511,,,,-71.495,,,,-70.6643,,,,-69.965,,,,-69.7132,,,,-70.828,,,,-71.9427,,,,-74.0393,,,,-72.62,,,,-72.3687,,,,-70.85,,,,-69.5164,,,,-70.019,,,,-70.8282,,,,-71.385
,,,,-72.762,,,,-71.4839,,,,-71.506,,,,-70.6315,,,,-69.965,,,,-69.7459,,,,-70.839,,,,-71.9427,,,,-74.0393,,,,-72.642,,,,-72.4015,,,,-70.85,,,,-69.5164,,,,-70.03,,,,-70.8282,,,,-71.385
,,,,-72.762,,,,-71.4839,,,,-71.495,,,,-70.5987,,,,-69.965,,,,-69.7459,,,,-70.861,,,,-71.9755,,,,-74.0393,,,,-72.642,,,,-72.4015,,,,-70.85,,,,-69.5492,,,,-70.052,,,,-70.861,,,,-71.418
,,,,-72.762,,,,-71.4839,,,,-71.517,,,,-70.6643,,,,-69.986,,,,-69.7459,,,,-70.861,,,,-71.9755,,,,-74.0393,,,,-72.642,,,,-72.4015,,,,-70.872,,,,-69.5492,,,,-70.052,,,,-70.861,,,,-71.418
,,,,-72.778,,,,-71.4839,,,,-71.549,,,,-70.7298,,,,-70.019,,,,-69.7459,,,,-70.861,,,,-71.9427,,,,-74.072,,,,-72.663,,,,-72.4343,,,,-70.915,,,,-69.5819,,,,-70.074,,,,-70.8937,,,,-71.418
,,,,-72.811,,,,-71.5167,,,,-71.56,,,,-70.697,,,,-70.03,,,,-69.8116,,,,-70.894,,,,-71.9755,,,,-74.1048,,,,-72.696,,,,-72.467,,,,-70.915,,,,-69.5819,,,,-70.096,,,,-70.8937,,,,-71.435
,,,,-72.843,,,,-71.5494,,,,-71.582,,,,-70.6643,,,,-70.019,,,,-69.7788,,,,-70.916,,,,-72.0083,,,,-74.1375,,,,-72.74,,,,-72.5325,,,,-70.937,,,,-69.6148,,,,-70.118,,,,-70.9594,,,,-71.484
,,,,-72.925,,,,-71.615,,,,-71.648,,,,-70.7298,,,,-70.052,,,,-69.8116,,,,-70.937,,,,-72.0083,,,,-74.2357,,,,-72.816,,,,-72.5981,,,,-70.981,,,,-69.6148,,,,-70.14,,,,-70.9922,,,,-71.5
,,,,-72.942,,,,-71.5822,,,,-71.68,,,,-70.7954,,,,-70.096,,,,-69.8445,,,,-70.981,,,,-72.041,,,,-74.3012,,,,-72.849,,,,-72.6636,,,,-71.036,,,,-69.6476,,,,-70.183,,,,-71.0576,,,,-71.549
,,,,-73.007,,,,-71.615,,,,-71.757,,,,-70.8937,,,,-70.15,,,,-69.8772,,,,-71.036,,,,-72.0738,,,,-74.3994,,,,-72.925,,,,-72.7619,,,,-71.112,,,,-69.6804,,,,-70.238,,,,-71.1561,,,,-71.615
,,,,-73.024,,,,-71.615,,,,-71.735,,,,-70.8282,,,,-70.15,,,,-69.9099,,,,-71.068,,,,-72.1065,,,,-74.4322,,,,-72.936,,,,-72.7619,,,,-71.101,,,,-69.7132,,,,-70.271,,,,-71.1888,,,,-71.648
,,,,-73.056,,,,-71.615,,,,-71.779,,,,-70.8937,,,,-70.194,,,,-69.9429,,,,-71.09,,,,-72.1393,,,,-74.4976,,,,-72.98,,,,-72.8274,,,,-71.156,,,,-69.7459,,,,-70.293,,,,-71.1888,,,,-71.664
,,,,-73.105,,,,-71.6805,,,,-71.855,,,,-71.0249,,,,-70.249,,,,-69.9429,,,,-71.112,,,,-72.1393,,,,-74.5304,,,,-73.024,,,,-72.8601,,,,-71.221,,,,-69.7788,,,,-70.325,,,,-71.2544,,,,-71.697
,,,,-73.22,,,,-71.8444,,,,-71.91,,,,-70.9922,,,,-70.26,,,,-69.9756,,,,-71.156,,,,-72.2048,,,,-74.5959,,,,-73.111,,,,-72.893,,,,-71.232,,,,-69.8116,,,,-70.358,,,,-71.2872,,,,-71.746
,,,,-73.171,,,,-71.6478,,,,-71.866,,,,-71.0576,,,,-70.293,,,,-70.0084,,,,-71.189,,,,-72.2377,,,,-74.6941,,,,-73.078,,,,-72.893,,,,-71.254,,,,-69.8116,,,,-70.38,,,,-71.32,,,,-71.779
,,,,-73.269,,,,-71.8116,,,,-71.943,,,,-71.0576,,,,-70.314,,,,-70.0412,,,,-71.211,,,,-72.2377,,,,-74.7268,,,,-73.166,,,,-72.9585,,,,-71.287,,,,-69.8445,,,,-70.413,,,,-71.3527,,,,-71.795
,,,,-73.269,,,,-71.7461,,,,-71.943,,,,-71.0249,,,,-70.314,,,,-70.0412,,,,-71.243,,,,-72.2704,,,,-74.7923,,,,-73.198,,,,-73.0567,,,,-71.32,,,,-69.8772,,,,-70.446,,,,-71.4183,,,,-71.844
,,,,-73.351,,,,-71.8116,,,,-72.008,,,,-71.1233,,,,-70.391,,,,-70.1068,,,,-71.287,,,,-72.3032,,,,-74.8905,,,,-73.264,,,,-73.0895,,,,-71.385,,,,-69.9429,,,,-70.5,,,,-71.4511,,,,-71.877
,,,,-73.498,,,,-71.8771,,,,-72.15,,,,-71.2872,,,,-70.522,,,,-70.2052,,,,-71.429,,,,-72.4343,,,,-75.1196,,,,-73.428,,,,-73.2861,,,,-71.549,,,,-70.0739,,,,-70.642,,,,-71.6478,,,,-72.041
,,,,-73.646,,,,-72.041,,,,-72.237,,,,-71.32,,,,-70.577,,,,-70.2708,,,,-71.506,,,,-72.4998,,,,-75.2506,,,,-73.548,,,,-73.3514,,,,-71.604,,,,-70.1396,,,,-70.719,,,,-71.7461,,,,-72.123
,,,,-73.678,,,,-72.041,,,,-72.292,,,,-71.3854,,,,-70.642,,,,-70.3364,,,,-71.582,,,,-72.5981,,,,-75.3159,,,,-73.602,,,,-73.4498,,,,-71.68,,,,-70.2052,,,,-70.784,,,,-71.8116,,,,-72.205
,,,,-73.76,,,,-72.1065,,,,-72.369,,,,-71.4839,,,,-70.686,,,,-70.3364,,,,-71.604,,,,-72.5981,,,,-75.4142,,,,-73.679,,,,-73.5153,,,,-71.746,,,,-70.2379,,,,-70.817,,,,-71.8771,,,,-72.238
,,,,-73.81,,,,-72.1721,,,,-72.39,,,,-71.4511,,,,-70.719,,,,-70.4019,,,,-71.658,,,,-72.6636,,,,-75.4469,,,,-73.722,,,,-73.5481,,,,-71.768,,,,-70.3036,,,,-70.872,,,,-71.91,,,,-72.287
,,,,-73.826,,,,-72.1721,,,,-72.423,,,,-71.5167,,,,-70.752,,,,-70.4347,,,,-71.691,,,,-72.6963,,,,-75.4796,,,,-73.744,,,,-73.5808,,,,-71.8,,,,-70.3036,,,,-70.894,,,,-71.9427,,,,-72.32
,,,,-73.859,,,,-72.1721,,,,-72.434,,,,-71.4839,,,,-70.752,,,,-70.4675,,,,-71.724,,,,-72.7291,,,,-75.5451,,,,-73.788,,,,-73.6463,,,,-71.811,,,,-70.3036,,,,-70.916,,,,-71.9755,,,,-72.352
,,,,-73.859,,,,-72.1721,,,,-72.467,,,,-71.5822,,,,-70.817,,,,-70.5003,,,,-71.768,,,,-72.7619,,,,-75.5451,,,,-73.788,,,,-73.6463,,,,-71.866,,,,-70.3691,,,,-70.97,,,,-72.041,,,,-72.401
,,,,-73.891,,,,-72.1721,,,,-72.5,,,,-71.6478,,,,-70.861,,,,-70.5659,,,,-71.8,,,,-72.7946,,,,-75.6106,,,,-73.821,,,,-73.679,,,,-71.899,,,,-70.3691,,,,-70.992,,,,-72.041,,,,-72.418
,,,,-73.957,,,,-72.2377,,,,-72.532,,,,-71.6478,,,,-70.872,,,,-70.5659,,,,-71.833,,,,-72.8274,,,,-75.6761,,,,-73.875,,,,-73.7118,,,,-71.92,,,,-70.4019,,,,-71.025,,,,-72.1065,,,,-72.467
,,,,-74.022,,,,-72.336,,,,-72.576,,,,-71.6478,,,,-70.894,,,,-70.5987,,,,-71.866,,,,-72.8601,,,,-75.7087,,,,-73.93,,,,-73.7446,,,,-71.942,,,,-70.4347,,,,-71.058,,,,-72.1393,,,,-72.5
,,,,-74.039,,,,-72.336,,,,-72.598,,,,-71.6805,,,,-70.916,,,,-70.5987,,,,-71.877,,,,-72.893,,,,-75.7414,,,,-73.952,,,,-73.7773,,,,-71.975,,,,-70.4675,,,,-71.069,,,,-72.1393,,,,-72.516
,,,,-74.055,,,,-72.336,,,,-72.663,,,,-71.8116,,,,-70.981,,,,-70.6315,,,,-71.921,,,,-72.9257,,,,-75.7742,,,,-73.984,,,,-73.8427,,,,-72.052,,,,-70.5003,,,,-71.112,,,,-72.2048,,,,-72.565
,,,,-74.104,,,,-72.3687,,,,-72.685,,,,-71.8444,,,,-71.014,,,,-70.6643,,,,-71.954,,,,-72.9585,,,,-75.8396,,,,-74.017,,,,-73.8427,,,,-72.073,,,,-70.5331,,,,-71.145,,,,-72.2377,,,,-72.598
,,,,-74.104,,,,-72.336,,,,-72.653,,,,-71.7461,,,,-71.003,,,,-70.697,,,,-71.986,,,,-72.9912,,,,-75.8723,,,,-74.028,,,,-73.8756,,,,-72.063,,,,-70.5659,,,,-71.178,,,,-72.2704,,,,-72.631
,,,,-74.17,,,,-72.467,,,,-72.74,,,,-71.8444,,,,-71.058,,,,-70.7298,,,,-72.008,,,,-72.9912,,,,-75.8723,,,,-74.083,,,,-73.9084,,,,-72.117,,,,-70.5987,,,,-71.211,,,,-72.3032,,,,-72.647
,,,,-74.301,,,,-72.5653,,,,-72.904,,,,-72.041,,,,-71.232,,,,-70.8937,,,,-72.194,,,,-73.1877,,,,-76.0359,,,,-74.235,,,,-74.1048,,,,-72.303,,,,-70.7626,,,,-71.385,,,,-72.4998,,,,-72.844
,,,,-74.366,,,,-72.6309,,,,-72.926,,,,-72.041,,,,-71.243,,,,-70.9266,,,,-72.216,,,,-73.2206,,,,-76.1013,,,,-74.279,,,,-74.1048,,,,-72.303,,,,-70.7626,,,,-71.396,,,,-72.4998,,,,-72.86
,,,,-74.333,,,,-72.5325,,,,-72.926,,,,-72.0738,,,,-71.265,,,,-70.9266,,,,-72.248,,,,-73.2533,,,,-76.134,,,,-74.279,,,,-74.1702,,,,-72.346,,,,-70.7954,,,,-71.429,,,,-72.5653,,,,-72.909
,,,,-74.415,,,,-72.6636,,,,-72.958,,,,-72.041,,,,-71.287,,,,-70.9922,,,,-72.281,,,,-73.2861,,,,-76.1668,,,,-74.334,,,,-74.1702,,,,-72.346,,,,-70.8282,,,,-71.462,,,,-72.5653,,,,-72.926
,,,,-74.464,,,,-72.7291,,,,-73.035,,,,-72.1721,,,,-71.331,,,,-70.9922,,,,-72.292,,,,-73.2861,,,,-76.1995,,,,-74.377,,,,-74.203,,,,-72.401,,,,-70.8282,,,,-71.473,,,,-72.5981,,,,-72.942
,,,,-74.497,,,,-72.7946,,,,-73.035,,,,-72.0738,,,,-71.32,,,,-71.0249,,,,-72.336,,,,-73.3188,,,,-76.1995,,,,-74.41,,,,-74.2357,,,,-72.39,,,,-70.861,,,,-71.517,,,,-72.6636,,,,-72.991
,,,,-74.464,,,,-72.6963,,,,-73.046,,,,-72.1721,,,,-71.385,,,,-71.0576,,,,-72.368,,,,-73.3843,,,,-76.2322,,,,-74.399,,,,-74.2685,,,,-72.456,,,,-70.9266,,,,-71.549,,,,-72.6636,,,,-73.024
,,,,-74.546,,,,-72.8274,,,,-73.1,,,,-72.2048,,,,-71.396,,,,-71.0576,,,,-72.379,,,,-73.3843,,,,-76.265,,,,-74.454,,,,-74.2685,,,,-72.467,,,,-70.9266,,,,-71.56,,,,-72.6963,,,,-73.04
,,,,-74.612,,,,-72.9257,,,,-73.155,,,,-72.2377,,,,-71.429,,,,-71.0905,,,,-72.434,,,,-73.4498,,,,-76.2976,,,,-74.508,,,,-74.3012,,,,-72.499,,,,-70.9594,,,,-71.604,,,,-72.7619,,,,-73.106
,,,,-74.628,,,,-72.893,,,,-73.199,,,,-72.3032,,,,-71.484,,,,-71.1561,,,,-72.478,,,,-73.4826,,,,-76.3631,,,,-74.552,,,,-74.3994,,,,-72.565,,,,-70.9922,,,,-71.648,,,,-72.7946,,,,-73.139
,,,,-74.661,,,,-72.9257,,,,-73.199,,,,-72.2704,,,,-71.495,,,,-71.1888,,,,-72.5,,,,-73.5153,,,,-76.3958,,,,-74.574,,,,-74.3994,,,,-72.565,,,,-71.0249,,,,-71.669,,,,-72.7946,,,,-73.155
,,,,-74.677,,,,-72.9585,,,,-73.264,,,,-72.3687,,,,-71.549,,,,-71.2216,,,,-72.543,,,,-73.5481,,,,-76.3958,,,,-74.606,,,,-74.4649,,,,-72.63,,,,-71.0576,,,,-71.713,,,,-72.8601,,,,-73.204
,,,,-74.694,,,,-72.9585,,,,-73.242,,,,-72.3032,,,,-71.538,,,,-71.2544,,,,-72.565,,,,-73.5481,,,,-76.4285,,,,-74.617,,,,-74.4649,,,,-72.609,,,,-71.0576,,,,-71.735,,,,-72.893,,,,-73.221
,,,,-74.693,,,,-72.9257,,,,-73.286,,,,-72.4343,,,,-71.593,,,,-71.2544,,,,-72.587,,,,-73.6136,,,,-76.4612,,,,-74.628,,,,-74.4976,,,,-72.674,,,,-71.0905,,,,-71.746,,,,-72.893,,,,-73.253
,,,,-74.775,,,,-73.0567,,,,-73.34,,,,-72.4343,,,,-71.615,,,,-71.2872,,,,-72.62,,,,-73.6463,,,,-76.494,,,,-74.694,,,,-74.5304,,,,-72.696,,,,-71.1233,,,,-71.779,,,,-72.9257,,,,-73.286
,,,,-74.792,,,,-73.0567,,,,-73.351,,,,-72.4343,,,,-71.659,,,,-71.3527,,,,-72.674,,,,-73.679,,,,-76.5266,,,,-74.716,,,,-74.5632,,,,-72.729,,,,-71.1888,,,,-71.844,,,,-72.9912,,,,-73.335
,,,,-74.841,,,,-73.1223,,,,-73.395,,,,-72.4343,,,,-71.659,,,,-71.3527,,,,-72.674,,,,-73.679,,,,-76.5594,,,,-74.77,,,,-74.6286,,,,-72.751,,,,-71.1888,,,,-71.844,,,,-72.9912,,,,-73.335
,,,,-74.857,,,,-73.1223,,,,-73.406,,,,-72.467,,,,-71.691,,,,-71.3854,,,,-72.729,,,,-73.7446,,,,-76.5921,,,,-74.781,,,,-74.6286,,,,-72.772,,,,-71.2216,,,,-71.888,,,,-73.0567,,,,-73.401
,,,,-74.874,,,,-73.1223,,,,-73.428,,,,-72.5325,,,,-71.735,,,,-71.4183,,,,-72.751,,,,-73.7773,,,,-76.6247,,,,-74.792,,,,-74.6286,,,,-72.805,,,,-71.2544,,,,-71.91,,,,-73.0567,,,,-73.417
,,,,-74.874,,,,-73.1223,,,,-73.428,,,,-72.467,,,,-71.746,,,,-71.4511,,,,-72.784,,,,-73.81,,,,-76.6247,,,,-74.814,,,,-74.6941,,,,-72.827,,,,-71.32,,,,-71.954,,,,-73.0895,,,,-73.45
,,,,-74.923,,,,-73.1877,,,,-73.482,,,,-72.5653,,,,-71.779,,,,-71.4511,,,,-72.805,,,,-73.8427,,,,-76.6575,,,,-74.846,,,,-74.6941,,,,-72.86,,,,-71.32,,,,-71.964,,,,-73.1223,,,,-73.482
,,,,-74.939,,,,-73.1877,,,,-73.515,,,,-72.6309,,,,-71.812,,,,-71.4839,,,,-72.827,,,,-73.8427,,,,-76.6902,,,,-74.868,,,,-74.7268,,,,-72.893,,,,-71.32,,,,-71.986,,,,-73.155,,,,-73.499
,,,,-74.988,,,,-73.2533,,,,-73.548,,,,-72.6309,,,,-71.844,,,,-71.5494,,,,-72.871,,,,-73.8756,,,,-76.7229,,,,-74.912,,,,-74.7596,,,,-72.914,,,,-71.3527,,,,-72.03,,,,-73.1877,,,,-73.532
,,,,-75.004,,,,-73.2533,,,,-73.57,,,,-72.6309,,,,-71.866,,,,-71.5822,,,,-72.904,,,,-73.9084,,,,-76.7556,,,,-74.945,,,,-74.825,,,,-72.947,,,,-71.3854,,,,-72.063,,,,-73.2206,,,,-73.565
,,,,-75.054,,,,-73.3188,,,,-73.592,,,,-72.6636,,,,-71.888,,,,-71.5822,,,,-72.926,,,,-73.941,,,,-76.7882,,,,-74.966,,,,-74.7923,,,,-72.958,,,,-71.4183,,,,-72.085,,,,-73.2533,,,,-73.597
,,,,-75.054,,,,-73.2861,,,,-73.635,,,,-72.7946,,,,-71.943,,,,-71.5822,,,,-72.926,,,,-73.941,,,,-76.821,,,,-74.977,,,,-74.825,,,,-73.024,,,,-71.4511,,,,-72.096,,,,-73.2533,,,,-73.597
,,,,-75.103,,,,-73.3514,,,,-73.668,,,,-72.7946,,,,-71.954,,,,-71.615,,,,-72.969,,,,-73.9738,,,,-76.8538,,,,-75.021,,,,-74.8578,,,,-73.034,,,,-71.4511,,,,-72.128,,,,-73.3188,,,,-73.646
,,,,-75.135,,,,-73.4498,,,,-73.712,,,,-72.7946,,,,-71.975,,,,-71.6478,,,,-72.98,,,,-74.0064,,,,-76.821,,,,-75.054,,,,-74.8905,,,,-73.056,,,,-71.4839,,,,-72.139,,,,-73.2861,,,,-73.646
,,,,-75.135,,,,-73.3843,,,,-73.668,,,,-72.7291,,,,-71.964,,,,-71.6805,,,,-73.013,,,,-74.0393,,,,-76.8865,,,,-75.054,,,,-74.8905,,,,-73.034,,,,-71.4839,,,,-72.161,,,,-73.3188,,,,-73.679
,,,,-75.152,,,,-73.3843,,,,-73.701,,,,-72.7946,,,,-71.997,,,,-71.6805,,,,-73.046,,,,-74.072,,,,-76.9192,,,,-75.076,,,,-74.9233,,,,-73.078,,,,-71.5167,,,,-72.194,,,,-73.3843,,,,-73.728
,,,,-75.201,,,,-73.4826,,,,-73.766,,,,-72.8274,,,,-72.03,,,,-71.7132,,,,-73.056,,,,-74.072,,,,-76.9192,,,,-75.13,,,,-74.9886,,,,-73.122,,,,-71.5494,,,,-72.216,,,,-73.3843,,,,-73.728
,,,,-75.201,,,,-73.4498,,,,-73.766,,,,-72.893,,,,-72.085,,,,-71.7461,,,,-73.1,,,,-74.1048,,,,-76.9518,,,,-75.119,,,,-74.956,,,,-73.155,,,,-71.615,,,,-72.27,,,,-73.4498,,,,-73.777
,,,,-75.234,,,,-73.4826,,,,-73.81,,,,-72.9257,,,,-72.107,,,,-71.7789,,,,-73.122,,,,-74.1375,,,,-76.9846,,,,-75.163,,,,-75.0214,,,,-73.187,,,,-71.615,,,,-72.281,,,,-73.4498,,,,-73.794
,,,,-75.25,,,,-73.4826,,,,-73.821,,,,-72.9257,,,,-72.128,,,,-71.8116,,,,-73.166,,,,-74.203,,,,-77.0172,,,,-75.185,,,,-75.0541,,,,-73.209,,,,-71.6478,,,,-72.314,,,,-73.4826,,,,-73.843
,,,,-75.299,,,,-73.5481,,,,-73.864,,,,-72.9912,,,,-72.161,,,,-71.8444,,,,-73.188,,,,-74.203,,,,-77.05,,,,-75.217,,,,-75.0541,,,,-73.231,,,,-71.6478,,,,-72.336,,,,-73.5153,,,,-73.859
,,,,-75.283,,,,-73.5153,,,,-73.864,,,,-72.9912,,,,-72.172,,,,-71.8444,,,,-73.209,,,,-74.2357,,,,-77.05,,,,-75.217,,,,-75.0869,,,,-73.253,,,,-71.6805,,,,-72.358,,,,-73.5481,,,,-73.892
,,,,-75.512,,,,-73.7773,,,,-74.061,,,,-73.1223,,,,-72.358,,,,-72.0738,,,,-73.417,,,,-74.4322,,,,-77.2462,,,,-75.436,,,,-75.2833,,,,-73.428,,,,-71.8771,,,,-72.565,,,,-73.7446,,,,-74.088
,,,,-75.577,,,,-73.8427,,,,-74.105,,,,-73.155,,,,-72.38,,,,-72.0738,,,,-73.45,,,,-74.4976,,,,-77.3116,,,,-75.49,,,,-75.3159,,,,-73.46,,,,-71.91,,,,-72.587,,,,-73.7773,,,,-74.137
,,,,-75.577,,,,-73.8427,,,,-74.159,,,,-73.3188,,,,-72.456,,,,-72.1065,,,,-73.471,,,,-74.4976,,,,-77.3116,,,,-75.49,,,,-75.3159,,,,-73.526,,,,-71.9427,,,,-72.62,,,,-73.81,,,,-74.154
,,,,-75.626,,,,-73.9084,,,,-74.17,,,,-73.2533,,,,-72.445,,,,-72.1393,,,,-73.493,,,,-74.5304,,,,-77.3444,,,,-75.534,,,,-75.3487,,,,-73.515,,,,-71.9427,,,,-72.631,,,,-73.81,,,,-74.17
,,,,-75.626,,,,-73.9084,,,,-74.192,,,,-73.2861,,,,-72.478,,,,-72.1721,,,,-73.526,,,,-74.5632,,,,-77.3444,,,,-75.545,,,,-75.3814,,,,-73.548,,,,-71.9755,,,,-72.663,,,,-73.8427,,,,-74.203
,,,,-75.626,,,,-73.9084,,,,-74.181,,,,-73.2206,,,,-72.467,,,,-72.1721,,,,-73.537,,,,-74.5632,,,,-77.3444,,,,-75.556,,,,-75.4142,,,,-73.548,,,,-72.0083,,,,-72.685,,,,-73.8756,,,,-74.219
,,,,-75.643,,,,-73.9084,,,,-74.225,,,,-73.3188,,,,-72.522,,,,-72.2048,,,,-73.559,,,,-74.5959,,,,-77.377,,,,-75.577,,,,-75.4469,,,,-73.602,,,,-72.041,,,,-72.707,,,,-73.8756,,,,-74.236
,,,,-75.692,,,,-73.9738,,,,-74.268,,,,-73.3843,,,,-72.565,,,,-72.2377,,,,-73.613,,,,-74.6613,,,,-77.4097,,,,-75.61,,,,-75.4469,,,,-73.635,,,,-72.0738,,,,-72.751,,,,-73.941,,,,-74.301
,,,,-75.724,,,,-74.0064,,,,-74.29,,,,-73.3843,,,,-72.587,,,,-72.2704,,,,-73.646,,,,-74.6941,,,,-77.4424,,,,-75.643,,,,-75.4796,,,,-73.657,,,,-72.1065,,,,-72.784,,,,-73.9738,,,,-74.334
,,,,-75.757,,,,-74.0393,,,,-74.334,,,,-73.4498,,,,-72.631,,,,-72.3032,,,,-73.668,,,,-74.7268,,,,-77.4751,,,,-75.676,,,,-75.5124,,,,-73.7,,,,-72.1393,,,,-72.805,,,,-73.9738,,,,-74.35
,,,,-75.774,,,,-74.072,,,,-74.356,,,,-73.4826,,,,-72.664,,,,-72.336,,,,-73.679,,,,-74.7268,,,,-77.4751,,,,-75.687,,,,-75.5124,,,,-73.722,,,,-72.1721,,,,-72.827,,,,-73.9738,,,,-74.35
,,,,-75.79,,,,-74.1048,,,,-74.377,,,,-73.4498,,,,-72.653,,,,-72.336,,,,-73.712,,,,-74.7596,,,,-77.4751,,,,-75.719,,,,-75.5778,,,,-73.733,,,,-72.1721,,,,-72.849,,,,-74.0393,,,,-74.399
,,,,-75.806,,,,-74.1048,,,,-74.367,,,,-73.4171,,,,-72.664,,,,-72.3687,,,,-73.744,,,,-74.7923,,,,-77.5078,,,,-75.73,,,,-75.5778,,,,-73.733,,,,-72.2048,,,,-72.882,,,,-74.072,,,,-74.432
,,,,-75.888,,,,-74.2357,,,,-74.421,,,,-73.4498,,,,-72.696,,,,-72.4015,,,,-73.766,,,,-74.825,,,,-77.5405,,,,-75.785,,,,-75.5778,,,,-73.755,,,,-72.2377,,,,-72.904,,,,-74.072,,,,-74.448
,,,,-75.855,,,,-74.1375,,,,-74.421,,,,-73.5481,,,,-72.751,,,,-72.4343,,,,-73.788,,,,-74.825,,,,-77.5732,,,,-75.763,,,,-75.5778,,,,-73.799,,,,-72.2704,,,,-72.937,,,,-74.1048,,,,-74.465
,,,,-75.872,,,,-74.203,,,,-74.443,,,,-73.5153,,,,-72.751,,,,-72.467,,,,-73.81,,,,-74.8578,,,,-77.5405,,,,-75.785,,,,-75.6106,,,,-73.799,,,,-72.2704,,,,-72.947,,,,-74.1048,,,,-74.481
,,,,-75.872,,,,-74.1702,,,,-74.432,,,,-73.4826,,,,-72.751,,,,-72.467,,,,-73.81,,,,-74.8578,,,,-77.5732,,,,-75.796,,,,-75.6432,,,,-73.81,,,,-72.3032,,,,-72.958,,,,-74.1048,,,,-74.481
,,,,-75.904,,,,-74.203,,,,-74.487,,,,-73.5808,,,,-72.795,,,,-72.4998,,,,-73.843,,,,-74.8905,,,,-77.6059,,,,-75.828,,,,-75.6761,,,,-73.853,,,,-72.3032,,,,-72.98,,,,-74.1375,,,,-74.514
,,,,-75.954,,,,-74.2685,,,,-74.519,,,,-73.5808,,,,-72.816,,,,-72.5325,,,,-73.875,,,,-74.9233,,,,-77.6386,,,,-75.872,,,,-75.7087,,,,-73.875,,,,-72.336,,,,-73.013,,,,-74.1702,,,,-74.547
,,,,-75.97,,,,-74.3012,,,,-74.53,,,,-73.6136,,,,-72.838,,,,-72.5325,,,,-73.886,,,,-74.956,,,,-77.6386,,,,-75.872,,,,-75.6761,,,,-73.886,,,,-72.3687,,,,-73.024,,,,-74.1702,,,,-74.563
,,,,-76.003,,,,-74.3339,,,,-74.563,,,,-73.6136,,,,-72.86,,,,-72.5653,,,,-73.908,,,,-74.956,,,,-77.6714,,,,-75.916,,,,-75.7414,,,,-73.919,,,,-72.4015,,,,-73.057,,,,-74.203,,,,-74.58
,,,,-76.003,,,,-74.3339,,,,-74.585,,,,-73.679,,,,-72.882,,,,-72.5653,,,,-73.93,,,,-75.0214,,,,-77.6714,,,,-75.916,,,,-75.7414,,,,-73.941,,,,-72.4015,,,,-73.057,,,,-74.203,,,,-74.612
,,,,-76.052,,,,-74.3994,,,,-74.628,,,,-73.7118,,,,-72.915,,,,-72.5981,,,,-73.952,,,,-75.0214,,,,-77.704,,,,-75.959,,,,-75.7742,,,,-73.973,,,,-72.4343,,,,-73.089,,,,-74.2357,,,,-74.629
,,,,-75.986,,,,-74.2357,,,,-74.585,,,,-73.7446,,,,-72.937,,,,-72.6309,,,,-73.963,,,,-75.0214,,,,-77.7367,,,,-75.916,,,,-75.7742,,,,-73.984,,,,-72.4343,,,,-73.1,,,,-74.2357,,,,-74.629
,,,,-76.084,,,,-74.4322,,,,-74.65,,,,-73.7118,,,,-72.958,,,,-72.6636,,,,-73.995,,,,-75.0541,,,,-77.7367,,,,-75.992,,,,-75.8068,,,,-74.006,,,,-72.4998,,,,-73.144,,,,-74.2685,,,,-74.661
,,,,-76.101,,,,-74.4322,,,,-74.683,,,,-73.81,,,,-73.002,,,,-72.6963,,,,-74.028,,,,-75.0869,,,,-77.7693,,,,-76.003,,,,-75.8068,,,,-74.039,,,,-72.4998,,,,-73.166,,,,-74.3012,,,,-74.694
,,,,-76.232,,,,-74.5959,,,,-74.803,,,,-73.8756,,,,-73.1,,,,-72.7946,,,,-74.137,,,,-75.2179,,,,-77.8675,,,,-76.134,,,,-75.9378,,,,-74.148,,,,-72.6309,,,,-73.275,,,,-74.3994,,,,-74.809
,,,,-76.232,,,,-74.5959,,,,-74.792,,,,-73.8427,,,,-73.111,,,,-72.8274,,,,-74.17,,,,-75.2506,,,,-77.8675,,,,-76.134,,,,-75.9378,,,,-74.148,,,,-72.6636,,,,-73.308,,,,-74.4322,,,,-74.841
,,,,-76.248,,,,-74.6286,,,,-74.847,,,,-73.9738,,,,-73.177,,,,-72.8601,,,,-74.181,,,,-75.2506,,,,-77.8675,,,,-76.145,,,,-75.9378,,,,-74.203,,,,-72.6963,,,,-73.33,,,,-74.4322,,,,-74.841
,,,,-76.281,,,,-74.6613,,,,-74.868,,,,-73.941,,,,-73.166,,,,-72.8601,,,,-74.203,,,,-75.2833,,,,-77.9002,,,,-76.188,,,,-76.0032,,,,-74.214,,,,-72.6963,,,,-73.34,,,,-74.4649,,,,-74.874
,,,,-76.297,,,,-74.6941,,,,-74.901,,,,-74.0064,,,,-73.21,,,,-72.893,,,,-74.225,,,,-75.3159,,,,-77.9002,,,,-76.199,,,,-76.0032,,,,-74.246,,,,-72.7291,,,,-73.362,,,,-74.4649,,,,-74.89
,,,,-76.297,,,,-74.6613,,,,-74.912,,,,-74.0393,,,,-73.242,,,,-72.9257,,,,-74.268,,,,-75.3487,,,,-77.9328,,,,-76.21,,,,-76.0359,,,,-74.279,,,,-72.7619,,,,-73.406,,,,-74.5304,,,,-74.94
,,,,-76.346,,,,-74.7596,,,,-74.967,,,,-74.072,,,,-73.297,,,,-72.9912,,,,-74.312,,,,-75.3814,,,,-77.9328,,,,-76.254,,,,-76.0686,,,,-74.323,,,,-72.8274,,,,-73.461,,,,-74.5632,,,,-74.972
,,,,-76.379,,,,-74.7596,,,,-74.978,,,,-74.072,,,,-73.308,,,,-73.0239,,,,-74.345,,,,-75.4142,,,,-77.9983,,,,-76.286,,,,-76.1013,,,,-74.334,,,,-72.8274,,,,-73.482,,,,-74.5959,,,,-75.005
,,,,-76.428,,,,-74.825,,,,-75.032,,,,-74.1375,,,,-73.351,,,,-73.0567,,,,-74.366,,,,-75.4469,,,,-78.0309,,,,-76.33,,,,-76.134,,,,-74.377,,,,-72.8601,,,,-73.504,,,,-74.5959,,,,-75.021
,,,,-76.444,,,,-74.8578,,,,-75.032,,,,-74.1048,,,,-73.341,,,,-73.0567,,,,-74.377,,,,-75.4469,,,,-78.0309,,,,-76.341,,,,-76.134,,,,-74.366,,,,-72.8601,,,,-73.515,,,,-74.6286,,,,-75.038
,,,,-76.428,,,,-74.825,,,,-75.032,,,,-74.1375,,,,-73.362,,,,-73.0567,,,,-74.388,,,,-75.4796,,,,-78.0309,,,,-76.33,,,,-76.134,,,,-74.388,,,,-72.893,,,,-73.526,,,,-74.6286,,,,-75.054
,,,,-76.461,,,,-74.8578,,,,-75.043,,,,-74.1048,,,,-73.384,,,,-73.1223,,,,-74.443,,,,-75.5124,,,,-78.0636,,,,-76.363,,,,-76.1668,,,,-74.399,,,,-72.9257,,,,-73.581,,,,-74.6941,,,,-75.103
,,,,-76.526,,,,-74.9886,,,,-75.109,,,,-74.1702,,,,-73.428,,,,-73.155,,,,-74.454,,,,-75.5124,,,,-78.0636,,,,-76.406,,,,-76.1668,,,,-74.432,,,,-72.9585,,,,-73.603,,,,-74.6941,,,,-75.103
,,,,-76.493,,,,-74.8905,,,,-75.109,,,,-74.2357,,,,-73.439,,,,-73.1223,,,,-74.454,,,,-75.5451,,,,-78.0962,,,,-76.395,,,,-76.1995,,,,-74.465,,,,-72.9585,,,,-73.592,,,,-74.6941,,,,-75.12
,,,,-76.526,,,,-74.9233,,,,-75.12,,,,-74.2357,,,,-73.461,,,,-73.155,,,,-74.497,,,,-75.5778,,,,-78.129,,,,-76.417,,,,-76.1995,,,,-74.475,,,,-72.9912,,,,-73.635,,,,-74.7596,,,,-75.169
,,,,-76.51,,,,-74.8905,,,,-75.076,,,,-74.1375,,,,-73.439,,,,-73.1877,,,,-74.508,,,,-75.5778,,,,-78.129,,,,-76.406,,,,-76.1995,,,,-74.443,,,,-72.9912,,,,-73.646,,,,-74.7596,,,,-75.169
,,,,-76.526,,,,-74.9233,,,,-75.12,,,,-74.203,,,,-73.493,,,,-73.2206,,,,-74.519,,,,-75.5778,,,,-78.129,,,,-76.428,,,,-76.2322,,,,-74.497,,,,-73.0567,,,,-73.679,,,,-74.7596,,,,-75.169
,,,,-76.739,,,,-75.2179,,,,-75.327,,,,-74.3667,,,,-73.668,,,,-73.4171,,,,-74.716,,,,-75.8068,,,,-78.2597,,,,-76.624,,,,-76.3958,,,,-74.661,,,,-73.2206,,,,-73.854,,,,-74.9233,,,,-75.365
,,,,-76.706,,,,-75.1196,,,,-75.327,,,,-74.4322,,,,-73.701,,,,-73.4498,,,,-74.738,,,,-75.8068,,,,-78.2925,,,,-76.614,,,,-76.4285,,,,-74.694,,,,-73.2206,,,,-73.875,,,,-74.956,,,,-75.381
,,,,-76.739,,,,-75.1851,,,,-75.36,,,,-74.4649,,,,-73.723,,,,-73.4498,,,,-74.748,,,,-75.8068,,,,-78.2925,,,,-76.635,,,,-76.4285,,,,-74.716,,,,-73.2533,,,,-73.897,,,,-74.9886,,,,-75.398
,,,,-76.804,,,,-75.2833,,,,-75.414,,,,-74.5304,,,,-73.766,,,,-73.4826,,,,-74.77,,,,-75.8068,,,,-78.3252,,,,-76.679,,,,-76.4285,,,,-74.748,,,,-73.2861,,,,-73.93,,,,-75.0214,,,,-75.414
,,,,-76.772,,,,-75.2179,,,,-75.381,,,,-74.4649,,,,-73.755,,,,-73.5153,,,,-74.803,,,,-75.8723,,,,-78.3252,,,,-76.668,,,,-76.4612,,,,-74.737,,,,-73.2861,,,,-73.941,,,,-75.0214,,,,-75.447
,,,,-76.853,,,,-75.3487,,,,-75.458,,,,-74.5304,,,,-73.81,,,,-73.5481,,,,-74.836,,,,-75.9051,,,,-78.3578,,,,-76.733,,,,-76.494,,,,-74.792,,,,-73.3514,,,,-73.985,,,,-75.0541,,,,-75.48
,,,,-76.853,,,,-75.3487,,,,-75.49,,,,-74.6286,,,,-73.865,,,,-73.5808,,,,-74.858,,,,-75.9378,,,,-78.3578,,,,-76.733,,,,-76.494,,,,-74.836,,,,-73.3843,,,,-74.006,,,,-75.0541,,,,-75.496
,,,,-76.902,,,,-75.4142,,,,-75.523,,,,-74.6286,,,,-73.886,,,,-73.6136,,,,-74.89,,,,-75.9378,,,,-78.3905,,,,-76.777,,,,-76.5266,,,,-74.857,,,,-73.4171,,,,-74.05,,,,-75.1196,,,,-75.529
,,,,-76.886,,,,-75.3814,,,,-75.534,,,,-74.6613,,,,-73.908,,,,-73.6136,,,,-74.89,,,,-75.9704,,,,-78.3905,,,,-76.777,,,,-76.5594,,,,-74.89,,,,-73.4498,,,,-74.05,,,,-75.0869,,,,-75.529
,,,,-76.886,,,,-75.3487,,,,-75.523,,,,-74.6613,,,,-73.919,,,,-73.6463,,,,-74.923,,,,-76.0032,,,,-78.4231,,,,-76.777,,,,-76.5594,,,,-74.89,,,,-73.4498,,,,-74.072,,,,-75.1196,,,,-75.561
,,,,-76.886,,,,-75.3487,,,,-75.534,,,,-74.6613,,,,-73.941,,,,-73.679,,,,-74.934,,,,-76.0032,,,,-78.4231,,,,-76.788,,,,-76.5921,,,,-74.912,,,,-73.4826,,,,-74.094,,,,-75.1196,,,,-75.561
,,,,-76.919,,,,-75.4142,,,,-75.512,,,,-74.5632,,,,-73.919,,,,-73.679,,,,-74.956,,,,-76.0359,,,,-78.4231,,,,-76.799,,,,-76.5594,,,,-74.879,,,,-73.5153,,,,-74.116,,,,-75.1523,,,,-75.594
,,,,-76.919,,,,-75.3814,,,,-75.534,,,,-74.6286,,,,-73.941,,,,-73.679,,,,-74.956,,,,-76.0359,,,,-78.4559,,,,-76.81,,,,-76.5921,,,,-74.912,,,,-73.5153,,,,-74.116,,,,-75.1523,,,,-75.594
,,,,-76.984,,,,-75.4796,,,,-75.578,,,,-74.6613,,,,-73.974,,,,-73.7118,,,,-74.978,,,,-76.0686,,,,-78.4886,,,,-76.853,,,,-76.5921,,,,-74.934,,,,-73.5481,,,,-74.137,,,,-75.1523,,,,-75.61
,,,,-77.0,,,,-75.5124,,,,-75.621,,,,-74.7268,,,,-73.996,,,,-73.7118,,,,-74.988,,,,-76.0686,,,,-78.4886,,,,-76.875,,,,-76.6247,,,,-74.967,,,,-73.5481,,,,-74.148,,,,-75.1851,,,,-75.627
,,,,-76.984,,,,-75.4796,,,,-75.61,,,,-74.7268,,,,-74.017,,,,-73.7446,,,,-75.021,,,,-76.1013,,,,-78.4886,,,,-76.864,,,,-76.6247,,,,-74.977,,,,-73.5808,,,,-74.181,,,,-75.2179,,,,-75.66
,,,,-76.968,,,,-75.4796,,,,-75.61,,,,-74.6941,,,,-74.006,,,,-73.7446,,,,-75.021,,,,-76.1013,,,,-78.4559,,,,-76.864,,,,-76.6575,,,,-74.977,,,,-73.5808,,,,-74.181,,,,-75.2179,,,,-75.66
,,,,-77.033,,,,-75.5778,,,,-75.643,,,,-74.6941,,,,-74.05,,,,-73.81,,,,-75.065,,,,-76.134,,,,-78.4886,,,,-76.908,,,,-76.6575,,,,-74.999,,,,-73.6463,,,,-74.236,,,,-75.2506,,,,-75.692
,,,,-77.033,,,,-75.5451,,,,-75.665,,,,-74.7923,,,,-74.072,,,,-73.81,,,,-75.065,,,,-76.134,,,,-78.5213,,,,-76.908,,,,-76.6575,,,,-75.021,,,,-73.6136,,,,-74.225,,,,-75.2506,,,,-75.692
,,,,-77.05,,,,-75.5778,,,,-75.698,,,,-74.825,,,,-74.094,,,,-73.81,,,,-75.076,,,,-76.1668,,,,-78.5213,,,,-76.93,,,,-76.6902,,,,-75.054,,,,-73.6463,,,,-74.236,,,,-75.2506,,,,-75.709
,,,,-77.05,,,,-75.5778,,,,-75.709,,,,-74.8578,,,,-74.116,,,,-73.8427,,,,-75.098,,,,-76.1668,,,,-78.5213,,,,-76.93,,,,-76.6902,,,,-75.065,,,,-73.6463,,,,-74.257,,,,-75.2833,,,,-75.725
,,,,-77.082,,,,-75.6106,,,,-75.698,,,,-74.7923,,,,-74.116,,,,-73.8427,,,,-75.108,,,,-76.1995,,,,-78.554,,,,-76.952,,,,-76.6902,,,,-75.065,,,,-73.7118,,,,-74.279,,,,-75.2833,,,,-75.741
,,,,-77.099,,,,-75.6432,,,,-75.741,,,,-74.825,,,,-74.148,,,,-73.8756,,,,-75.13,,,,-76.1995,,,,-78.554,,,,-76.984,,,,-76.7556,,,,-75.108,,,,-73.7446,,,,-74.312,,,,-75.3159,,,,-75.758
,,,,-77.131,,,,-75.7087,,,,-75.774,,,,-74.8905,,,,-74.17,,,,-73.9084,,,,-75.141,,,,-76.1995,,,,-78.554,,,,-76.995,,,,-76.7229,,,,-75.108,,,,-73.7118,,,,-74.312,,,,-75.3159,,,,-75.758
,,,,-77.099,,,,-75.6432,,,,-75.763,,,,-74.8905,,,,-74.181,,,,-73.9084,,,,-75.152,,,,-76.2322,,,,-78.554,,,,-76.984,,,,-76.7556,,,,-75.13,,,,-73.7446,,,,-74.323,,,,-75.3159,,,,-75.774
,,,,-77.099,,,,-75.6106,,,,-75.774,,,,-74.956,,,,-74.225,,,,-73.941,,,,-75.196,,,,-76.265,,,,-78.5866,,,,-76.984,,,,-76.7556,,,,-75.163,,,,-73.7773,,,,-74.367,,,,-75.3814,,,,-75.823
,,,,-77.131,,,,-75.6761,,,,-75.785,,,,-74.8905,,,,-74.203,,,,-73.941,,,,-75.185,,,,-76.265,,,,-78.5866,,,,-77.017,,,,-76.7882,,,,-75.152,,,,-73.7773,,,,-74.356,,,,-75.3487,,,,-75.807
,,,,-77.164,,,,-75.7414,,,,-75.829,,,,-74.956,,,,-74.247,,,,-73.9738,,,,-75.218,,,,-76.265,,,,-78.5866,,,,-77.039,,,,-76.7882,,,,-75.185,,,,-73.81,,,,-74.399,,,,-75.4142,,,,-75.84
,,,,-77.213,,,,-75.7742,,,,-75.85,,,,-74.956,,,,-74.247,,,,-73.9738,,,,-75.218,,,,-76.2976,,,,-78.652,,,,-77.082,,,,-76.821,,,,-75.196,,,,-73.81,,,,-74.388,,,,-75.3814,,,,-75.84
,,,,-77.213,,,,-75.8068,,,,-75.861,,,,-74.956,,,,-74.268,,,,-74.0064,,,,-75.239,,,,-76.2976,,,,-78.6194,,,,-77.082,,,,-76.821,,,,-75.207,,,,-73.8427,,,,-74.421,,,,-75.4142,,,,-75.856
,,,,-77.18,,,,-75.7414,,,,-75.839,,,,-74.956,,,,-74.268,,,,-74.0064,,,,-75.261,,,,-76.3304,,,,-78.6194,,,,-77.061,,,,-76.821,,,,-75.207,,,,-73.8427,,,,-74.432,,,,-75.4469,,,,-75.889
,,,,-77.229,,,,-75.8068,,,,-75.883,,,,-74.9886,,,,-74.301,,,,-74.0393,,,,-75.261,,,,-76.3304,,,,-78.652,,,,-77.104,,,,-76.8538,,,,-75.239,,,,-73.8756,,,,-74.443,,,,-75.4142,,,,-75.872
,,,,-77.213,,,,-75.7742,,,,-75.872,,,,-74.9886,,,,-74.312,,,,-74.0393,,,,-75.283,,,,-76.3631,,,,-78.652,,,,-77.093,,,,-76.8538,,,,-75.25,,,,-73.9084,,,,-74.465,,,,-75.4469,,,,-75.905
,,,,-77.246,,,,-75.8396,,,,-75.927,,,,-75.0541,,,,-74.356,,,,-74.1048,,,,-75.316,,,,-76.3631,,,,-78.652,,,,-77.126,,,,-76.8865,,,,-75.283,,,,-73.9084,,,,-74.498,,,,-75.4796,,,,-75.921
,,,,-77.344,,,,-75.9378,,,,-76.003,,,,-75.1196,,,,-74.454,,,,-74.203,,,,-75.414,,,,-76.4612,,,,-78.75,,,,-77.213,,,,-76.9518,,,,-75.37,,,,-74.0393,,,,-74.607,,,,-75.5778,,,,-76.02
,,,,-77.328,,,,-75.9378,,,,-76.003,,,,-75.1196,,,,-74.476,,,,-74.2357,,,,-75.447,,,,-76.494,,,,-78.7173,,,,-77.202,,,,-76.9518,,,,-75.381,,,,-74.072,,,,-74.639,,,,-75.6106,,,,-76.052
,,,,-77.344,,,,-75.9378,,,,-76.036,,,,-75.1851,,,,-74.498,,,,-74.2357,,,,-75.436,,,,-76.494,,,,-78.75,,,,-77.224,,,,-76.9846,,,,-75.414,,,,-74.072,,,,-74.628,,,,-75.5778,,,,-76.036
,,,,-77.36,,,,-75.9704,,,,-76.058,,,,-75.2179,,,,-74.509,,,,-74.2357,,,,-75.458,,,,-76.5266,,,,-78.75,,,,-77.235,,,,-76.9846,,,,-75.425,,,,-74.072,,,,-74.639,,,,-75.6106,,,,-76.069
,,,,-77.377,,,,-75.9704,,,,-76.036,,,,-75.1523,,,,-74.509,,,,-74.2685,,,,-75.479,,,,-76.5266,,,,-78.7827,,,,-77.246,,,,-76.9846,,,,-75.414,,,,-74.1048,,,,-74.672,,,,-75.6432,,,,-76.085
,,,,-77.377,,,,-75.9704,,,,-76.058,,,,-75.1851,,,,-74.53,,,,-74.2685,,,,-75.49,,,,-76.5266,,,,-78.7827,,,,-77.257,,,,-77.0172,,,,-75.447,,,,-74.1375,,,,-74.694,,,,-75.6761,,,,-76.101
,,,,-77.409,,,,-76.0359,,,,-76.09,,,,-75.2179,,,,-74.552,,,,-74.3012,,,,-75.512,,,,-76.5594,,,,-78.7827,,,,-77.279,,,,-77.0172,,,,-75.458,,,,-74.1375,,,,-74.705,,,,-75.6761,,,,-76.118
,,,,-77.377,,,,-75.9378,,,,-76.069,,,,-75.2179,,,,-74.552,,,,-74.3012,,,,-75.512,,,,-76.5594,,,,-78.8154,,,,-77.268,,,,-77.05,,,,-75.468,,,,-74.1375,,,,-74.705,,,,-75.6761,,,,-76.118
,,,,-77.458,,,,-76.1013,,,,-76.123,,,,-75.2179,,,,-74.585,,,,-74.3667,,,,-75.545,,,,-76.5594,,,,-78.8154,,,,-77.322,,,,-77.05,,,,-75.479,,,,-74.1702,,,,-74.749,,,,-75.7087,,,,-76.134
,,,,-77.458,,,,-76.1013,,,,-76.134,,,,-75.2179,,,,-74.596,,,,-74.3667,,,,-75.556,,,,-76.5921,,,,-78.8154,,,,-77.333,,,,-77.0827,,,,-75.501,,,,-74.203,,,,-74.759,,,,-75.7087,,,,-76.15
,,,,-77.458,,,,-76.1013,,,,-76.167,,,,-75.3487,,,,-74.629,,,,-74.3339,,,,-75.545,,,,-76.5921,,,,-78.8154,,,,-77.322,,,,-77.05,,,,-75.534,,,,-74.203,,,,-74.749,,,,-75.7087,,,,-76.15
,,,,-77.491,,,,-76.134,,,,-76.178,,,,-75.3159,,,,-74.65,,,,-74.3994,,,,-75.588,,,,-76.6247,,,,-78.8481,,,,-77.355,,,,-77.0827,,,,-75.545,,,,-74.2357,,,,-74.792,,,,-75.7414,,,,-76.183
,,,,-77.491,,,,-76.134,,,,-76.188,,,,-75.3159,,,,-74.661,,,,-74.3994,,,,-75.599,,,,-76.6575,,,,-78.8481,,,,-77.366,,,,-77.1153,,,,-75.567,,,,-74.2685,,,,-74.803,,,,-75.7414,,,,-76.199
,,,,-77.475,,,,-76.0686,,,,-76.178,,,,-75.3487,,,,-74.694,,,,-74.4322,,,,-75.621,,,,-76.6575,,,,-78.8808,,,,-77.355,,,,-77.1153,,,,-75.588,,,,-74.3012,,,,-74.836,,,,-75.7742,,,,-76.216
,,,,-77.524,,,,-76.1013,,,,-76.199,,,,-75.3487,,,,-74.705,,,,-74.4649,,,,-75.665,,,,-76.6902,,,,-78.9462,,,,-77.399,,,,-77.1481,,,,-75.599,,,,-74.3012,,,,-74.869,,,,-75.8396,,,,-76.265
,,,,-77.605,,,,-76.1995,,,,-76.298,,,,-75.4142,,,,-74.727,,,,-74.4322,,,,-75.654,,,,-76.6575,,,,-79.0114,,,,-77.497,,,,-77.2789,,,,-75.676,,,,-74.3339,,,,-74.879,,,,-75.8723,,,,-76.265
,,,,-77.605,,,,-76.134,,,,-76.308,,,,-75.4469,,,,-74.77,,,,-74.4976,,,,-75.719,,,,-76.6902,,,,-79.0768,,,,-77.518,,,,-77.3444,,,,-75.719,,,,-74.3667,,,,-74.945,,,,-75.9704,,,,-76.33
,,,,-77.704,,,,-76.2322,,,,-76.341,,,,-75.4142,,,,-74.76,,,,-74.4976,,,,-75.763,,,,-76.7556,,,,-79.1749,,,,-77.595,,,,-77.377,,,,-75.719,,,,-74.3667,,,,-74.967,,,,-76.0359,,,,-76.396
,,,,-77.704,,,,-76.1995,,,,-76.407,,,,-75.5451,,,,-74.836,,,,-74.5632,,,,-75.818,,,,-76.7882,,,,-79.2076,,,,-77.627,,,,-77.4751,,,,-75.807,,,,-74.3994,,,,-75.021,,,,-76.1013,,,,-76.445
,,,,-77.802,,,,-76.2976,,,,-76.439,,,,-75.5124,,,,-74.836,,,,-74.5632,,,,-75.839,,,,-76.821,,,,-79.3056,,,,-77.704,,,,-77.5078,,,,-75.817,,,,-74.4322,,,,-75.043,,,,-76.134,,,,-76.477
,,,,-77.851,,,,-76.3304,,,,-76.472,,,,-75.5451,,,,-74.89,,,,-74.6286,,,,-75.894,,,,-76.8538,,,,-79.3709,,,,-77.747,,,,-77.5405,,,,-75.861,,,,-74.4976,,,,-75.109,,,,-76.1995,,,,-76.527
,,,,-77.851,,,,-76.265,,,,-76.472,,,,-75.5451,,,,-74.912,,,,-74.6613,,,,-75.927,,,,-76.8865,,,,-79.4363,,,,-77.769,,,,-77.6059,,,,-75.894,,,,-74.5304,,,,-75.141,,,,-76.2322,,,,-76.559
,,,,-77.949,,,,-76.3958,,,,-76.548,,,,-75.6106,,,,-74.956,,,,-74.6941,,,,-75.959,,,,-76.9192,,,,-79.5016,,,,-77.845,,,,-77.6386,,,,-75.937,,,,-74.5632,,,,-75.174,,,,-76.265,,,,-76.592
,,,,-77.949,,,,-76.3304,,,,-76.581,,,,-75.7414,,,,-75.0,,,,-74.6941,,,,-75.992,,,,-76.9846,,,,-79.5669,,,,-77.856,,,,-77.6714,,,,-75.992,,,,-74.5632,,,,-75.185,,,,-76.2976,,,,-76.641
,,,,-78.014,,,,-76.4285,,,,-76.657,,,,-75.8068,,,,-75.054,,,,-74.7596,,,,-76.036,,,,-76.9846,,,,-79.5997,,,,-77.922,,,,-77.7367,,,,-76.046,,,,-74.5959,,,,-75.24,,,,-76.3631,,,,-76.674
,,,,-78.128,,,,-76.5594,,,,-76.723,,,,-75.7742,,,,-75.076,,,,-74.7923,,,,-76.09,,,,-77.05,,,,-79.6976,,,,-78.031,,,,-77.8348,,,,-76.09,,,,-74.6613,,,,-75.294,,,,-76.4285,,,,-76.739
,,,,-78.112,,,,-76.4612,,,,-76.734,,,,-75.8723,,,,-75.13,,,,-74.825,,,,-76.123,,,,-77.0827,,,,-79.763,,,,-78.031,,,,-77.8675,,,,-76.145,,,,-74.6941,,,,-75.327,,,,-76.4612,,,,-76.772
,,,,-78.177,,,,-76.5266,,,,-76.766,,,,-75.8396,,,,-75.141,,,,-74.8578,,,,-76.178,,,,-77.1481,,,,-79.8283,,,,-78.096,,,,-77.9328,,,,-76.166,,,,-74.7268,,,,-75.37,,,,-76.5266,,,,-76.837
,,,,-78.226,,,,-76.5594,,,,-76.81,,,,-75.8723,,,,-75.174,,,,-74.8905,,,,-76.221,,,,-77.1808,,,,-79.8936,,,,-78.15,,,,-77.9983,,,,-76.21,,,,-74.7596,,,,-75.414,,,,-76.5921,,,,-76.886
,,,,-78.276,,,,-76.5921,,,,-76.854,,,,-75.9704,,,,-75.24,,,,-74.9233,,,,-76.254,,,,-77.2135,,,,-79.959,,,,-78.183,,,,-77.9983,,,,-76.265,,,,-74.825,,,,-75.458,,,,-76.6247,,,,-76.919
,,,,-78.341,,,,-76.6575,,,,-76.919,,,,-76.0032,,,,-75.261,,,,-74.956,,,,-76.287,,,,-77.2462,,,,-80.0243,,,,-78.259,,,,-78.0962,,,,-76.308,,,,-74.825,,,,-75.48,,,,-76.6575,,,,-76.952
,,,,-78.39,,,,-76.6902,,,,-76.941,,,,-76.0359,,,,-75.305,,,,-74.9886,,,,-76.319,,,,-77.2789,,,,-80.0896,,,,-78.292,,,,-78.0962,,,,-76.341,,,,-74.8905,,,,-75.523,,,,-76.6902,,,,-76.985
,,,,-78.439,,,,-76.7556,,,,-76.963,,,,-76.0032,,,,-75.316,,,,-75.0214,,,,-76.352,,,,-77.3116,,,,-80.1223,,,,-78.336,,,,-78.129,,,,-76.352,,,,-74.9233,,,,-75.556,,,,-76.7229,,,,-77.017
,,,,-78.521,,,,-76.7882,,,,-77.061,,,,-76.1668,,,,-75.425,,,,-75.1196,,,,-76.45,,,,-77.4097,,,,-80.253,,,,-78.423,,,,-78.2271,,,,-76.461,,,,-74.9886,,,,-75.643,,,,-76.821,,,,-77.115
,,,,-78.651,,,,-76.8538,,,,-77.202,,,,-76.3631,,,,-75.589,,,,-75.2506,,,,-76.592,,,,-77.5405,,,,-80.4489,,,,-78.564,,,,-78.3905,,,,-76.635,,,,-75.1523,,,,-75.796,,,,-76.9846,,,,-77.263
,,,,-78.798,,,,-77.05,,,,-77.301,,,,-76.3631,,,,-75.643,,,,-75.3487,,,,-76.69,,,,-77.6059,,,,-80.5468,,,,-78.695,,,,-78.4886,,,,-76.69,,,,-75.2179,,,,-75.894,,,,-77.1153,,,,-77.361
,,,,-78.782,,,,-76.9846,,,,-77.29,,,,-76.3631,,,,-75.643,,,,-75.3487,,,,-76.701,,,,-77.6386,,,,-80.5796,,,,-78.695,,,,-78.5213,,,,-76.701,,,,-75.2179,,,,-75.894,,,,-77.1153,,,,-77.377
,,,,-78.847,,,,-77.0827,,,,-77.355,,,,-76.4285,,,,-75.698,,,,-75.3814,,,,-76.744,,,,-77.704,,,,-80.6122,,,,-78.75,,,,-78.554,,,,-76.755,,,,-75.2833,,,,-75.938,,,,-77.1481,,,,-77.426
,,,,-78.864,,,,-77.0827,,,,-77.355,,,,-76.4285,,,,-75.72,,,,-75.4142,,,,-76.788,,,,-77.7367,,,,-80.6449,,,,-78.761,,,,-78.554,,,,-76.766,,,,-75.3159,,,,-75.981,,,,-77.2135,,,,-77.475
,,,,-78.913,,,,-77.1153,,,,-77.41,,,,-76.494,,,,-75.752,,,,-75.4469,,,,-76.832,,,,-77.8021,,,,-80.7101,,,,-78.815,,,,-78.6194,,,,-76.81,,,,-75.3159,,,,-76.003,,,,-77.2462,,,,-77.524
,,,,-78.913,,,,-77.1153,,,,-77.42,,,,-76.5266,,,,-75.774,,,,-75.4469,,,,-76.843,,,,-77.8021,,,,-80.7101,,,,-78.815,,,,-78.6194,,,,-76.832,,,,-75.3487,,,,-76.025,,,,-77.2789,,,,-77.54
,,,,-78.945,,,,-77.1153,,,,-77.453,,,,-76.5594,,,,-75.829,,,,-75.5124,,,,-76.886,,,,-77.8348,,,,-80.7755,,,,-78.858,,,,-78.6847,,,,-76.886,,,,-75.4142,,,,-76.079,,,,-77.3116,,,,-77.573
,,,,-79.011,,,,-77.2135,,,,-77.497,,,,-76.5594,,,,-75.829,,,,-75.5451,,,,-76.919,,,,-77.8675,,,,-80.8082,,,,-78.913,,,,-78.7173,,,,-76.886,,,,-75.3814,,,,-76.09,,,,-77.3444,,,,-77.606
,,,,-79.027,,,,-77.2135,,,,-77.519,,,,-76.5921,,,,-75.883,,,,-75.5778,,,,-76.952,,,,-77.9002,,,,-80.8408,,,,-78.935,,,,-78.75,,,,-76.941,,,,-75.4796,,,,-76.145,,,,-77.377,,,,-77.639
,,,,-79.076,,,,-77.2789,,,,-77.573,,,,-76.6247,,,,-75.905,,,,-75.6106,,,,-76.995,,,,-77.9656,,,,-80.8734,,,,-78.989,,,,-78.8154,,,,-76.973,,,,-75.4796,,,,-76.167,,,,-77.4097,,,,-77.688
,,,,-79.109,,,,-77.3116,,,,-77.584,,,,-76.6247,,,,-75.938,,,,-75.6761,,,,-77.028,,,,-77.9656,,,,-80.9061,,,,-79.011,,,,-78.8154,,,,-76.984,,,,-75.5124,,,,-76.21,,,,-77.4424,,,,-77.704
,,,,-79.125,,,,-77.2789,,,,-77.628,,,,-76.7556,,,,-75.992,,,,-75.6761,,,,-77.05,,,,-77.9983,,,,-80.9714,,,,-79.033,,,,-78.8481,,,,-77.05,,,,-75.5451,,,,-76.232,,,,-77.4751,,,,-77.737
,,,,-79.191,,,,-77.377,,,,-77.704,,,,-76.821,,,,-76.036,,,,-75.7087,,,,-77.082,,,,-78.0309,,,,-81.0041,,,,-79.098,,,,-78.9134,,,,-77.104,,,,-75.5778,,,,-76.265,,,,-77.5078,,,,-77.769
,,,,-79.19,,,,-77.3444,,,,-77.682,,,,-76.7556,,,,-76.036,,,,-75.7414,,,,-77.137,,,,-78.0962,,,,-81.0366,,,,-79.109,,,,-78.9462,,,,-77.104,,,,-75.6106,,,,-76.308,,,,-77.5732,,,,-77.835
,,,,-79.24,,,,-77.4097,,,,-77.78,,,,-76.9192,,,,-76.123,,,,-75.8068,,,,-77.17,,,,-78.129,,,,-81.0694,,,,-79.164,,,,-79.0114,,,,-77.191,,,,-75.6432,,,,-76.341,,,,-77.5732,,,,-77.851
,,,,-79.289,,,,-77.4751,,,,-77.769,,,,-76.8538,,,,-76.112,,,,-75.8068,,,,-77.181,,,,-78.129,,,,-81.102,,,,-79.185,,,,-78.9789,,,,-77.17,,,,-75.6761,,,,-76.363,,,,-77.6059,,,,-77.867
,,,,-79.272,,,,-77.4097,,,,-77.791,,,,-76.9192,,,,-76.156,,,,-75.8396,,,,-77.235,,,,-78.1944,,,,-81.1347,,,,-79.196,,,,-79.0442,,,,-77.224,,,,-75.7087,,,,-76.407,,,,-77.6714,,,,-77.933
,,,,-79.338,,,,-77.5078,,,,-77.856,,,,-76.9846,,,,-76.21,,,,-75.8723,,,,-77.268,,,,-78.2271,,,,-81.1673,,,,-79.251,,,,-79.0768,,,,-77.279,,,,-75.7742,,,,-76.45,,,,-77.704,,,,-77.966
,,,,-79.37,,,,-77.5405,,,,-77.867,,,,-76.9846,,,,-76.221,,,,-75.9051,,,,-77.279,,,,-78.2271,,,,-81.1999,,,,-79.272,,,,-79.0768,,,,-77.279,,,,-75.7742,,,,-76.461,,,,-77.704,,,,-77.966
,,,,-79.387,,,,-77.5732,,,,-77.889,,,,-76.9518,,,,-76.243,,,,-75.9378,,,,-77.322,,,,-78.2597,,,,-81.1999,,,,-79.305,,,,-79.1422,,,,-77.311,,,,-75.8396,,,,-76.516,,,,-77.7693,,,,-78.014
,,,,-79.452,,,,-77.6386,,,,-77.954,,,,-77.05,,,,-76.298,,,,-76.0032,,,,-77.377,,,,-78.3578,,,,-81.2653,,,,-79.36,,,,-79.1749,,,,-77.355,,,,-75.8396,,,,-76.537,,,,-77.7693,,,,-78.064
,,,,-79.468,,,,-77.6386,,,,-77.965,,,,-77.0827,,,,-76.319,,,,-76.0032,,,,-77.388,,,,-78.3252,,,,-81.2979,,,,-79.37,,,,-79.1749,,,,-77.377,,,,-75.8723,,,,-76.57,,,,-77.8348,,,,-78.08
,,,,-79.517,,,,-77.6714,,,,-78.009,,,,-77.1153,,,,-76.352,,,,-76.0359,,,,-77.41,,,,-78.3578,,,,-81.3631,,,,-79.425,,,,-79.2401,,,,-77.42,,,,-75.9051,,,,-76.592,,,,-77.8348,,,,-78.096
,,,,-79.534,,,,-77.704,,,,-78.02,,,,-77.0827,,,,-76.374,,,,-76.0686,,,,-77.464,,,,-78.4231,,,,-81.3631,,,,-79.447,,,,-79.2729,,,,-77.442,,,,-75.9704,,,,-76.646,,,,-77.9002,,,,-78.162
,,,,-79.583,,,,-77.7367,,,,-78.085,,,,-77.1808,,,,-76.428,,,,-76.1013,,,,-77.518,,,,-78.4886,,,,-81.4285,,,,-79.501,,,,-79.3383,,,,-77.507,,,,-76.0032,,,,-76.69,,,,-77.9656,,,,-78.227
,,,,-79.648,,,,-77.8348,,,,-78.151,,,,-77.2462,,,,-76.494,,,,-76.1995,,,,-77.595,,,,-78.554,,,,-81.4611,,,,-79.556,,,,-79.3709,,,,-77.551,,,,-76.0359,,,,-76.755,,,,-78.0309,,,,-78.292
,,,,-79.697,,,,-77.9002,,,,-78.205,,,,-77.2789,,,,-76.516,,,,-76.1995,,,,-77.617,,,,-78.5866,,,,-81.4938,,,,-79.61,,,,-79.4363,,,,-77.595,,,,-76.0686,,,,-76.777,,,,-78.0636,,,,-78.325
,,,,-79.713,,,,-77.9002,,,,-78.205,,,,-77.2462,,,,-76.527,,,,-76.2322,,,,-77.638,,,,-78.6194,,,,-81.5263,,,,-79.632,,,,-79.4689,,,,-77.605,,,,-76.1013,,,,-76.799,,,,-78.0636,,,,-78.342
,,,,-79.746,,,,-77.9328,,,,-78.238,,,,-77.2789,,,,-76.559,,,,-76.265,,,,-77.682,,,,-78.652,,,,-81.5591,,,,-79.664,,,,-79.5016,,,,-77.638,,,,-76.134,,,,-76.843,,,,-78.129,,,,-78.39
,,,,-79.762,,,,-77.9002,,,,-78.249,,,,-77.3444,,,,-76.603,,,,-76.2976,,,,-77.715,,,,-78.6847,,,,-81.6243,,,,-79.675,,,,-79.5016,,,,-77.671,,,,-76.1668,,,,-76.875,,,,-78.1617,,,,-78.423
,,,,-79.828,,,,-78.0309,,,,-78.303,,,,-77.3444,,,,-76.625,,,,-76.3304,,,,-77.736,,,,-78.7173,,,,-81.6243,,,,-79.73,,,,-79.5343,,,,-77.693,,,,-76.1995,,,,-76.897,,,,-78.1617,,,,-78.44
,,,,-79.828,,,,-78.0309,,,,-78.325,,,,-77.377,,,,-76.657,,,,-76.3631,,,,-77.769,,,,-78.75,,,,-81.6243,,,,-79.741,,,,-79.5669,,,,-77.725,,,,-76.2322,,,,-76.93,,,,-78.1944,,,,-78.472
,,,,-79.86,,,,-78.0636,,,,-78.39,,,,-77.5078,,,,-76.723,,,,-76.3958,,,,-77.802,,,,-78.75,,,,-81.657,,,,-79.773,,,,-79.5997,,,,-77.791,,,,-76.265,,,,-76.974,,,,-78.2597,,,,-78.505
,,,,-79.893,,,,-78.0962,,,,-78.412,,,,-77.4751,,,,-76.734,,,,-76.4285,,,,-77.845,,,,-78.8154,,,,-81.6895,,,,-79.817,,,,-79.665,,,,-77.813,,,,-76.2976,,,,-77.006,,,,-78.2925,,,,-78.554
,,,,-79.942,,,,-78.129,,,,-78.423,,,,-77.4751,,,,-76.745,,,,-76.4612,,,,-77.867,,,,-78.8481,,,,-81.7549,,,,-79.85,,,,-79.665,,,,-77.813,,,,-76.2976,,,,-77.017,,,,-78.2925,,,,-78.57
,,,,-79.926,,,,-78.0636,,,,-78.401,,,,-77.4751,,,,-76.777,,,,-76.494,,,,-77.889,,,,-78.8481,,,,-81.7876,,,,-79.839,,,,-79.665,,,,-77.834,,,,-76.3631,,,,-77.061,,,,-78.3252,,,,-78.587
,,,,-80.007,,,,-78.1944,,,,-78.51,,,,-77.6386,,,,-76.843,,,,-76.5266,,,,-77.933,,,,-78.9134,,,,-81.8202,,,,-79.904,,,,-79.6976,,,,-77.9,,,,-76.3631,,,,-77.082,,,,-78.3578,,,,-78.636
,,,,-80.073,,,,-78.2925,,,,-78.521,,,,-77.5078,,,,-76.821,,,,-76.5594,,,,-77.965,,,,-78.9462,,,,-81.8528,,,,-79.969,,,,-79.763,,,,-77.889,,,,-76.3958,,,,-77.115,,,,-78.3905,,,,-78.668
,,,,-80.04,,,,-78.2597,,,,-78.543,,,,-77.6059,,,,-76.876,,,,-76.5921,,,,-77.987,,,,-78.9462,,,,-81.8202,,,,-79.948,,,,-79.763,,,,-77.932,,,,-76.4285,,,,-77.148,,,,-78.4231,,,,-78.685
,,,,-80.073,,,,-78.2597,,,,-78.565,,,,-77.6386,,,,-76.886,,,,-76.5921,,,,-78.02,,,,-79.0114,,,,-81.8855,,,,-79.98,,,,-79.7956,,,,-77.954,,,,-76.4285,,,,-77.159,,,,-78.4559,,,,-78.734
,,,,-80.073,,,,-78.2597,,,,-78.586,,,,-77.6714,,,,-76.93,,,,-76.6247,,,,-78.031,,,,-79.0114,,,,-81.8855,,,,-79.991,,,,-79.8283,,,,-77.998,,,,-76.494,,,,-77.192,,,,-78.4559,,,,-78.734
,,,,-80.154,,,,-78.3578,,,,-78.641,,,,-77.704,,,,-76.952,,,,-76.6575,,,,-78.074,,,,-79.0442,,,,-81.9508,,,,-80.057,,,,-79.861,,,,-78.02,,,,-76.494,,,,-77.224,,,,-78.5213,,,,-78.783
,,,,-80.187,,,,-78.3905,,,,-78.663,,,,-77.7367,,,,-76.974,,,,-76.6575,,,,-78.085,,,,-79.0768,,,,-81.9835,,,,-80.078,,,,-79.861,,,,-78.041,,,,-76.5266,,,,-77.235,,,,-78.5213,,,,-78.799
,,,,-80.187,,,,-78.3905,,,,-78.695,,,,-77.7693,,,,-77.006,,,,-76.6902,,,,-78.107,,,,-79.0768,,,,-81.9835,,,,-80.1,,,,-79.9263,,,,-78.085,,,,-76.5594,,,,-77.268,,,,-78.554,,,,-78.815
,,,,-80.203,,,,-78.3905,,,,-78.695,,,,-77.7693,,,,-77.028,,,,-76.7229,,,,-78.151,,,,-79.1422,,,,-82.016,,,,-80.111,,,,-79.9263,,,,-78.096,,,,-76.5921,,,,-77.301,,,,-78.5866,,,,-78.864
,,,,-80.203,,,,-78.3578,,,,-78.706,,,,-77.8021,,,,-77.061,,,,-76.7556,,,,-78.183,,,,-79.1749,,,,-82.0486,,,,-80.122,,,,-79.959,,,,-78.129,,,,-76.6247,,,,-77.333,,,,-78.6194,,,,-78.897
,,,,-80.252,,,,-78.4559,,,,-78.783,,,,-77.9002,,,,-77.115,,,,-76.7882,,,,-78.194,,,,-79.1749,,,,-82.0486,,,,-80.165,,,,-79.9917,,,,-78.183,,,,-76.6575,,,,-77.355,,,,-78.6194,,,,-78.897
,,,,-80.285,,,,-78.4886,,,,-78.772,,,,-77.8021,,,,-77.104,,,,-76.821,,,,-78.227,,,,-79.2076,,,,-82.0813,,,,-80.198,,,,-80.0243,,,,-78.172,,,,-76.6902,,,,-77.388,,,,-78.652,,,,-78.93
,,,,-80.416,,,,-78.5866,,,,-78.924,,,,-78.0309,,,,-77.29,,,,-76.9846,,,,-78.401,,,,-79.4035,,,,-82.2445,,,,-80.329,,,,-80.155,,,,-78.347,,,,-76.8538,,,,-77.551,,,,-78.8154,,,,-79.109
,,,,-80.465,,,,-78.6847,,,,-78.957,,,,-77.9983,,,,-77.29,,,,-77.0172,,,,-78.434,,,,-79.4363,,,,-82.2445,,,,-80.372,,,,-80.1877,,,,-78.347,,,,-76.8538,,,,-77.573,,,,-78.8481,,,,-79.142
,,,,-80.497,,,,-78.7173,,,,-79.0,,,,-78.0636,,,,-77.333,,,,-77.05,,,,-78.456,,,,-79.4363,,,,-82.2772,,,,-80.405,,,,-80.2202,,,,-78.39,,,,-76.8865,,,,-77.606,,,,-78.8808,,,,-79.159
,,,,-80.497,,,,-78.7173,,,,-79.011,,,,-78.0636,,,,-77.355,,,,-77.0827,,,,-78.477,,,,-79.4689,,,,-82.2772,,,,-80.416,,,,-80.253,,,,-78.412,,,,-76.9192,,,,-77.628,,,,-78.8808,,,,-79.175
,,,,-80.514,,,,-78.6847,,,,-79.022,,,,-78.129,,,,-77.399,,,,-77.1153,,,,-78.51,,,,-79.5016,,,,-82.3423,,,,-80.427,,,,-80.253,,,,-78.445,,,,-76.9518,,,,-77.66,,,,-78.9134,,,,-79.208
,,,,-80.562,,,,-78.7827,,,,-79.055,,,,-78.0962,,,,-77.399,,,,-77.1153,,,,-78.543,,,,-79.5343,,,,-82.3423,,,,-80.47,,,,-80.2857,,,,-78.456,,,,-76.9846,,,,-77.693,,,,-78.9789,,,,-79.257
,,,,-80.628,,,,-78.8808,,,,-79.142,,,,-78.2271,,,,-77.464,,,,-77.1481,,,,-78.565,,,,-79.5669,,,,-82.375,,,,-80.525,,,,-80.3183,,,,-78.521,,,,-77.0172,,,,-77.715,,,,-78.9789,,,,-79.273
,,,,-80.644,,,,-78.8808,,,,-79.12,,,,-78.129,,,,-77.442,,,,-77.1808,,,,-78.586,,,,-79.5997,,,,-82.4076,,,,-80.546,,,,-80.3509,,,,-78.499,,,,-77.0172,,,,-77.726,,,,-78.9789,,,,-79.289
,,,,-80.661,,,,-78.8808,,,,-79.175,,,,-78.2597,,,,-77.497,,,,-77.1808,,,,-78.619,,,,-79.6323,,,,-82.4403,,,,-80.568,,,,-80.3835,,,,-78.564,,,,-77.05,,,,-77.758,,,,-79.0442,,,,-79.338
,,,,-80.612,,,,-78.7827,,,,-79.164,,,,-78.2925,,,,-77.54,,,,-77.2462,,,,-78.641,,,,-79.6323,,,,-82.4403,,,,-80.546,,,,-80.4162,,,,-78.597,,,,-77.0827,,,,-77.791,,,,-79.0442,,,,-79.338
,,,,-80.71,,,,-78.9462,,,,-79.207,,,,-78.2597,,,,-77.551,,,,-77.2789,,,,-78.684,,,,-79.665,,,,-82.4729,,,,-80.612,,,,-80.4162,,,,-78.597,,,,-77.1153,,,,-77.835,,,,-79.1095,,,,-79.387
,,,,-80.742,,,,-78.9462,,,,-79.229,,,,-78.2925,,,,-77.595,,,,-77.3116,,,,-78.728,,,,-79.7302,,,,-82.5382,,,,-80.644,,,,-80.4489,,,,-78.641,,,,-77.1808,,,,-77.878,,,,-79.1422,,,,-79.436
,,,,-80.791,,,,-79.0442,,,,-79.316,,,,-78.3905,,,,-77.66,,,,-77.377,,,,-78.782,,,,-79.7956,,,,-82.5382,,,,-80.699,,,,-80.5143,,,,-78.706,,,,-77.2135,,,,-77.922,,,,-79.1749,,,,-79.485
,,,,-80.758,,,,-78.9462,,,,-79.295,,,,-78.3905,,,,-77.682,,,,-77.4097,,,,-78.815,,,,-79.8283,,,,-82.5708,,,,-80.688,,,,-80.5468,,,,-78.728,,,,-77.2462,,,,-77.954,,,,-79.2076,,,,-79.518
,,,,-80.824,,,,-79.0442,,,,-79.316,,,,-78.3578,,,,-77.671,,,,-77.4097,,,,-78.815,,,,-79.8283,,,,-82.6034,,,,-80.731,,,,-80.5468,,,,-78.717,,,,-77.2462,,,,-77.954,,,,-79.2076,,,,-79.518
,,,,-80.84,,,,-79.0768,,,,-79.382,,,,-78.4886,,,,-77.748,,,,-77.4424,,,,-78.848,,,,-79.861,,,,-82.6034,,,,-80.753,,,,-80.5796,,,,-78.793,,,,-77.3116,,,,-77.998,,,,-79.2401,,,,-79.551
,,,,-80.889,,,,-79.1422,,,,-79.393,,,,-78.4559,,,,-77.758,,,,-77.4751,,,,-78.881,,,,-79.8936,,,,-82.6361,,,,-80.786,,,,-80.5796,,,,-78.793,,,,-77.3444,,,,-78.031,,,,-79.2729,,,,-79.583
,,,,-80.938,,,,-79.2076,,,,-79.458,,,,-78.554,,,,-77.791,,,,-77.4751,,,,-78.891,,,,-79.8936,,,,-82.6686,,,,-80.829,,,,-80.6122,,,,-78.837,,,,-77.3444,,,,-78.042,,,,-79.3056,,,,-79.6
,,,,-80.905,,,,-79.1422,,,,-79.425,,,,-78.4886,,,,-77.802,,,,-77.5405,,,,-78.935,,,,-79.9263,,,,-82.6686,,,,-80.819,,,,-80.6449,,,,-78.837,,,,-77.377,,,,-78.085,,,,-79.3383,,,,-79.632
,,,,-80.938,,,,-79.1749,,,,-79.458,,,,-78.554,,,,-77.835,,,,-77.5732,,,,-78.957,,,,-79.959,,,,-82.7013,,,,-80.84,,,,-80.6449,,,,-78.859,,,,-77.377,,,,-78.096,,,,-79.3383,,,,-79.649
,,,,-80.987,,,,-79.2401,,,,-79.523,,,,-78.6194,,,,-77.889,,,,-77.6059,,,,-78.979,,,,-79.959,,,,-82.7339,,,,-80.895,,,,-80.7101,,,,-78.924,,,,-77.4424,,,,-78.14,,,,-79.3709,,,,-79.665
,,,,-81.036,,,,-79.3383,,,,-79.556,,,,-78.6194,,,,-77.9,,,,-77.6059,,,,-79.0,,,,-79.9917,,,,-82.7339,,,,-80.927,,,,-80.7101,,,,-78.935,,,,-77.4751,,,,-78.162,,,,-79.4035,,,,-79.698
,,,,-81.003,,,,-79.2401,,,,-79.545,,,,-78.652,,,,-77.922,,,,-77.6386,,,,-79.022,,,,-80.0243,,,,-82.7666,,,,-80.916,,,,-80.7428,,,,-78.957,,,,-77.4751,,,,-78.172,,,,-79.4035,,,,-79.714
,,,,-81.052,,,,-79.3383,,,,-79.556,,,,-78.5866,,,,-77.922,,,,-77.6714,,,,-79.055,,,,-80.0569,,,,-82.7666,,,,-80.949,,,,-80.7428,,,,-78.946,,,,-77.5078,,,,-78.205,,,,-79.4363,,,,-79.747
,,,,-81.052,,,,-79.2729,,,,-79.545,,,,-78.5866,,,,-77.922,,,,-77.6714,,,,-79.077,,,,-80.0896,,,,-82.8317,,,,-80.96,,,,-80.7755,,,,-78.957,,,,-77.5078,,,,-78.216,,,,-79.4689,,,,-79.779
,,,,-81.199,,,,-79.5016,,,,-79.697,,,,-78.7173,,,,-78.053,,,,-77.8021,,,,-79.196,,,,-80.1877,,,,-82.8971,,,,-81.091,,,,-80.8734,,,,-79.076,,,,-77.6386,,,,-78.347,,,,-79.5997,,,,-79.894
,,,,-81.199,,,,-79.4689,,,,-79.708,,,,-78.75,,,,-78.085,,,,-77.8348,,,,-79.218,,,,-80.253,,,,-82.9297,,,,-81.102,,,,-80.9061,,,,-79.109,,,,-77.6714,,,,-78.358,,,,-79.5669,,,,-79.91
,,,,-81.199,,,,-79.4689,,,,-79.752,,,,-78.8481,,,,-78.14,,,,-77.8675,,,,-79.24,,,,-80.253,,,,-82.9297,,,,-81.112,,,,-80.9388,,,,-79.164,,,,-77.704,,,,-78.39,,,,-79.5997,,,,-79.926
,,,,-81.216,,,,-79.5016,,,,-79.741,,,,-78.7827,,,,-78.129,,,,-77.8675,,,,-79.262,,,,-80.2857,,,,-82.9297,,,,-81.123,,,,-80.9388,,,,-79.153,,,,-77.7367,,,,-78.412,,,,-79.6323,,,,-79.959
,,,,-81.281,,,,-79.5669,,,,-79.806,,,,-78.8808,,,,-78.194,,,,-77.9328,,,,-79.295,,,,-80.2857,,,,-82.9948,,,,-81.178,,,,-80.9714,,,,-79.207,,,,-77.7693,,,,-78.456,,,,-79.665,,,,-79.975
,,,,-81.297,,,,-79.5997,,,,-79.85,,,,-78.9462,,,,-78.216,,,,-77.9328,,,,-79.327,,,,-80.3509,,,,-82.9948,,,,-81.2,,,,-81.0041,,,,-79.24,,,,-77.7693,,,,-78.467,,,,-79.6976,,,,-80.024
,,,,-81.297,,,,-79.5997,,,,-79.828,,,,-78.9134,,,,-78.216,,,,-77.9328,,,,-79.316,,,,-80.3183,,,,-82.9948,,,,-81.189,,,,-80.9714,,,,-79.229,,,,-77.8021,,,,-78.478,,,,-79.6976,,,,-80.008
,,,,-81.314,,,,-79.6323,,,,-79.861,,,,-78.9134,,,,-78.26,,,,-77.9983,,,,-79.36,,,,-80.3509,,,,-82.9948,,,,-81.221,,,,-81.0366,,,,-79.273,,,,-77.8675,,,,-78.532,,,,-79.7302,,,,-80.041
,,,,-81.379,,,,-79.6976,,,,-79.904,,,,-78.9462,,,,-78.282,,,,-78.0309,,,,-79.392,,,,-80.3835,,,,-83.0602,,,,-81.276,,,,-81.0694,,,,-79.294,,,,-77.8675,,,,-78.554,,,,-79.763,,,,-80.073
,,,,-81.379,,,,-79.6976,,,,-79.926,,,,-79.0114,,,,-78.314,,,,-78.0309,,,,-79.403,,,,-80.4162,,,,-83.0602,,,,-81.276,,,,-81.0694,,,,-79.327,,,,-77.9002,,,,-78.565,,,,-79.763,,,,-80.09
,,,,-81.444,,,,-79.7956,,,,-79.937,,,,-78.9462,,,,-78.314,,,,-78.0636,,,,-79.436,,,,-80.4489,,,,-83.0928,,,,-81.319,,,,-81.0694,,,,-79.316,,,,-77.9328,,,,-78.597,,,,-79.7956,,,,-80.122
,,,,-81.428,,,,-79.763,,,,-79.948,,,,-78.9789,,,,-78.347,,,,-78.129,,,,-79.469,,,,-80.4816,,,,-83.0928,,,,-81.319,,,,-81.102,,,,-79.338,,,,-77.9328,,,,-78.619,,,,-79.7956,,,,-80.139
,,,,-81.444,,,,-79.7956,,,,-79.981,,,,-79.0114,,,,-78.358,,,,-78.0962,,,,-79.469,,,,-80.4816,,,,-83.0928,,,,-81.341,,,,-81.1347,,,,-79.371,,,,-77.9656,,,,-78.63,,,,-79.8283,,,,-80.155
,,,,-81.444,,,,-79.763,,,,-79.97,,,,-79.0114,,,,-78.38,,,,-78.129,,,,-79.501,,,,-80.5143,,,,-83.1254,,,,-81.341,,,,-81.1347,,,,-79.381,,,,-77.9983,,,,-78.663,,,,-79.861,,,,-80.188
,,,,-81.493,,,,-79.861,,,,-80.046,,,,-79.1095,,,,-78.434,,,,-78.1617,,,,-79.523,,,,-80.5468,,,,-83.1254,,,,-81.385,,,,-81.1673,,,,-79.436,,,,-78.0309,,,,-78.685,,,,-79.861,,,,-80.204
,,,,-81.477,,,,-79.7956,,,,-80.002,,,,-79.0442,,,,-78.423,,,,-78.1944,,,,-79.545,,,,-80.5468,,,,-83.158,,,,-81.374,,,,-81.1673,,,,-79.414,,,,-78.0309,,,,-78.706,,,,-79.8936,,,,-80.22
,,,,-81.542,,,,-79.8936,,,,-80.068,,,,-79.1095,,,,-78.478,,,,-78.2271,,,,-79.567,,,,-80.5796,,,,-83.1907,,,,-81.428,,,,-81.1999,,,,-79.469,,,,-78.0962,,,,-78.739,,,,-79.8936,,,,-80.237
,,,,-81.575,,,,-79.9263,,,,-80.1,,,,-79.1422,,,,-78.51,,,,-78.2597,,,,-79.61,,,,-80.6449,,,,-83.2234,,,,-81.461,,,,-81.2326,,,,-79.501,,,,-78.129,,,,-78.772,,,,-79.9263,,,,-80.286
,,,,-81.591,,,,-79.9263,,,,-80.133,,,,-79.2076,,,,-78.565,,,,-78.3252,,,,-79.654,,,,-80.6775,,,,-83.256,,,,-81.483,,,,-81.2653,,,,-79.545,,,,-78.1617,,,,-78.815,,,,-79.959,,,,-80.318
,,,,-81.624,,,,-79.9917,,,,-80.188,,,,-79.2729,,,,-78.597,,,,-78.3578,,,,-79.676,,,,-80.6775,,,,-83.256,,,,-81.515,,,,-81.2979,,,,-79.578,,,,-78.1617,,,,-78.837,,,,-79.9917,,,,-80.335
,,,,-81.673,,,,-80.0896,,,,-80.22,,,,-79.2729,,,,-78.619,,,,-78.3578,,,,-79.697,,,,-80.7101,,,,-83.256,,,,-81.548,,,,-81.2979,,,,-79.599,,,,-78.2271,,,,-78.87,,,,-80.0243,,,,-80.367
,,,,-81.656,,,,-80.0243,,,,-80.231,,,,-79.3383,,,,-78.663,,,,-78.3905,,,,-79.719,,,,-80.7428,,,,-83.2886,,,,-81.548,,,,-81.3306,,,,-79.643,,,,-78.2597,,,,-78.892,,,,-80.0243,,,,-80.384
,,,,-81.673,,,,-80.0569,,,,-80.231,,,,-79.3056,,,,-78.652,,,,-78.3905,,,,-79.73,,,,-80.7428,,,,-83.2886,,,,-81.559,,,,-81.3306,,,,-79.632,,,,-78.2597,,,,-78.902,,,,-80.0569,,,,-80.4
,,,,-81.705,,,,-80.0896,,,,-80.264,,,,-79.3383,,,,-78.685,,,,-78.4231,,,,-79.763,,,,-80.7755,,,,-83.3211,,,,-81.591,,,,-81.3631,,,,-79.665,,,,-78.2925,,,,-78.935,,,,-80.0896,,,,-80.433
,,,,-81.771,,,,-80.1877,,,,-80.275,,,,-79.2729,,,,-78.674,,,,-78.4231,,,,-79.774,,,,-80.8082,,,,-83.3538,,,,-81.635,,,,-81.3631,,,,-79.654,,,,-78.3252,,,,-78.946,,,,-80.0896,,,,-80.449
,,,,-81.82,,,,-80.2202,,,,-80.394,,,,-79.4689,,,,-78.837,,,,-78.5866,,,,-79.893,,,,-80.9061,,,,-83.419,,,,-81.711,,,,-81.4938,,,,-79.806,,,,-78.4559,,,,-79.077,,,,-80.1877,,,,-80.547
,,,,-81.836,,,,-80.253,,,,-80.416,,,,-79.5016,,,,-78.859,,,,-78.5866,,,,-79.915,,,,-80.9388,,,,-83.419,,,,-81.722,,,,-81.4938,,,,-79.828,,,,-78.4886,,,,-79.098,,,,-80.2202,,,,-80.58
,,,,-81.901,,,,-80.3509,,,,-80.46,,,,-79.5016,,,,-78.881,,,,-78.6194,,,,-79.948,,,,-80.9714,,,,-83.4516,,,,-81.776,,,,-81.5263,,,,-79.85,,,,-78.5213,,,,-79.131,,,,-80.253,,,,-80.612
,,,,-81.852,,,,-80.253,,,,-80.438,,,,-79.5343,,,,-78.913,,,,-78.6847,,,,-79.981,,,,-80.9714,,,,-83.4516,,,,-81.744,,,,-81.5263,,,,-79.861,,,,-78.5213,,,,-79.164,,,,-80.2857,,,,-80.629
,,,,-81.885,,,,-80.3183,,,,-80.471,,,,-79.5343,,,,-78.924,,,,-78.6847,,,,-79.97,,,,-80.9714,,,,-83.4516,,,,-81.776,,,,-81.5591,,,,-79.882,,,,-78.554,,,,-79.164,,,,-80.253,,,,-80.612
,,,,-81.934,,,,-80.3835,,,,-80.481,,,,-79.5016,,,,-78.913,,,,-78.6847,,,,-79.992,,,,-81.0041,,,,-83.4842,,,,-81.809,,,,-81.5591,,,,-79.872,,,,-78.554,,,,-79.175,,,,-80.2857,,,,-80.645
,,,,-81.901,,,,-80.3183,,,,-80.514,,,,-79.6323,,,,-78.979,,,,-78.7173,,,,-80.013,,,,-81.0041,,,,-83.4842,,,,-81.798,,,,-81.5917,,,,-79.937,,,,-78.5866,,,,-79.207,,,,-80.3183,,,,-80.661
,,,,-81.966,,,,-80.4162,,,,-80.558,,,,-79.665,,,,-78.99,,,,-78.7173,,,,-80.046,,,,-81.0694,,,,-83.5168,,,,-81.842,,,,-81.5917,,,,-79.948,,,,-78.5866,,,,-79.218,,,,-80.3509,,,,-80.71
,,,,-81.934,,,,-80.3509,,,,-80.536,,,,-79.665,,,,-79.011,,,,-78.75,,,,-80.057,,,,-81.0694,,,,-83.5168,,,,-81.82,,,,-81.5917,,,,-79.959,,,,-78.6194,,,,-79.24,,,,-80.3509,,,,-80.71
,,,,-81.966,,,,-80.3835,,,,-80.547,,,,-79.6323,,,,-79.022,,,,-78.7827,,,,-80.079,,,,-81.102,,,,-83.5495,,,,-81.852,,,,-81.6243,,,,-79.97,,,,-78.652,,,,-79.262,,,,-80.3509,,,,-80.726
,,,,-81.966,,,,-80.4162,,,,-80.59,,,,-79.7302,,,,-79.077,,,,-78.8154,,,,-80.1,,,,-81.102,,,,-83.5168,,,,-81.852,,,,-81.6243,,,,-80.013,,,,-78.6847,,,,-79.295,,,,-80.3835,,,,-80.743
,,,,-82.016,,,,-80.4816,,,,-80.645,,,,-79.763,,,,-79.088,,,,-78.8154,,,,-80.111,,,,-81.1347,,,,-83.5495,,,,-81.907,,,,-81.6895,,,,-80.046,,,,-78.6847,,,,-79.295,,,,-80.3835,,,,-80.759
,,,,-81.999,,,,-80.4162,,,,-80.601,,,,-79.7302,,,,-79.099,,,,-78.8808,,,,-80.155,,,,-81.1673,,,,-83.5821,,,,-81.885,,,,-81.657,,,,-80.024,,,,-78.6847,,,,-79.327,,,,-80.4162,,,,-80.792
,,,,-82.032,,,,-80.4816,,,,-80.623,,,,-79.7302,,,,-79.12,,,,-78.8808,,,,-80.155,,,,-81.1673,,,,-83.5821,,,,-81.907,,,,-81.657,,,,-80.046,,,,-78.75,,,,-79.349,,,,-80.4162,,,,-80.792
,,,,-82.048,,,,-80.5143,,,,-80.656,,,,-79.7302,,,,-79.12,,,,-78.8808,,,,-80.177,,,,-81.1999,,,,-83.5821,,,,-81.94,,,,-81.7223,,,,-80.068,,,,-78.75,,,,-79.36,,,,-80.4489,,,,-80.824
,,,,-82.065,,,,-80.5143,,,,-80.677,,,,-79.7956,,,,-79.164,,,,-78.9134,,,,-80.209,,,,-81.1999,,,,-83.6147,,,,-81.95,,,,-81.7223,,,,-80.1,,,,-78.7827,,,,-79.403,,,,-80.5143,,,,-80.857
,,,,-82.081,,,,-80.5143,,,,-80.677,,,,-79.7956,,,,-79.175,,,,-78.9134,,,,-80.198,,,,-81.1999,,,,-83.6472,,,,-81.961,,,,-81.7223,,,,-80.111,,,,-78.8154,,,,-79.403,,,,-80.4816,,,,-80.841
,,,,-82.097,,,,-80.5796,,,,-80.699,,,,-79.763,,,,-79.186,,,,-78.9462,,,,-80.22,,,,-81.2326,,,,-83.6147,,,,-81.983,,,,-81.7549,,,,-80.122,,,,-78.8481,,,,-79.425,,,,-80.4816,,,,-80.857
,,,,-82.162,,,,-80.6775,,,,-80.764,,,,-79.8283,,,,-79.229,,,,-79.0114,,,,-80.264,,,,-81.2653,,,,-83.6472,,,,-82.037,,,,-81.7876,,,,-80.155,,,,-78.8481,,,,-79.458,,,,-80.5143,,,,-80.89
,,,,-82.13,,,,-80.6122,,,,-80.732,,,,-79.7956,,,,-79.229,,,,-79.0114,,,,-80.285,,,,-81.2979,,,,-83.6472,,,,-82.016,,,,-81.7876,,,,-80.155,,,,-78.8808,,,,-79.48,,,,-80.5468,,,,-80.922
,,,,-82.13,,,,-80.6122,,,,-80.754,,,,-79.861,,,,-79.251,,,,-79.0114,,,,-80.285,,,,-81.2979,,,,-83.6472,,,,-82.016,,,,-81.7876,,,,-80.176,,,,-78.8808,,,,-79.48,,,,-80.5468,,,,-80.922
,,,,-82.13,,,,-80.5796,,,,-80.764,,,,-79.8936,,,,-79.284,,,,-79.0442,,,,-80.296,,,,-81.2979,,,,-83.6799,,,,-82.027,,,,-81.8202,,,,-80.209,,,,-78.9134,,,,-79.501,,,,-80.5468,,,,-80.922
,,,,-82.179,,,,-80.6775,,,,-80.797,,,,-79.8936,,,,-79.306,,,,-79.0768,,,,-80.329,,,,-81.3306,,,,-83.6799,,,,-82.059,,,,-81.8202,,,,-80.22,,,,-78.9462,,,,-79.534,,,,-80.5796,,,,-80.955
,,,,-82.211,,,,-80.7101,,,,-80.83,,,,-79.9263,,,,-79.327,,,,-79.0768,,,,-80.34,,,,-81.3631,,,,-83.7126,,,,-82.092,,,,-81.8528,,,,-80.253,,,,-78.9789,,,,-79.545,,,,-80.5796,,,,-80.971
,,,,-82.211,,,,-80.7101,,,,-80.819,,,,-79.8936,,,,-79.338,,,,-79.1422,,,,-80.372,,,,-81.3631,,,,-83.7126,,,,-82.092,,,,-81.8528,,,,-80.242,,,,-78.9789,,,,-79.578,,,,-80.6122,,,,-80.988
,,,,-82.244,,,,-80.7755,,,,-80.852,,,,-79.9263,,,,-79.36,,,,-79.1422,,,,-80.383,,,,-81.3958,,,,-83.7126,,,,-82.114,,,,-81.8528,,,,-80.264,,,,-79.0114,,,,-79.589,,,,-80.6122,,,,-81.004
,,,,-82.277,,,,-80.8408,,,,-80.884,,,,-79.9263,,,,-79.36,,,,-79.1422,,,,-80.394,,,,-81.3958,,,,-83.7126,,,,-82.146,,,,-81.8855,,,,-80.274,,,,-79.0114,,,,-79.599,,,,-80.6449,,,,-81.02
,,,,-82.244,,,,-80.7101,,,,-80.862,,,,-79.9917,,,,-79.404,,,,-79.1749,,,,-80.416,,,,-81.4285,,,,-83.7778,,,,-82.124,,,,-81.8855,,,,-80.307,,,,-79.0442,,,,-79.621,,,,-80.6449,,,,-81.037
,,,,-82.244,,,,-80.7755,,,,-80.862,,,,-79.8936,,,,-79.382,,,,-79.2076,,,,-80.438,,,,-81.4285,,,,-83.7126,,,,-82.135,,,,-81.9181,,,,-80.285,,,,-79.0442,,,,-79.643,,,,-80.6775,,,,-81.053
,,,,-82.26,,,,-80.7755,,,,-80.928,,,,-80.0896,,,,-79.469,,,,-79.2076,,,,-80.449,,,,-81.4285,,,,-83.7452,,,,-82.146,,,,-81.9181,,,,-80.372,,,,-79.1095,,,,-79.676,,,,-80.7101,,,,-81.069
,,,,-82.293,,,,-80.8082,,,,-80.928,,,,-80.0569,,,,-79.469,,,,-79.2401,,,,-80.47,,,,-81.4611,,,,-83.7778,,,,-82.168,,,,-81.9181,,,,-80.361,,,,-79.1095,,,,-79.687,,,,-80.7101,,,,-81.086
,,,,-82.342,,,,-80.8734,,,,-80.982,,,,-80.1223,,,,-79.502,,,,-79.2401,,,,-80.492,,,,-81.4938,,,,-83.8103,,,,-82.212,,,,-81.9508,,,,-80.405,,,,-79.1422,,,,-79.708,,,,-80.7428,,,,-81.118
,,,,-82.342,,,,-80.8734,,,,-80.993,,,,-80.1223,,,,-79.534,,,,-79.3056,,,,-80.525,,,,-81.5263,,,,-83.8103,,,,-82.222,,,,-81.9835,,,,-80.427,,,,-79.1749,,,,-79.741,,,,-80.7428,,,,-81.135
,,,,-82.44,,,,-81.0041,,,,-81.08,,,,-80.155,,,,-79.61,,,,-79.4035,,,,-80.612,,,,-81.5917,,,,-83.8756,,,,-82.32,,,,-82.0813,,,,-80.503,,,,-79.2729,,,,-79.839,,,,-80.8408,,,,-81.216
,,,,-82.44,,,,-81.0041,,,,-81.08,,,,-80.155,,,,-79.621,,,,-79.4035,,,,-80.634,,,,-81.6243,,,,-83.8756,,,,-82.32,,,,-82.0813,,,,-80.514,,,,-79.3056,,,,-79.861,,,,-80.8734,,,,-81.249
,,,,-82.407,,,,-80.9388,,,,-81.069,,,,-80.1877,,,,-79.643,,,,-79.4363,,,,-80.656,,,,-81.657,,,,-83.8756,,,,-82.299,,,,-82.0813,,,,-80.525,,,,-79.3056,,,,-79.872,,,,-80.8734,,,,-81.265
,,,,-82.44,,,,-80.9714,,,,-81.08,,,,-80.1877,,,,-79.676,,,,-79.5016,,,,-80.677,,,,-81.657,,,,-83.9083,,,,-82.32,,,,-82.0813,,,,-80.536,,,,-79.3383,,,,-79.904,,,,-80.8734,,,,-81.265
,,,,-82.489,,,,-81.0694,,,,-81.156,,,,-80.2857,,,,-79.719,,,,-79.5016,,,,-80.71,,,,-81.6895,,,,-83.9083,,,,-82.364,,,,-82.114,,,,-80.59,,,,-79.3709,,,,-79.937,,,,-80.9388,,,,-81.314
,,,,-82.489,,,,-81.0694,,,,-81.189,,,,-80.3509,,,,-79.741,,,,-79.5016,,,,-80.688,,,,-81.657,,,,-83.9083,,,,-82.375,,,,-82.1466,,,,-80.623,,,,-79.3709,,,,-79.926,,,,-80.9061,,,,-81.282
,,,,-82.505,,,,-81.0694,,,,-81.178,,,,-80.3183,,,,-79.741,,,,-79.5016,,,,-80.721,,,,-81.6895,,,,-83.9409,,,,-82.386,,,,-82.1466,,,,-80.623,,,,-79.4035,,,,-79.959,,,,-80.9714,,,,-81.33
,,,,-82.554,,,,-81.1673,,,,-81.211,,,,-80.3183,,,,-79.763,,,,-79.5343,,,,-80.732,,,,-81.7223,,,,-83.9409,,,,-82.418,,,,-82.1466,,,,-80.634,,,,-79.4363,,,,-79.97,,,,-80.9388,,,,-81.331
,,,,-82.505,,,,-81.0694,,,,-81.178,,,,-80.2857,,,,-79.763,,,,-79.5669,,,,-80.743,,,,-81.7223,,,,-83.9409,,,,-82.396,,,,-82.1791,,,,-80.634,,,,-79.4363,,,,-79.981,,,,-80.9388,,,,-81.331
,,,,-82.554,,,,-81.1673,,,,-81.243,,,,-80.3509,,,,-79.796,,,,-79.5669,,,,-80.764,,,,-81.7549,,,,-83.9409,,,,-82.44,,,,-82.2119,,,,-80.677,,,,-79.4689,,,,-80.002,,,,-80.9714,,,,-81.363
,,,,-82.587,,,,-81.1999,,,,-81.265,,,,-80.3835,,,,-79.828,,,,-79.5997,,,,-80.797,,,,-81.7549,,,,-83.9734,,,,-82.462,,,,-82.2119,,,,-80.699,,,,-79.5016,,,,-80.046,,,,-81.0366,,,,-81.396
,,,,-82.57,,,,-81.1673,,,,-81.276,,,,-80.4162,,,,-79.872,,,,-79.665,,,,-80.83,,,,-81.7876,,,,-83.9734,,,,-82.462,,,,-82.2445,,,,-80.732,,,,-79.5343,,,,-80.079,,,,-81.0366,,,,-81.412
,,,,-82.636,,,,-81.2326,,,,-81.309,,,,-80.4162,,,,-79.872,,,,-79.6323,,,,-80.83,,,,-81.7876,,,,-84.0387,,,,-82.516,,,,-82.2772,,,,-80.753,,,,-79.5669,,,,-80.09,,,,-81.0694,,,,-81.428
,,,,-82.587,,,,-81.102,,,,-81.309,,,,-80.4816,,,,-79.904,,,,-79.665,,,,-80.862,,,,-81.7876,,,,-84.0713,,,,-82.505,,,,-82.3423,,,,-80.797,,,,-79.5669,,,,-80.122,,,,-81.1347,,,,-81.461
,,,,-82.668,,,,-81.1999,,,,-81.352,,,,-80.4489,,,,-79.915,,,,-79.6976,,,,-80.928,,,,-81.8528,,,,-84.1364,,,,-82.581,,,,-82.4076,,,,-80.819,,,,-79.5997,,,,-80.177,,,,-81.2326,,,,-81.543
,,,,-82.75,,,,-81.2653,,,,-81.385,,,,-80.4162,,,,-79.926,,,,-79.7302,,,,-80.982,,,,-81.8855,,,,-84.2343,,,,-82.658,,,,-82.4729,,,,-80.84,,,,-79.6323,,,,-80.231,,,,-81.3306,,,,-81.608
,,,,-82.815,,,,-81.2979,,,,-81.483,,,,-80.5796,,,,-80.013,,,,-79.7956,,,,-81.036,,,,-81.9181,,,,-84.3322,,,,-82.734,,,,-82.5708,,,,-80.938,,,,-79.665,,,,-80.285,,,,-81.3958,,,,-81.657
,,,,-83.06,,,,-81.4285,,,,-81.679,,,,-80.7755,,,,-80.199,,,,-79.959,,,,-81.254,,,,-82.1466,,,,-84.6907,,,,-82.984,,,,-82.8317,,,,-81.156,,,,-79.861,,,,-80.492,,,,-81.657,,,,-81.902
,,,,-83.109,,,,-81.4611,,,,-81.689,,,,-80.7428,,,,-80.198,,,,-79.959,,,,-81.265,,,,-82.1466,,,,-84.756,,,,-83.027,,,,-82.8645,,,,-81.167,,,,-79.8936,,,,-80.514,,,,-81.6895,,,,-81.918
,,,,-83.19,,,,-81.5591,,,,-81.755,,,,-80.8082,,,,-80.264,,,,-80.0243,,,,-81.33,,,,-82.2119,,,,-84.8212,,,,-83.092,,,,-82.8971,,,,-81.221,,,,-79.959,,,,-80.579,,,,-81.7549,,,,-81.983
,,,,-83.255,,,,-81.5917,,,,-81.831,,,,-80.9388,,,,-80.329,,,,-80.0569,,,,-81.363,,,,-82.2445,,,,-84.919,,,,-83.158,,,,-82.9624,,,,-81.298,,,,-79.9917,,,,-80.612,,,,-81.7876,,,,-82.016
,,,,-83.353,,,,-81.6895,,,,-81.874,,,,-80.8734,,,,-80.329,,,,-80.0896,,,,-81.439,,,,-82.3098,,,,-85.0167,,,,-83.255,,,,-83.0602,,,,-81.319,,,,-80.0243,,,,-80.677,,,,-81.9181,,,,-82.114
,,,,-83.353,,,,-81.6243,,,,-81.907,,,,-80.9714,,,,-80.384,,,,-80.1223,,,,-81.472,,,,-82.3423,,,,-85.0819,,,,-83.277,,,,-83.1254,,,,-81.385,,,,-80.0569,,,,-80.71,,,,-81.9508,,,,-82.147
,,,,-83.418,,,,-81.6895,,,,-81.983,,,,-81.0694,,,,-80.449,,,,-80.155,,,,-81.504,,,,-82.375,,,,-85.1471,,,,-83.342,,,,-83.1907,,,,-81.461,,,,-80.1223,,,,-80.754,,,,-81.9835,,,,-82.179
,,,,-83.484,,,,-81.7223,,,,-82.027,,,,-81.102,,,,-80.503,,,,-80.2202,,,,-81.581,,,,-82.4403,,,,-85.2449,,,,-83.408,,,,-83.256,,,,-81.515,,,,-80.1877,,,,-80.83,,,,-82.0813,,,,-82.261
,,,,-83.614,,,,-81.8855,,,,-82.103,,,,-81.1347,,,,-80.569,,,,-80.3183,,,,-81.668,,,,-82.5382,,,,-85.3427,,,,-83.506,,,,-83.2886,,,,-81.559,,,,-80.253,,,,-80.906,,,,-82.1466,,,,-82.342
,,,,-83.679,,,,-81.8855,,,,-82.19,,,,-81.2326,,,,-80.645,,,,-80.3835,,,,-81.755,,,,-82.6361,,,,-85.4731,,,,-83.603,,,,-83.4516,,,,-81.668,,,,-80.3183,,,,-80.982,,,,-82.2445,,,,-82.44
,,,,-83.777,,,,-81.9835,,,,-82.299,,,,-81.3631,,,,-80.754,,,,-80.4816,,,,-81.842,,,,-82.7013,,,,-85.5708,,,,-83.701,,,,-83.5495,,,,-81.776,,,,-80.4162,,,,-81.08,,,,-82.3423,,,,-82.522
,,,,-83.875,,,,-82.0486,,,,-82.375,,,,-81.4611,,,,-80.83,,,,-80.5468,,,,-81.929,,,,-82.7992,,,,-85.7011,,,,-83.788,,,,-83.6147,,,,-81.852,,,,-80.4816,,,,-81.156,,,,-82.4403,,,,-82.62
,,,,-83.859,,,,-81.9835,,,,-82.397,,,,-81.5263,,,,-80.884,,,,-80.5796,,,,-81.972,,,,-82.8645,,,,-85.7337,,,,-83.799,,,,-83.6799,,,,-81.918,,,,-80.5468,,,,-81.2,,,,-82.4729,,,,-82.669
,,,,-83.956,,,,-82.114,,,,-82.451,,,,-81.4938,,,,-80.895,,,,-80.6122,,,,-81.994,,,,-82.8645,,,,-85.799,,,,-83.886,,,,-83.7452,,,,-81.94,,,,-80.5796,,,,-81.232,,,,-82.5055,,,,-82.685
,,,,-84.038,,,,-82.2445,,,,-82.527,,,,-81.5917,,,,-80.96,,,,-80.6775,,,,-82.048,,,,-82.9297,,,,-85.8315,,,,-83.94,,,,-83.7452,,,,-81.983,,,,-80.6122,,,,-81.276,,,,-82.5382,,,,-82.734
,,,,-84.054,,,,-82.2119,,,,-82.56,,,,-81.6895,,,,-81.015,,,,-80.7101,,,,-82.103,,,,-82.9948,,,,-85.8967,,,,-83.962,,,,-83.7778,,,,-82.037,,,,-80.6449,,,,-81.319,,,,-82.6034,,,,-82.799
,,,,-84.054,,,,-82.1791,,,,-82.549,,,,-81.6243,,,,-81.026,,,,-80.7428,,,,-82.136,,,,-83.0276,,,,-85.9292,,,,-83.984,,,,-83.843,,,,-82.059,,,,-80.7101,,,,-81.363,,,,-82.6361,,,,-82.832
,,,,-84.087,,,,-82.2119,,,,-82.582,,,,-81.657,,,,-81.048,,,,-80.7755,,,,-82.168,,,,-83.0602,,,,-85.9619,,,,-84.016,,,,-83.8756,,,,-82.081,,,,-80.7101,,,,-81.385,,,,-82.6686,,,,-82.864
,,,,-84.136,,,,-82.2445,,,,-82.636,,,,-81.7223,,,,-81.091,,,,-80.8082,,,,-82.212,,,,-83.0928,,,,-86.0269,,,,-84.071,,,,-83.9409,,,,-82.135,,,,-80.7428,,,,-81.428,,,,-82.7339,,,,-82.913
,,,,-84.201,,,,-82.3423,,,,-82.701,,,,-81.8202,,,,-81.156,,,,-80.8408,,,,-82.244,,,,-83.1254,,,,-86.0596,,,,-84.114,,,,-83.9409,,,,-82.19,,,,-80.8082,,,,-81.472,,,,-82.7666,,,,-82.946
,,,,-84.282,,,,-82.4729,,,,-82.756,,,,-81.7876,,,,-81.167,,,,-80.8734,,,,-82.277,,,,-83.158,,,,-86.0921,,,,-84.19,,,,-84.0061,,,,-82.212,,,,-80.8408,,,,-81.504,,,,-82.7992,,,,-82.979
,,,,-84.234,,,,-82.3423,,,,-82.734,,,,-81.8202,,,,-81.211,,,,-80.9388,,,,-82.342,,,,-83.2234,,,,-86.1248,,,,-84.169,,,,-84.0387,,,,-82.244,,,,-80.8734,,,,-81.559,,,,-82.8645,,,,-83.044
,,,,-84.348,,,,-82.5055,,,,-82.81,,,,-81.8528,,,,-81.222,,,,-80.9388,,,,-82.364,,,,-83.256,,,,-86.1899,,,,-84.256,,,,-84.0713,,,,-82.266,,,,-80.8734,,,,-81.57,,,,-82.8971,,,,-83.077
,,,,-84.38,,,,-82.5382,,,,-82.864,,,,-81.9181,,,,-81.287,,,,-81.0041,,,,-82.407,,,,-83.2886,,,,-86.2225,,,,-84.299,,,,-84.1364,,,,-82.331,,,,-80.9388,,,,-81.624,,,,-82.9297,,,,-83.109
,,,,-84.364,,,,-82.4729,,,,-82.842,,,,-81.8855,,,,-81.309,,,,-81.0366,,,,-82.44,,,,-83.3211,,,,-86.255,,,,-84.299,,,,-84.1691,,,,-82.353,,,,-81.0041,,,,-81.668,,,,-82.9624,,,,-83.142
,,,,-84.413,,,,-82.5382,,,,-82.908,,,,-82.016,,,,-81.352,,,,-81.0694,,,,-82.484,,,,-83.3538,,,,-86.2877,,,,-84.332,,,,-84.1691,,,,-82.386,,,,-80.9714,,,,-81.689,,,,-83.0276,,,,-83.191
,,,,-84.429,,,,-82.5382,,,,-82.93,,,,-82.016,,,,-81.374,,,,-81.102,,,,-82.516,,,,-83.3864,,,,-86.3203,,,,-84.364,,,,-84.2343,,,,-82.418,,,,-81.0041,,,,-81.722,,,,-83.0602,,,,-83.223
,,,,-84.446,,,,-82.5382,,,,-82.962,,,,-82.0813,,,,-81.428,,,,-81.1347,,,,-82.538,,,,-83.419,,,,-86.3528,,,,-84.386,,,,-84.267,,,,-82.473,,,,-81.0694,,,,-81.755,,,,-83.0602,,,,-83.24
,,,,-84.674,,,,-82.7992,,,,-83.158,,,,-82.2119,,,,-81.603,,,,-81.3306,,,,-82.734,,,,-83.6147,,,,-86.5482,,,,-84.603,,,,-84.4625,,,,-82.647,,,,-81.2653,,,,-81.951,,,,-83.256,,,,-83.435
,,,,-84.657,,,,-82.7339,,,,-83.18,,,,-82.3098,,,,-81.635,,,,-81.3306,,,,-82.766,,,,-83.6799,,,,-86.5807,,,,-84.603,,,,-84.4952,,,,-82.69,,,,-81.2653,,,,-81.962,,,,-83.2886,,,,-83.484
,,,,-84.723,,,,-82.8645,,,,-83.212,,,,-82.2772,,,,-81.646,,,,-81.3631,,,,-82.788,,,,-83.6799,,,,-86.5807,,,,-84.647,,,,-84.4952,,,,-82.69,,,,-81.2979,,,,-81.994,,,,-83.3211,,,,-83.5
,,,,-84.788,,,,-82.9297,,,,-83.256,,,,-82.3098,,,,-81.679,,,,-81.3958,,,,-82.821,,,,-83.7126,,,,-86.646,,,,-84.701,,,,-84.5278,,,,-82.723,,,,-81.3306,,,,-82.027,,,,-83.3538,,,,-83.533
,,,,-84.82,,,,-82.9297,,,,-83.31,,,,-82.375,,,,-81.766,,,,-81.4938,,,,-82.897,,,,-83.7778,,,,-86.7111,,,,-84.755,,,,-84.6255,,,,-82.81,,,,-81.4285,,,,-82.114,,,,-83.419,,,,-83.598
,,,,-84.853,,,,-82.9624,,,,-83.354,,,,-82.4729,,,,-81.809,,,,-81.5263,,,,-82.94,,,,-83.843,,,,-86.7436,,,,-84.777,,,,-84.6255,,,,-82.842,,,,-81.4285,,,,-82.135,,,,-83.4516,,,,-83.647
,,,,-84.902,,,,-83.0276,,,,-83.397,,,,-82.4729,,,,-81.842,,,,-81.5591,,,,-82.995,,,,-83.9083,,,,-86.7762,,,,-84.832,,,,-84.6907,,,,-82.886,,,,-81.4938,,,,-82.19,,,,-83.5168,,,,-83.713
,,,,-84.918,,,,-82.9948,,,,-83.419,,,,-82.5055,,,,-81.874,,,,-81.5917,,,,-83.016,,,,-83.9409,,,,-86.8414,,,,-84.864,,,,-84.756,,,,-82.929,,,,-81.5263,,,,-82.212,,,,-83.5168,,,,-83.729
,,,,-85.0,,,,-83.1254,,,,-83.462,,,,-82.5055,,,,-81.907,,,,-81.657,,,,-83.06,,,,-83.9409,,,,-86.874,,,,-84.918,,,,-84.756,,,,-82.94,,,,-81.5591,,,,-82.266,,,,-83.5821,,,,-83.762
,,,,-84.983,,,,-83.0602,,,,-83.473,,,,-82.5708,,,,-81.94,,,,-81.657,,,,-83.082,,,,-83.9734,,,,-86.9065,,,,-84.918,,,,-84.7885,,,,-82.984,,,,-81.5917,,,,-82.288,,,,-83.6147,,,,-83.794
,,,,-85.032,,,,-83.158,,,,-83.528,,,,-82.6034,,,,-81.983,,,,-81.7223,,,,-83.125,,,,-84.0061,,,,-86.9065,,,,-84.962,,,,-84.8212,,,,-83.016,,,,-81.6243,,,,-82.331,,,,-83.6472,,,,-83.827
,,,,-85.065,,,,-83.1907,,,,-83.56,,,,-82.6361,,,,-82.005,,,,-81.7223,,,,-83.158,,,,-84.0713,,,,-86.9391,,,,-84.995,,,,-84.8538,,,,-83.049,,,,-81.657,,,,-82.353,,,,-83.6799,,,,-83.876
,,,,-85.065,,,,-83.158,,,,-83.571,,,,-82.6686,,,,-82.038,,,,-81.7549,,,,-83.19,,,,-84.1039,,,,-86.9717,,,,-85.005,,,,-84.8864,,,,-83.081,,,,-81.6895,,,,-82.386,,,,-83.7126,,,,-83.908
,,,,-85.146,,,,-83.2886,,,,-83.615,,,,-82.6361,,,,-82.049,,,,-81.7876,,,,-83.212,,,,-84.1039,,,,-87.0042,,,,-85.071,,,,-84.919,,,,-83.092,,,,-81.7223,,,,-82.418,,,,-83.7452,,,,-83.925
,,,,-85.179,,,,-83.3211,,,,-83.647,,,,-82.7013,,,,-82.103,,,,-81.8528,,,,-83.267,,,,-84.1691,,,,-87.0368,,,,-85.092,,,,-84.919,,,,-83.125,,,,-81.7549,,,,-82.462,,,,-83.7778,,,,-83.973
,,,,-85.228,,,,-83.3864,,,,-83.702,,,,-82.7339,,,,-82.114,,,,-81.8528,,,,-83.277,,,,-84.2017,,,,-87.0693,,,,-85.147,,,,-84.9842,,,,-83.158,,,,-81.7549,,,,-82.462,,,,-83.7778,,,,-83.99
,,,,-85.244,,,,-83.3864,,,,-83.723,,,,-82.7992,,,,-82.168,,,,-81.8855,,,,-83.31,,,,-84.2343,,,,-87.1019,,,,-85.157,,,,-84.9842,,,,-83.201,,,,-81.8202,,,,-82.505,,,,-83.8103,,,,-84.022
,,,,-85.26,,,,-83.3864,,,,-83.712,,,,-82.7339,,,,-82.157,,,,-81.8855,,,,-83.332,,,,-84.267,,,,-87.1345,,,,-85.179,,,,-85.0167,,,,-83.201,,,,-81.8528,,,,-82.527,,,,-83.843,,,,-84.055
,,,,-85.309,,,,-83.4842,,,,-83.767,,,,-82.7992,,,,-82.212,,,,-81.9508,,,,-83.364,,,,-84.2994,,,,-87.1345,,,,-85.212,,,,-85.0167,,,,-83.234,,,,-81.8855,,,,-82.56,,,,-83.843,,,,-84.071
,,,,-85.293,,,,-83.419,,,,-83.767,,,,-82.8317,,,,-82.244,,,,-81.9835,,,,-83.408,,,,-84.3322,,,,-87.1671,,,,-85.212,,,,-85.0493,,,,-83.266,,,,-81.9181,,,,-82.603,,,,-83.9083,,,,-84.12
,,,,-85.423,,,,-83.5821,,,,-83.908,,,,-82.9297,,,,-82.364,,,,-82.114,,,,-83.528,,,,-84.4299,,,,-87.2648,,,,-85.353,,,,-85.2123,,,,-83.397,,,,-82.0486,,,,-82.734,,,,-84.0387,,,,-84.234
,,,,-85.489,,,,-83.6472,,,,-83.973,,,,-83.0276,,,,-82.429,,,,-82.1791,,,,-83.593,,,,-84.5278,,,,-87.3299,,,,-85.407,,,,-85.2449,,,,-83.451,,,,-82.0813,,,,-82.777,,,,-84.0713,,,,-84.3
,,,,-85.521,,,,-83.6799,,,,-84.017,,,,-83.0602,,,,-82.484,,,,-82.2445,,,,-83.636,,,,-84.5604,,,,-87.3624,,,,-85.451,,,,-85.3102,,,,-83.506,,,,-82.1466,,,,-82.832,,,,-84.1039,,,,-84.332
,,,,-85.538,,,,-83.7126,,,,-84.06,,,,-83.158,,,,-82.527,,,,-82.2445,,,,-83.658,,,,-84.593,,,,-87.3624,,,,-85.462,,,,-85.3102,,,,-83.549,,,,-82.1791,,,,-82.853,,,,-84.1364,,,,-84.365
,,,,-85.586,,,,-83.7126,,,,-84.093,,,,-83.2234,,,,-82.571,,,,-82.2772,,,,-83.691,,,,-84.6255,,,,-87.4601,,,,-85.505,,,,-85.3427,,,,-83.593,,,,-82.2119,,,,-82.886,,,,-84.1691,,,,-84.397
,,,,-85.586,,,,-83.7452,,,,-84.071,,,,-83.0928,,,,-82.549,,,,-82.3098,,,,-83.723,,,,-84.6582,,,,-87.4276,,,,-85.516,,,,-85.3753,,,,-83.571,,,,-82.2445,,,,-82.919,,,,-84.2017,,,,-84.43
,,,,-85.668,,,,-83.843,,,,-84.158,,,,-83.2234,,,,-82.603,,,,-82.3423,,,,-83.745,,,,-84.6907,,,,-87.4927,,,,-85.581,,,,-85.4079,,,,-83.625,,,,-82.2445,,,,-82.93,,,,-84.2017,,,,-84.446
,,,,-85.684,,,,-83.8756,,,,-84.169,,,,-83.1907,,,,-82.625,,,,-82.375,,,,-83.778,,,,-84.6907,,,,-87.4927,,,,-85.603,,,,-85.4404,,,,-83.647,,,,-82.3098,,,,-82.984,,,,-84.267,,,,-84.479
,,,,-85.733,,,,-83.9083,,,,-84.202,,,,-83.2234,,,,-82.647,,,,-82.4076,,,,-83.799,,,,-84.7234,,,,-87.5578,,,,-85.646,,,,-85.4731,,,,-83.669,,,,-82.3098,,,,-82.995,,,,-84.267,,,,-84.495
,,,,-85.782,,,,-84.0061,,,,-84.278,,,,-83.2886,,,,-82.701,,,,-82.4403,,,,-83.843,,,,-84.7885,,,,-87.5578,,,,-85.701,,,,-85.5382,,,,-83.734,,,,-82.375,,,,-83.038,,,,-84.2994,,,,-84.544
,,,,-85.749,,,,-83.9409,,,,-84.278,,,,-83.3864,,,,-82.756,,,,-82.4729,,,,-83.865,,,,-84.7885,,,,-87.5578,,,,-85.668,,,,-85.5056,,,,-83.767,,,,-82.4076,,,,-83.071,,,,-84.3322,,,,-84.56
,,,,-85.831,,,,-84.0713,,,,-84.299,,,,-83.2886,,,,-82.723,,,,-82.4729,,,,-83.886,,,,-84.8212,,,,-87.5904,,,,-85.733,,,,-85.5382,,,,-83.745,,,,-82.4076,,,,-83.082,,,,-84.3647,,,,-84.593
,,,,-85.831,,,,-84.0387,,,,-84.31,,,,-83.3538,,,,-82.777,,,,-82.5382,,,,-83.93,,,,-84.8538,,,,-87.623,,,,-85.733,,,,-85.5382,,,,-83.777,,,,-82.4403,,,,-83.125,,,,-84.3974,,,,-84.626
,,,,-85.814,,,,-83.9734,,,,-84.31,,,,-83.3538,,,,-82.788,,,,-82.5382,,,,-83.941,,,,-84.8864,,,,-87.6555,,,,-85.744,,,,-85.6033,,,,-83.81,,,,-82.4729,,,,-83.136,,,,-84.3974,,,,-84.642
,,,,-85.88,,,,-84.1039,,,,-84.375,,,,-83.419,,,,-82.821,,,,-82.5708,,,,-83.973,,,,-84.919,,,,-87.6555,,,,-85.788,,,,-85.6033,,,,-83.832,,,,-82.4729,,,,-83.158,,,,-84.4299,,,,-84.674
,,,,-85.88,,,,-84.0713,,,,-84.332,,,,-83.3211,,,,-82.821,,,,-82.6034,,,,-84.006,,,,-84.9515,,,,-87.688,,,,-85.788,,,,-85.6033,,,,-83.821,,,,-82.5382,,,,-83.201,,,,-84.4625,,,,-84.707
,,,,-85.929,,,,-84.1691,,,,-84.441,,,,-83.5168,,,,-82.897,,,,-82.6361,,,,-84.017,,,,-84.9515,,,,-87.688,,,,-85.831,,,,-85.636,,,,-83.897,,,,-82.5382,,,,-83.212,,,,-84.4625,,,,-84.707
,,,,-85.928,,,,-84.1364,,,,-84.43,,,,-83.4842,,,,-82.919,,,,-82.6686,,,,-84.06,,,,-85.0167,,,,-87.7206,,,,-85.842,,,,-85.6686,,,,-83.919,,,,-82.6034,,,,-83.256,,,,-84.4952,,,,-84.756
,,,,-85.945,,,,-84.1364,,,,-84.451,,,,-83.5168,,,,-82.951,,,,-82.7013,,,,-84.082,,,,-85.0167,,,,-87.7532,,,,-85.864,,,,-85.7011,,,,-83.951,,,,-82.6361,,,,-83.288,,,,-84.5278,,,,-84.772
,,,,-85.961,,,,-84.1691,,,,-84.473,,,,-83.5495,,,,-82.973,,,,-82.7013,,,,-84.104,,,,-85.0493,,,,-87.7532,,,,-85.874,,,,-85.7011,,,,-83.973,,,,-82.6686,,,,-83.31,,,,-84.5604,,,,-84.805
,,,,-86.059,,,,-84.267,,,,-84.582,,,,-83.6799,,,,-83.082,,,,-82.8317,,,,-84.223,,,,-85.1797,,,,-87.8509,,,,-85.972,,,,-85.799,,,,-84.071,,,,-82.7339,,,,-83.408,,,,-84.6582,,,,-84.919
,,,,-86.173,,,,-84.4299,,,,-84.636,,,,-83.6147,,,,-83.093,,,,-82.8645,,,,-84.256,,,,-85.2123,,,,-87.916,,,,-86.07,,,,-85.8641,,,,-84.093,,,,-82.7992,,,,-83.451,,,,-84.6907,,,,-84.952
,,,,-86.108,,,,-84.3322,,,,-84.647,,,,-83.7126,,,,-83.147,,,,-82.8971,,,,-84.288,,,,-85.2449,,,,-87.8833,,,,-86.037,,,,-85.8967,,,,-84.147,,,,-82.8317,,,,-83.484,,,,-84.7234,,,,-84.984
,,,,-86.206,,,,-84.4625,,,,-84.723,,,,-83.7778,,,,-83.191,,,,-82.9297,,,,-84.299,,,,-85.2449,,,,-87.9485,,,,-86.113,,,,-85.9292,,,,-84.19,,,,-82.8645,,,,-83.506,,,,-84.7234,,,,-84.984
,,,,-86.222,,,,-84.4625,,,,-84.756,,,,-83.843,,,,-83.245,,,,-82.9948,,,,-84.354,,,,-85.2775,,,,-87.9811,,,,-86.135,,,,-85.9619,,,,-84.234,,,,-82.8971,,,,-83.56,,,,-84.7885,,,,-85.033
,,,,-86.271,,,,-84.4952,,,,-84.745,,,,-83.7452,,,,-83.234,,,,-83.0276,,,,-84.397,,,,-85.3427,,,,-88.0461,,,,-86.179,,,,-85.9944,,,,-84.223,,,,-82.9297,,,,-83.593,,,,-84.8212,,,,-85.082
,,,,-86.336,,,,-84.6255,,,,-84.854,,,,-83.9409,,,,-83.321,,,,-83.0602,,,,-84.419,,,,-85.3427,,,,-88.0461,,,,-86.222,,,,-85.9944,,,,-84.299,,,,-82.9624,,,,-83.625,,,,-84.8538,,,,-85.098
,,,,-86.32,,,,-84.593,,,,-84.799,,,,-83.7778,,,,-83.278,,,,-83.0602,,,,-84.43,,,,-85.3753,,,,-88.0461,,,,-86.222,,,,-86.0269,,,,-84.267,,,,-82.9948,,,,-83.636,,,,-84.8538,,,,-85.115
,,,,-86.336,,,,-84.593,,,,-84.854,,,,-83.9409,,,,-83.343,,,,-83.0928,,,,-84.462,,,,-85.4079,,,,-88.0787,,,,-86.233,,,,-86.0269,,,,-84.321,,,,-82.9948,,,,-83.658,,,,-84.8864,,,,-85.147
,,,,-86.352,,,,-84.6255,,,,-84.864,,,,-83.9083,,,,-83.365,,,,-83.1254,,,,-84.495,,,,-85.4404,,,,-88.0787,,,,-86.255,,,,-86.0596,,,,-84.343,,,,-83.0602,,,,-83.702,,,,-84.919,,,,-85.18
,,,,-86.417,,,,-84.6907,,,,-84.919,,,,-83.9734,,,,-83.408,,,,-83.158,,,,-84.528,,,,-85.4731,,,,-88.1439,,,,-86.309,,,,-86.0921,,,,-84.386,,,,-83.0928,,,,-83.734,,,,-84.9515,,,,-85.212
,,,,-86.434,,,,-84.7234,,,,-84.93,,,,-83.9734,,,,-83.408,,,,-83.158,,,,-84.538,,,,-85.5056,,,,-88.1439,,,,-86.32,,,,-86.0921,,,,-84.386,,,,-83.0928,,,,-83.734,,,,-84.9515,,,,-85.229
,,,,-86.417,,,,-84.6907,,,,-84.951,,,,-84.0387,,,,-83.462,,,,-83.2234,,,,-84.582,,,,-85.5382,,,,-88.1439,,,,-86.32,,,,-86.1248,,,,-84.43,,,,-83.1254,,,,-83.778,,,,-84.9842,,,,-85.261
,,,,-86.45,,,,-84.756,,,,-84.984,,,,-84.0387,,,,-83.484,,,,-83.2234,,,,-84.582,,,,-85.5382,,,,-88.1439,,,,-86.352,,,,-86.1573,,,,-84.462,,,,-83.1907,,,,-83.799,,,,-84.9842,,,,-85.261
,,,,-86.466,,,,-84.7234,,,,-84.984,,,,-84.0387,,,,-83.495,,,,-83.256,,,,-84.614,,,,-85.5708,,,,-88.2089,,,,-86.374,,,,-86.1899,,,,-84.473,,,,-83.1907,,,,-83.821,,,,-85.0167,,,,-85.294
,,,,-86.482,,,,-84.756,,,,-85.006,,,,-84.0713,,,,-83.528,,,,-83.2886,,,,-84.636,,,,-85.5708,,,,-88.2089,,,,-86.385,,,,-86.1899,,,,-84.495,,,,-83.2234,,,,-83.854,,,,-85.0493,,,,-85.31
,,,,-86.515,,,,-84.8212,,,,-85.071,,,,-84.1691,,,,-83.571,,,,-83.3211,,,,-84.658,,,,-85.6033,,,,-88.2089,,,,-86.418,,,,-86.2225,,,,-84.538,,,,-83.2234,,,,-83.865,,,,-85.0493,,,,-85.326
,,,,-86.515,,,,-84.7885,,,,-85.038,,,,-84.1039,,,,-83.571,,,,-83.3538,,,,-84.691,,,,-85.636,,,,-88.2415,,,,-86.418,,,,-86.2225,,,,-84.527,,,,-83.256,,,,-83.897,,,,-85.0819,,,,-85.359
,,,,-86.58,,,,-84.919,,,,-85.114,,,,-84.1691,,,,-83.604,,,,-83.3538,,,,-84.701,,,,-85.636,,,,-88.2415,,,,-86.472,,,,-86.255,,,,-84.571,,,,-83.2886,,,,-83.919,,,,-85.1145,,,,-85.375
,,,,-86.564,,,,-84.8538,,,,-85.114,,,,-84.2017,,,,-83.626,,,,-83.3864,,,,-84.745,,,,-85.7011,,,,-88.274,,,,-86.472,,,,-86.2877,,,,-84.593,,,,-83.2886,,,,-83.941,,,,-85.1471,,,,-85.424
,,,,-86.743,,,,-85.1145,,,,-85.288,,,,-84.3322,,,,-83.8,,,,-83.5821,,,,-84.897,,,,-85.8315,,,,-88.3716,,,,-86.635,,,,-86.4179,,,,-84.745,,,,-83.4842,,,,-84.115,,,,-85.2775,,,,-85.554
,,,,-86.743,,,,-85.0819,,,,-85.288,,,,-84.3647,,,,-83.821,,,,-83.5821,,,,-84.908,,,,-85.8641,,,,-88.4042,,,,-86.635,,,,-86.4179,,,,-84.766,,,,-83.5168,,,,-84.125,,,,-85.2775,,,,-85.571
,,,,-86.792,,,,-85.1797,,,,-85.353,,,,-84.4299,,,,-83.865,,,,-83.6147,,,,-84.93,,,,-85.8641,,,,-88.4042,,,,-86.678,,,,-86.4505,,,,-84.81,,,,-83.5495,,,,-84.158,,,,-85.3102,,,,-85.587
,,,,-86.792,,,,-85.1797,,,,-85.343,,,,-84.3974,,,,-83.865,,,,-83.6147,,,,-84.962,,,,-85.9292,,,,-88.4042,,,,-86.678,,,,-86.4505,,,,-84.81,,,,-83.5821,,,,-84.18,,,,-85.3427,,,,-85.636
,,,,-86.841,,,,-85.2449,,,,-85.386,,,,-84.3974,,,,-83.886,,,,-83.6799,,,,-84.962,,,,-85.8967,,,,-88.4368,,,,-86.732,,,,-86.5157,,,,-84.832,,,,-83.5821,,,,-84.191,,,,-85.3102,,,,-85.603
,,,,-86.824,,,,-85.1797,,,,-85.364,,,,-84.4299,,,,-83.908,,,,-83.6799,,,,-84.984,,,,-85.9292,,,,-88.4693,,,,-86.711,,,,-86.4831,,,,-84.843,,,,-83.6147,,,,-84.212,,,,-85.3427,,,,-85.636
,,,,-86.841,,,,-85.2449,,,,-85.397,,,,-84.4299,,,,-83.93,,,,-83.7126,,,,-85.027,,,,-85.9944,,,,-88.4368,,,,-86.732,,,,-86.5157,,,,-84.864,,,,-83.6472,,,,-84.245,,,,-85.3753,,,,-85.685
,,,,-86.857,,,,-85.2449,,,,-85.419,,,,-84.4625,,,,-83.963,,,,-83.7452,,,,-85.038,,,,-85.9944,,,,-88.4693,,,,-86.754,,,,-86.5482,,,,-84.897,,,,-83.6799,,,,-84.267,,,,-85.3753,,,,-85.685
,,,,-86.873,,,,-85.2775,,,,-85.451,,,,-84.5278,,,,-83.984,,,,-83.7452,,,,-85.06,,,,-86.0269,,,,-88.4693,,,,-86.765,,,,-86.5482,,,,-84.919,,,,-83.6799,,,,-84.278,,,,-85.4079,,,,-85.717
,,,,-86.89,,,,-85.2775,,,,-85.451,,,,-84.4952,,,,-83.995,,,,-83.7778,,,,-85.082,,,,-86.0269,,,,-88.5019,,,,-86.787,,,,-86.5807,,,,-84.93,,,,-83.7126,,,,-84.31,,,,-85.4404,,,,-85.734
,,,,-86.89,,,,-85.2775,,,,-85.484,,,,-84.593,,,,-84.05,,,,-83.8103,,,,-85.103,,,,-86.0596,,,,-88.5019,,,,-86.787,,,,-86.5807,,,,-84.973,,,,-83.7452,,,,-84.332,,,,-85.4404,,,,-85.75
,,,,-86.939,,,,-85.3427,,,,-85.506,,,,-84.5604,,,,-84.06,,,,-83.843,,,,-85.136,,,,-86.0921,,,,-88.5344,,,,-86.83,,,,-86.6134,,,,-84.984,,,,-83.7778,,,,-84.365,,,,-85.4731,,,,-85.783
,,,,-86.955,,,,-85.3427,,,,-85.527,,,,-84.593,,,,-84.115,,,,-83.9083,,,,-85.18,,,,-86.1248,,,,-88.567,,,,-86.852,,,,-86.646,,,,-85.027,,,,-83.843,,,,-84.419,,,,-85.5056,,,,-85.815
,,,,-86.987,,,,-85.4079,,,,-85.592,,,,-84.6907,,,,-84.147,,,,-83.9083,,,,-85.201,,,,-86.1573,,,,-88.567,,,,-86.884,,,,-86.6786,,,,-85.071,,,,-83.843,,,,-84.43,,,,-85.5382,,,,-85.848
,,,,-87.036,,,,-85.5056,,,,-85.614,,,,-84.6582,,,,-84.158,,,,-83.9409,,,,-85.212,,,,-86.1573,,,,-88.567,,,,-86.917,,,,-86.6786,,,,-85.071,,,,-83.8756,,,,-84.452,,,,-85.5382,,,,-85.848
,,,,-87.02,,,,-85.4404,,,,-85.614,,,,-84.6907,,,,-84.191,,,,-83.9734,,,,-85.234,,,,-86.1899,,,,-88.5995,,,,-86.917,,,,-86.7111,,,,-85.103,,,,-83.9083,,,,-84.473,,,,-85.5382,,,,-85.864
,,,,-87.036,,,,-85.4731,,,,-85.636,,,,-84.7234,,,,-84.202,,,,-83.9734,,,,-85.266,,,,-86.2225,,,,-88.5995,,,,-86.928,,,,-86.7111,,,,-85.114,,,,-83.9083,,,,-84.495,,,,-85.6033,,,,-85.913
,,,,-87.036,,,,-85.4404,,,,-85.636,,,,-84.7234,,,,-84.223,,,,-84.0061,,,,-85.277,,,,-86.2225,,,,-88.6321,,,,-86.939,,,,-86.7436,,,,-85.136,,,,-83.9409,,,,-84.517,,,,-85.6033,,,,-85.913
,,,,-87.036,,,,-85.4404,,,,-85.636,,,,-84.7234,,,,-84.245,,,,-84.0387,,,,-85.299,,,,-86.255,,,,-88.6321,,,,-86.939,,,,-86.7436,,,,-85.147,,,,-83.9734,,,,-84.538,,,,-85.6033,,,,-85.929
,,,,-87.053,,,,-85.4731,,,,-85.647,,,,-84.7234,,,,-84.245,,,,-84.0387,,,,-85.31,,,,-86.255,,,,-88.6321,,,,-86.95,,,,-86.7436,,,,-85.147,,,,-83.9734,,,,-84.549,,,,-85.636,,,,-85.946
,,,,-87.134,,,,-85.6033,,,,-85.712,,,,-84.756,,,,-84.278,,,,-84.0713,,,,-85.332,,,,-86.2877,,,,-88.6646,,,,-87.015,,,,-86.7762,,,,-85.179,,,,-84.0061,,,,-84.571,,,,-85.636,,,,-85.962
,,,,-87.118,,,,-85.5708,,,,-85.723,,,,-84.7885,,,,-84.3,,,,-84.1039,,,,-85.353,,,,-86.2877,,,,-88.6646,,,,-87.015,,,,-86.8089,,,,-85.201,,,,-84.0061,,,,-84.593,,,,-85.6686,,,,-85.978
,,,,-87.118,,,,-85.5708,,,,-85.744,,,,-84.8538,,,,-84.354,,,,-84.1364,,,,-85.375,,,,-86.3203,,,,-88.6646,,,,-87.015,,,,-86.8089,,,,-85.245,,,,-84.0713,,,,-84.625,,,,-85.6686,,,,-85.994
,,,,-87.183,,,,-85.6686,,,,-85.766,,,,-84.7885,,,,-84.332,,,,-84.1364,,,,-85.397,,,,-86.3528,,,,-88.6971,,,,-87.069,,,,-86.8414,,,,-85.234,,,,-84.0713,,,,-84.636,,,,-85.7011,,,,-86.027
,,,,-87.15,,,,-85.6033,,,,-85.788,,,,-84.919,,,,-84.397,,,,-84.1691,,,,-85.419,,,,-86.3528,,,,-88.6971,,,,-87.047,,,,-86.8414,,,,-85.288,,,,-84.1039,,,,-84.669,,,,-85.7337,,,,-86.043
,,,,-87.199,,,,-85.7011,,,,-85.82,,,,-84.919,,,,-84.397,,,,-84.1691,,,,-85.429,,,,-86.3854,,,,-88.6971,,,,-87.08,,,,-86.8414,,,,-85.288,,,,-84.1039,,,,-84.669,,,,-85.7337,,,,-86.06
,,,,-87.183,,,,-85.636,,,,-85.81,,,,-84.919,,,,-84.419,,,,-84.2017,,,,-85.44,,,,-86.3854,,,,-88.7296,,,,-87.08,,,,-86.874,,,,-85.31,,,,-84.1364,,,,-84.691,,,,-85.7337,,,,-86.06
,,,,-87.215,,,,-85.7011,,,,-85.842,,,,-84.9515,,,,-84.452,,,,-84.2343,,,,-85.473,,,,-86.4179,,,,-88.7296,,,,-87.102,,,,-86.874,,,,-85.332,,,,-84.1691,,,,-84.723,,,,-85.7663,,,,-86.092
,,,,-87.248,,,,-85.7337,,,,-85.864,,,,-84.9515,,,,-84.462,,,,-84.2343,,,,-85.484,,,,-86.4505,,,,-88.7622,,,,-87.134,,,,-86.9065,,,,-85.353,,,,-84.2017,,,,-84.734,,,,-85.7663,,,,-86.108
,,,,-87.215,,,,-85.6686,,,,-85.842,,,,-84.9515,,,,-84.473,,,,-84.267,,,,-85.506,,,,-86.4505,,,,-88.7622,,,,-87.112,,,,-86.9065,,,,-85.353,,,,-84.2017,,,,-84.756,,,,-85.799,,,,-86.125
,,,,-87.313,,,,-85.8641,,,,-85.907,,,,-84.9515,,,,-84.506,,,,-84.2994,,,,-85.527,,,,-86.4831,,,,-88.7622,,,,-87.178,,,,-86.9065,,,,-85.375,,,,-84.267,,,,-84.788,,,,-85.799,,,,-86.141
,,,,-87.281,,,,-85.799,,,,-85.907,,,,-84.9842,,,,-84.517,,,,-84.3322,,,,-85.549,,,,-86.4831,,,,-88.7622,,,,-87.167,,,,-86.9391,,,,-85.386,,,,-84.2343,,,,-84.799,,,,-85.8315,,,,-86.157
,,,,-87.297,,,,-85.799,,,,-85.918,,,,-85.0167,,,,-84.539,,,,-84.3322,,,,-85.549,,,,-86.4831,,,,-88.7948,,,,-87.178,,,,-86.9391,,,,-85.408,,,,-84.267,,,,-84.81,,,,-85.8315,,,,-86.157
,,,,-87.313,,,,-85.8315,,,,-85.94,,,,-85.0167,,,,-84.549,,,,-84.3322,,,,-85.571,,,,-86.5157,,,,-88.7948,,,,-87.199,,,,-86.9717,,,,-85.429,,,,-84.2994,,,,-84.832,,,,-85.8641,,,,-86.19
,,,,-87.329,,,,-85.8641,,,,-85.994,,,,-85.1145,,,,-84.604,,,,-84.3647,,,,-85.582,,,,-86.5157,,,,-88.7948,,,,-87.221,,,,-87.0042,,,,-85.484,,,,-84.3322,,,,-84.854,,,,-85.8641,,,,-86.19
,,,,-87.411,,,,-85.9292,,,,-86.038,,,,-85.1145,,,,-84.691,,,,-84.5278,,,,-85.723,,,,-86.646,,,,-88.8924,,,,-87.297,,,,-87.0693,,,,-85.538,,,,-84.4299,,,,-84.984,,,,-85.9944,,,,-86.32
,,,,-87.443,,,,-85.9944,,,,-86.114,,,,-85.2449,,,,-84.756,,,,-84.5278,,,,-85.723,,,,-86.646,,,,-88.8924,,,,-87.33,,,,-87.1019,,,,-85.614,,,,-84.4952,,,,-85.006,,,,-85.9944,,,,-86.32
,,,,-87.411,,,,-85.9292,,,,-86.059,,,,-85.1471,,,,-84.723,,,,-84.5278,,,,-85.744,,,,-86.6786,,,,-88.8924,,,,-87.308,,,,-87.1019,,,,-85.581,,,,-84.4952,,,,-85.017,,,,-86.0269,,,,-86.353
,,,,-87.443,,,,-85.9944,,,,-86.135,,,,-85.2775,,,,-84.778,,,,-84.5604,,,,-85.755,,,,-86.6786,,,,-88.8924,,,,-87.34,,,,-87.1345,,,,-85.636,,,,-84.4952,,,,-85.027,,,,-86.0269,,,,-86.353
,,,,-87.492,,,,-86.0596,,,,-86.135,,,,-85.2449,,,,-84.789,,,,-84.5604,,,,-85.766,,,,-86.6786,,,,-88.9249,,,,-87.362,,,,-87.1019,,,,-85.636,,,,-84.5604,,,,-85.06,,,,-86.0596,,,,-86.369
,,,,-87.46,,,,-85.9944,,,,-86.135,,,,-85.2775,,,,-84.821,,,,-84.6255,,,,-85.799,,,,-86.7111,,,,-88.9249,,,,-87.351,,,,-87.1345,,,,-85.657,,,,-84.5604,,,,-85.082,,,,-86.0596,,,,-86.385
,,,,-87.557,,,,-86.1573,,,,-86.212,,,,-85.3102,,,,-84.843,,,,-84.6255,,,,-85.82,,,,-86.7436,,,,-88.9575,,,,-87.427,,,,-87.1671,,,,-85.69,,,,-84.593,,,,-85.104,,,,-86.0921,,,,-86.418
,,,,-87.509,,,,-86.0596,,,,-86.179,,,,-85.3102,,,,-84.843,,,,-84.6255,,,,-85.82,,,,-86.7762,,,,-88.9575,,,,-87.395,,,,-87.1671,,,,-85.69,,,,-84.593,,,,-85.093,,,,-86.0596,,,,-86.418
,,,,-87.492,,,,-86.0269,,,,-86.168,,,,-85.2775,,,,-84.843,,,,-84.6582,,,,-85.853,,,,-86.7762,,,,-88.9575,,,,-87.395,,,,-87.1996,,,,-85.69,,,,-84.593,,,,-85.125,,,,-86.1248,,,,-86.45
,,,,-87.541,,,,-86.0921,,,,-86.211,,,,-85.3427,,,,-84.875,,,,-84.6582,,,,-85.853,,,,-86.7762,,,,-88.99,,,,-87.427,,,,-87.1996,,,,-85.723,,,,-84.6255,,,,-85.136,,,,-86.1248,,,,-86.45
,,,,-87.574,,,,-86.1573,,,,-86.255,,,,-85.3753,,,,-84.93,,,,-84.7234,,,,-85.875,,,,-86.7762,,,,-88.99,,,,-87.46,,,,-87.2321,,,,-85.766,,,,-84.6907,,,,-85.18,,,,-86.1248,,,,-86.45
,,,,-87.574,,,,-86.1573,,,,-86.244,,,,-85.3427,,,,-84.919,,,,-84.7234,,,,-85.897,,,,-86.8089,,,,-88.99,,,,-87.46,,,,-87.2321,,,,-85.755,,,,-84.6907,,,,-85.19,,,,-86.1573,,,,-86.483
,,,,-87.606,,,,-86.2225,,,,-86.288,,,,-85.3753,,,,-84.952,,,,-84.756,,,,-85.929,,,,-86.8414,,,,-88.99,,,,-87.492,,,,-87.2648,,,,-85.788,,,,-84.7234,,,,-85.223,,,,-86.1899,,,,-86.516
,,,,-87.622,,,,-86.2225,,,,-86.32,,,,-85.4404,,,,-84.995,,,,-84.7885,,,,-85.962,,,,-86.874,,,,-89.0225,,,,-87.514,,,,-87.2974,,,,-85.831,,,,-84.756,,,,-85.256,,,,-86.2225,,,,-86.548
,,,,-87.655,,,,-86.2877,,,,-86.342,,,,-85.4404,,,,-85.028,,,,-84.8212,,,,-85.994,,,,-86.9065,,,,-89.0225,,,,-87.536,,,,-87.2974,,,,-85.853,,,,-84.8212,,,,-85.299,,,,-86.255,,,,-86.581
,,,,-87.704,,,,-86.3203,,,,-86.385,,,,-85.4731,,,,-85.049,,,,-84.8538,,,,-86.016,,,,-86.9065,,,,-89.0876,,,,-87.59,,,,-87.3624,,,,-85.886,,,,-84.8212,,,,-85.321,,,,-86.2877,,,,-86.597
,,,,-87.736,,,,-86.3203,,,,-86.396,,,,-85.4404,,,,-85.06,,,,-84.8864,,,,-86.07,,,,-86.9391,,,,-89.1527,,,,-87.634,,,,-87.4276,,,,-85.907,,,,-84.8538,,,,-85.375,,,,-86.3854,,,,-86.662
,,,,-87.753,,,,-86.255,,,,-86.44,,,,-85.5708,,,,-85.115,,,,-84.8864,,,,-86.103,,,,-86.9717,,,,-89.2503,,,,-87.666,,,,-87.4927,,,,-85.983,,,,-84.8864,,,,-85.408,,,,-86.4505,,,,-86.711
,,,,-87.818,,,,-86.3203,,,,-86.516,,,,-85.6686,,,,-85.158,,,,-84.8864,,,,-86.135,,,,-87.0042,,,,-89.3154,,,,-87.731,,,,-87.5578,,,,-86.048,,,,-84.919,,,,-85.44,,,,-86.5157,,,,-86.76
,,,,-87.867,,,,-86.3528,,,,-86.559,,,,-85.6686,,,,-85.201,,,,-84.9842,,,,-86.222,,,,-87.0693,,,,-89.3804,,,,-87.796,,,,-87.6555,,,,-86.092,,,,-84.9515,,,,-85.516,,,,-86.6134,,,,-86.841
,,,,-87.948,,,,-86.4179,,,,-86.559,,,,-85.6033,,,,-85.201,,,,-85.0167,,,,-86.266,,,,-87.1019,,,,-89.4781,,,,-87.851,,,,-87.6555,,,,-86.081,,,,-84.9842,,,,-85.56,,,,-86.6786,,,,-86.89
,,,,-87.98,,,,-86.4179,,,,-86.613,,,,-85.6686,,,,-85.245,,,,-85.0493,,,,-86.309,,,,-87.1345,,,,-89.5431,,,,-87.905,,,,-87.7532,,,,-86.146,,,,-85.0167,,,,-85.603,,,,-86.7436,,,,-86.939
,,,,-88.029,,,,-86.4505,,,,-86.689,,,,-85.8315,,,,-85.332,,,,-85.1145,,,,-86.353,,,,-87.1671,,,,-89.6082,,,,-87.948,,,,-87.7857,,,,-86.222,,,,-85.0493,,,,-85.647,,,,-86.7762,,,,-86.972
,,,,-88.127,,,,-86.5482,,,,-86.722,,,,-85.799,,,,-85.343,,,,-85.1145,,,,-86.374,,,,-87.1996,,,,-89.7057,,,,-88.024,,,,-87.8183,,,,-86.244,,,,-85.1145,,,,-85.679,,,,-86.8089,,,,-87.004
,,,,-88.094,,,,-86.4831,,,,-86.733,,,,-85.8641,,,,-85.375,,,,-85.1471,,,,-86.407,,,,-87.2321,,,,-89.7057,,,,-88.013,,,,-87.8509,,,,-86.276,,,,-85.1145,,,,-85.701,,,,-86.8414,,,,-87.037
,,,,-88.208,,,,-86.6134,,,,-86.798,,,,-85.8967,,,,-85.43,,,,-85.2123,,,,-86.472,,,,-87.2974,,,,-89.8034,,,,-88.1,,,,-87.8833,,,,-86.32,,,,-85.1797,,,,-85.766,,,,-86.9065,,,,-87.102
,,,,-88.566,,,,-86.8089,,,,-87.124,,,,-86.255,,,,-85.745,,,,-85.5056,,,,-86.798,,,,-87.623,,,,-90.3236,,,,-88.48,,,,-88.3066,,,,-86.678,,,,-85.4731,,,,-86.081,,,,-87.2648,,,,-87.444
,,,,-88.664,,,,-86.9391,,,,-87.167,,,,-86.2225,,,,-85.755,,,,-85.5056,,,,-86.82,,,,-87.623,,,,-90.3887,,,,-88.556,,,,-88.3391,,,,-86.7,,,,-85.5382,,,,-86.125,,,,-87.3299,,,,-87.476
,,,,-88.713,,,,-86.9717,,,,-87.243,,,,-86.3528,,,,-85.821,,,,-85.5708,,,,-86.874,,,,-87.688,,,,-90.4538,,,,-88.61,,,,-88.4042,,,,-86.765,,,,-85.5382,,,,-86.157,,,,-87.3624,,,,-87.525
,,,,-88.745,,,,-86.9717,,,,-87.254,,,,-86.3203,,,,-85.831,,,,-85.6033,,,,-86.917,,,,-87.7206,,,,-90.5188,,,,-88.653,,,,-88.4693,,,,-86.787,,,,-85.5708,,,,-86.201,,,,-87.4276,,,,-87.574
,,,,-88.729,,,,-86.9065,,,,-87.265,,,,-86.3528,,,,-85.897,,,,-85.6686,,,,-86.972,,,,-87.7532,,,,-90.5514,,,,-88.664,,,,-88.5344,,,,-86.852,,,,-85.6686,,,,-86.277,,,,-87.4927,,,,-87.623
,,,,-88.778,,,,-86.9391,,,,-87.319,,,,-86.4505,,,,-85.951,,,,-85.7337,,,,-87.026,,,,-87.8183,,,,-90.6164,,,,-88.708,,,,-88.567,,,,-86.895,,,,-85.6686,,,,-86.309,,,,-87.5253,,,,-87.672
,,,,-88.843,,,,-87.0042,,,,-87.373,,,,-86.4831,,,,-85.973,,,,-85.7011,,,,-87.037,,,,-87.8509,,,,-90.6814,,,,-88.773,,,,-88.6321,,,,-86.95,,,,-85.7337,,,,-86.331,,,,-87.5578,,,,-87.704
,,,,-88.892,,,,-87.0693,,,,-87.417,,,,-86.5157,,,,-86.016,,,,-85.7663,,,,-87.08,,,,-87.8833,,,,-90.714,,,,-88.816,,,,-88.6646,,,,-86.982,,,,-85.7663,,,,-86.374,,,,-87.5904,,,,-87.737
,,,,-88.973,,,,-87.1345,,,,-87.471,,,,-86.5807,,,,-86.06,,,,-85.799,,,,-87.134,,,,-87.9485,,,,-90.8114,,,,-88.881,,,,-88.6971,,,,-87.026,,,,-85.799,,,,-86.418,,,,-87.6555,,,,-87.802
,,,,-89.006,,,,-87.1671,,,,-87.503,,,,-86.6134,,,,-86.092,,,,-85.8315,,,,-87.167,,,,-87.9811,,,,-90.8439,,,,-88.914,,,,-88.7296,,,,-87.058,,,,-85.8315,,,,-86.45,,,,-87.688,,,,-87.835
,,,,-89.087,,,,-87.3299,,,,-87.579,,,,-86.646,,,,-86.136,,,,-85.8967,,,,-87.21,,,,-88.0136,,,,-90.8439,,,,-88.979,,,,-88.7622,,,,-87.091,,,,-85.8641,,,,-86.494,,,,-87.7206,,,,-87.867
,,,,-89.054,,,,-87.1671,,,,-87.579,,,,-86.7436,,,,-86.19,,,,-85.9292,,,,-87.254,,,,-88.0787,,,,-90.9415,,,,-88.979,,,,-88.8274,,,,-87.156,,,,-85.8967,,,,-86.526,,,,-87.7532,,,,-87.916
,,,,-89.119,,,,-87.2648,,,,-87.612,,,,-86.7111,,,,-86.201,,,,-85.9619,,,,-87.297,,,,-88.1113,,,,-90.9739,,,,-89.033,,,,-88.8598,,,,-87.167,,,,-85.9292,,,,-86.57,,,,-87.8183,,,,-87.965
,,,,-89.559,,,,-87.688,,,,-88.057,,,,-87.1671,,,,-86.624,,,,-86.3528,,,,-87.731,,,,-88.567,,,,-91.4291,,,,-89.478,,,,-89.3154,,,,-87.612,,,,-86.3528,,,,-86.993,,,,-88.274,,,,-88.42
,,,,-89.591,,,,-87.7206,,,,-88.089,,,,-87.1996,,,,-86.668,,,,-86.4179,,,,-87.753,,,,-88.567,,,,-91.4616,,,,-89.51,,,,-89.3478,,,,-87.644,,,,-86.3854,,,,-87.026,,,,-88.274,,,,-88.42
,,,,-89.64,,,,-87.7857,,,,-88.133,,,,-87.2321,,,,-86.7,,,,-86.4505,,,,-87.807,,,,-88.6321,,,,-91.4941,,,,-89.553,,,,-89.3804,,,,-87.677,,,,-86.4179,,,,-87.069,,,,-88.3391,,,,-88.486
,,,,-89.689,,,,-87.8509,,,,-88.144,,,,-87.1671,,,,-86.7,,,,-86.4831,,,,-87.818,,,,-88.6321,,,,-91.5266,,,,-89.597,,,,-89.413,,,,-87.677,,,,-86.4505,,,,-87.091,,,,-88.3391,,,,-88.486
,,,,-89.689,,,,-87.8183,,,,-88.187,,,,-87.2974,,,,-86.765,,,,-86.5157,,,,-87.861,,,,-88.6971,,,,-91.5592,,,,-89.608,,,,-89.4455,,,,-87.742,,,,-86.4831,,,,-87.123,,,,-88.3716,,,,-88.534
,,,,-89.737,,,,-87.8833,,,,-88.241,,,,-87.3624,,,,-86.82,,,,-86.5482,,,,-87.894,,,,-88.7296,,,,-91.5916,,,,-89.651,,,,-89.4781,,,,-87.796,,,,-86.5482,,,,-87.167,,,,-88.4042,,,,-88.567
,,,,-89.77,,,,-87.916,,,,-88.274,,,,-87.3949,,,,-86.841,,,,-86.5807,,,,-87.927,,,,-88.7622,,,,-91.6241,,,,-89.684,,,,-89.5106,,,,-87.818,,,,-86.5482,,,,-87.189,,,,-88.4368,,,,-88.6
,,,,-89.819,,,,-87.9811,,,,-88.306,,,,-87.3949,,,,-86.852,,,,-86.5807,,,,-87.959,,,,-88.8274,,,,-91.6566,,,,-89.727,,,,-89.5431,,,,-87.84,,,,-86.5807,,,,-87.21,,,,-88.4693,,,,-88.648
,,,,-89.819,,,,-87.9485,,,,-88.317,,,,-87.4276,,,,-86.896,,,,-86.646,,,,-87.992,,,,-88.8274,,,,-91.6891,,,,-89.738,,,,-89.5757,,,,-87.872,,,,-86.6134,,,,-87.254,,,,-88.5019,,,,-88.665
,,,,-89.835,,,,-87.9811,,,,-88.382,,,,-87.5578,,,,-86.961,,,,-86.6786,,,,-88.024,,,,-88.8598,,,,-91.6891,,,,-89.759,,,,-89.6082,,,,-87.937,,,,-86.646,,,,-87.286,,,,-88.5344,,,,-88.697
,,,,-89.868,,,,-87.9811,,,,-88.382,,,,-87.5253,,,,-86.982,,,,-86.7111,,,,-88.057,,,,-88.8924,,,,-91.7542,,,,-89.792,,,,-89.6407,,,,-87.959,,,,-86.7111,,,,-87.33,,,,-88.567,,,,-88.73
,,,,-89.933,,,,-88.0787,,,,-88.426,,,,-87.4927,,,,-87.015,,,,-86.7762,,,,-88.133,,,,-88.99,,,,-91.7867,,,,-89.857,,,,-89.7057,,,,-87.992,,,,-86.7762,,,,-87.395,,,,-88.6321,,,,-88.811
,,,,-90.03,,,,-88.2089,,,,-88.523,,,,-87.623,,,,-87.091,,,,-86.8089,,,,-88.176,,,,-89.0225,,,,-91.8516,,,,-89.933,,,,-89.7383,,,,-88.068,,,,-86.8414,,,,-87.449,,,,-88.6971,,,,-88.86
,,,,-90.079,,,,-88.2415,,,,-88.567,,,,-87.6555,,,,-87.124,,,,-86.874,,,,-88.22,,,,-89.0551,,,,-91.9166,,,,-89.987,,,,-89.8034,,,,-88.1,,,,-86.8414,,,,-87.482,,,,-88.7296,,,,-88.892
,,,,-90.079,,,,-88.2415,,,,-88.588,,,,-87.688,,,,-87.167,,,,-86.9065,,,,-88.252,,,,-89.0876,,,,-91.9166,,,,-89.998,,,,-89.8358,,,,-88.143,,,,-86.9065,,,,-87.525,,,,-88.7622,,,,-88.925
,,,,-90.144,,,,-88.3391,,,,-88.643,,,,-87.7206,,,,-87.178,,,,-86.9065,,,,-88.285,,,,-89.1527,,,,-91.949,,,,-90.052,,,,-89.8684,,,,-88.165,,,,-86.9065,,,,-87.536,,,,-88.7948,,,,-88.974
,,,,-90.144,,,,-88.3066,,,,-88.643,,,,-87.7206,,,,-87.21,,,,-86.9717,,,,-88.317,,,,-89.1527,,,,-91.9816,,,,-90.063,,,,-89.901,,,,-88.187,,,,-86.9391,,,,-87.579,,,,-88.8274,,,,-88.99
,,,,-90.177,,,,-88.3066,,,,-88.664,,,,-87.7532,,,,-87.254,,,,-87.0368,,,,-88.361,,,,-89.1852,,,,-92.0466,,,,-90.096,,,,-89.9335,,,,-88.219,,,,-86.9717,,,,-87.623,,,,-88.8598,,,,-89.023
,,,,-90.193,,,,-88.3391,,,,-88.686,,,,-87.7532,,,,-87.265,,,,-87.0368,,,,-88.371,,,,-89.2178,,,,-92.0466,,,,-90.117,,,,-89.966,,,,-88.241,,,,-87.0042,,,,-87.634,,,,-88.8598,,,,-89.039
,,,,-90.242,,,,-88.4042,,,,-88.74,,,,-87.8509,,,,-87.319,,,,-87.0693,,,,-88.415,,,,-89.2503,,,,-92.0791,,,,-90.15,,,,-89.966,,,,-88.285,,,,-87.0368,,,,-87.677,,,,-88.9249,,,,-89.088
,,,,-90.291,,,,-88.5019,,,,-88.805,,,,-87.8833,,,,-87.352,,,,-87.1019,,,,-88.458,,,,-89.3154,,,,-92.0791,,,,-90.204,,,,-90.031,,,,-88.328,,,,-87.0693,,,,-87.71,,,,-88.9575,,,,-89.136
,,,,-90.356,,,,-88.567,,,,-88.849,,,,-87.916,,,,-87.384,,,,-87.1345,,,,-88.48,,,,-89.3154,,,,-92.144,,,,-90.258,,,,-90.0636,,,,-88.36,,,,-87.1019,,,,-87.742,,,,-88.99,,,,-89.153
,,,,-90.307,,,,-88.4368,,,,-88.805,,,,-87.8833,,,,-87.395,,,,-87.1671,,,,-88.523,,,,-89.3804,,,,-92.1766,,,,-90.236,,,,-90.0961,,,,-88.371,,,,-87.1345,,,,-87.775,,,,-89.0225,,,,-89.201
,,,,-90.356,,,,-88.5019,,,,-88.881,,,,-88.0136,,,,-87.46,,,,-87.1996,,,,-88.534,,,,-89.3804,,,,-92.2091,,,,-90.28,,,,-90.1286,,,,-88.436,,,,-87.1671,,,,-87.796,,,,-89.0225,,,,-89.201
,,,,-90.404,,,,-88.5995,,,,-88.903,,,,-87.9485,,,,-87.471,,,,-87.2321,,,,-88.578,,,,-89.413,,,,-92.2091,,,,-90.323,,,,-90.161,,,,-88.447,,,,-87.2321,,,,-87.851,,,,-89.0876,,,,-89.25
,,,,-90.42,,,,-88.5995,,,,-88.946,,,,-88.0461,,,,-87.514,,,,-87.2648,,,,-88.599,,,,-89.4455,,,,-92.2415,,,,-90.345,,,,-90.1937,,,,-88.491,,,,-87.2321,,,,-87.861,,,,-89.0876,,,,-89.267
,,,,-90.42,,,,-88.567,,,,-88.936,,,,-88.0461,,,,-87.536,,,,-87.2974,,,,-88.632,,,,-89.4781,,,,-92.274,,,,-90.345,,,,-90.1937,,,,-88.502,,,,-87.2648,,,,-87.894,,,,-89.1201,,,,-89.299
,,,,-90.486,,,,-88.6646,,,,-89.001,,,,-88.1113,,,,-87.558,,,,-87.2974,,,,-88.654,,,,-89.5106,,,,-92.3065,,,,-90.399,,,,-90.2261,,,,-88.534,,,,-87.2648,,,,-87.905,,,,-89.1527,,,,-89.332
,,,,-90.811,,,,-88.99,,,,-89.337,,,,-88.4368,,,,-87.927,,,,-87.688,,,,-89.012,,,,-89.8684,,,,-92.6314,,,,-90.735,,,,-90.5839,,,,-88.892,,,,-87.6555,,,,-88.274,,,,-89.4781,,,,-89.673
,,,,-90.876,,,,-89.0876,,,,-89.413,,,,-88.5019,,,,-88.003,,,,-87.7857,,,,-89.077,,,,-89.9335,,,,-92.664,,,,-90.8,,,,-90.6488,,,,-88.957,,,,-87.7206,,,,-88.339,,,,-89.5106,,,,-89.722
,,,,-90.908,,,,-89.0876,,,,-89.424,,,,-88.5019,,,,-88.035,,,,-87.8183,,,,-89.12,,,,-89.966,,,,-92.7289,,,,-90.833,,,,-90.6814,,,,-88.99,,,,-87.7857,,,,-88.393,,,,-89.5757,,,,-89.771
,,,,-90.941,,,,-89.1201,,,,-89.5,,,,-88.6646,,,,-88.111,,,,-87.8509,,,,-89.163,,,,-90.031,,,,-92.7613,,,,-90.865,,,,-90.714,,,,-89.066,,,,-87.8183,,,,-88.426,,,,-89.6082,,,,-89.82
,,,,-91.022,,,,-89.2503,,,,-89.554,,,,-88.6646,,,,-88.122,,,,-87.8833,,,,-89.196,,,,-90.0636,,,,-92.7939,,,,-90.93,,,,-90.7464,,,,-89.076,,,,-87.8183,,,,-88.447,,,,-89.6407,,,,-89.852
,,,,-91.038,,,,-89.2829,,,,-89.586,,,,-88.6971,,,,-88.165,,,,-87.916,,,,-89.239,,,,-90.0961,,,,-92.7939,,,,-90.952,,,,-90.779,,,,-89.12,,,,-87.8833,,,,-88.502,,,,-89.7057,,,,-89.901
,,,,-91.087,,,,-89.3478,,,,-89.619,,,,-88.6646,,,,-88.187,,,,-87.9485,,,,-89.283,,,,-90.1286,,,,-92.8264,,,,-91.006,,,,-90.8439,,,,-89.152,,,,-87.9485,,,,-88.556,,,,-89.7708,,,,-89.95
,,,,-91.136,,,,-89.3478,,,,-89.662,,,,-88.7296,,,,-88.22,,,,-87.9811,,,,-89.326,,,,-90.161,,,,-92.9237,,,,-91.06,,,,-90.9091,,,,-89.196,,,,-87.9485,,,,-88.588,,,,-89.8358,,,,-89.998
,,,,-91.201,,,,-89.413,,,,-89.727,,,,-88.7622,,,,-88.252,,,,-88.0136,,,,-89.38,,,,-90.1937,,,,-92.9888,,,,-91.136,,,,-91.0065,,,,-89.25,,,,-87.9811,,,,-88.643,,,,-89.9335,,,,-90.064
,,,,-91.201,,,,-89.2829,,,,-89.749,,,,-88.8598,,,,-88.306,,,,-88.0461,,,,-89.445,,,,-90.2587,,,,-93.1187,,,,-91.169,,,,-91.1041,,,,-89.326,,,,-88.0136,,,,-88.697,,,,-90.031,,,,-90.145
,,,,-91.331,,,,-89.4455,,,,-89.836,,,,-88.8924,,,,-88.35,,,,-88.0787,,,,-89.478,,,,-90.2913,,,,-93.2161,,,,-91.277,,,,-91.1691,,,,-89.38,,,,-88.0787,,,,-88.74,,,,-90.0636,,,,-90.177
,,,,-91.363,,,,-89.4455,,,,-89.868,,,,-88.9249,,,,-88.393,,,,-88.1439,,,,-89.543,,,,-90.3562,,,,-93.2811,,,,-91.32,,,,-91.2341,,,,-89.423,,,,-88.1113,,,,-88.795,,,,-90.1286,,,,-90.242
,,,,-91.428,,,,-89.5106,,,,-89.922,,,,-88.99,,,,-88.458,,,,-88.2089,,,,-89.608,,,,-90.4213,,,,-93.346,,,,-91.374,,,,-91.2666,,,,-89.478,,,,-88.1764,,,,-88.86,,,,-90.1937,,,,-90.308
,,,,-91.477,,,,-89.5431,,,,-89.977,,,,-89.0551,,,,-88.502,,,,-88.2415,,,,-89.662,,,,-90.4863,,,,-93.4109,,,,-91.429,,,,-91.3316,,,,-89.532,,,,-88.2089,,,,-88.903,,,,-90.2587,,,,-90.372
,,,,-91.558,,,,-89.6407,,,,-90.031,,,,-89.0876,,,,-88.534,,,,-88.274,,,,-89.695,,,,-90.5188,,,,-93.4759,,,,-91.494,,,,-91.3641,,,,-89.564,,,,-88.2415,,,,-88.936,,,,-90.2913,,,,-90.405
,,,,-91.623,,,,-89.7057,,,,-90.096,,,,-89.1201,,,,-88.589,,,,-88.3391,,,,-89.76,,,,-90.5839,,,,-93.5409,,,,-91.569,,,,-91.4616,,,,-89.629,,,,-88.3066,,,,-89.001,,,,-90.3562,,,,-90.47
,,,,-91.688,,,,-89.7383,,,,-90.172,,,,-89.2503,,,,-88.664,,,,-88.3716,,,,-89.814,,,,-90.6164,,,,-93.6383,,,,-91.634,,,,-91.5266,,,,-89.716,,,,-88.3716,,,,-89.066,,,,-90.4538,,,,-90.535
,,,,-91.77,,,,-89.8034,,,,-90.248,,,,-89.3154,,,,-88.719,,,,-88.4368,,,,-89.879,,,,-90.6814,,,,-93.7357,,,,-91.721,,,,-91.6241,,,,-89.781,,,,-88.4042,,,,-89.12,,,,-90.5188,,,,-90.6
,,,,-91.867,,,,-89.901,,,,-90.302,,,,-89.3154,,,,-88.751,,,,-88.4693,,,,-89.933,,,,-90.7464,,,,-93.8332,,,,-91.808,,,,-91.6891,,,,-89.825,,,,-88.4693,,,,-89.174,,,,-90.5839,,,,-90.665
,,,,-91.9,,,,-89.901,,,,-90.356,,,,-89.413,,,,-88.827,,,,-88.567,,,,-90.009,,,,-90.8114,,,,-93.8981,,,,-91.851,,,,-91.7542,,,,-89.89,,,,-88.5019,,,,-89.239,,,,-90.6488,,,,-90.73
,,,,-92.452,,,,-90.3887,,,,-90.811,,,,-89.8034,,,,-89.229,,,,-88.9575,,,,-90.454,,,,-91.2666,,,,-94.5149,,,,-92.382,,,,-92.2415,,,,-90.323,,,,-88.9249,,,,-89.673,,,,-91.1365,,,,-91.202
,,,,-92.484,,,,-90.3887,,,,-90.833,,,,-89.8358,,,,-89.272,,,,-89.0225,,,,-90.508,,,,-91.3316,,,,-94.5797,,,,-92.414,,,,-92.274,,,,-90.356,,,,-88.9575,,,,-89.716,,,,-91.1691,,,,-91.25
,,,,-92.533,,,,-90.4863,,,,-90.909,,,,-89.901,,,,-89.315,,,,-89.0551,,,,-90.562,,,,-91.3966,,,,-94.5797,,,,-92.468,,,,-92.3391,,,,-90.41,,,,-88.99,,,,-89.76,,,,-91.2341,,,,-91.315
,,,,-92.598,,,,-90.4863,,,,-90.985,,,,-90.031,,,,-89.424,,,,-89.1527,,,,-90.659,,,,-91.4941,,,,-94.7096,,,,-92.544,,,,-92.4365,,,,-90.518,,,,-89.0876,,,,-89.857,,,,-91.3316,,,,-91.413
,,,,-92.728,,,,-90.5839,,,,-91.104,,,,-90.161,,,,-89.521,,,,-89.2178,,,,-90.746,,,,-91.5916,,,,-94.8719,,,,-92.674,,,,-92.5665,,,,-90.638,,,,-89.1852,,,,-89.944,,,,-91.4291,,,,-91.51
,,,,-92.825,,,,-90.7464,,,,-91.18,,,,-90.1937,,,,-89.576,,,,-89.2829,,,,-90.8,,,,-91.6241,,,,-94.9044,,,,-92.75,,,,-92.5989,,,,-90.681,,,,-89.2503,,,,-90.009,,,,-91.4941,,,,-91.559
,,,,-92.842,,,,-90.714,,,,-91.234,,,,-90.2913,,,,-89.641,,,,-89.3478,,,,-90.854,,,,-91.6891,,,,-94.9693,,,,-92.793,,,,-92.6964,,,,-90.757,,,,-89.2829,,,,-90.052,,,,-91.5266,,,,-91.608
,,,,-92.923,,,,-90.8114,,,,-91.266,,,,-90.2587,,,,-89.662,,,,-89.3804,,,,-90.909,,,,-91.7542,,,,-95.0341,,,,-92.858,,,,-92.7289,,,,-90.778,,,,-89.3478,,,,-90.107,,,,-91.5916,,,,-91.673
,,,,-92.939,,,,-90.8114,,,,-91.331,,,,-90.3887,,,,-89.716,,,,-89.413,,,,-90.941,,,,-91.7867,,,,-95.0666,,,,-92.891,,,,-92.7939,,,,-90.843,,,,-89.3478,,,,-90.128,,,,-91.6241,,,,-91.705
,,,,-93.361,,,,-91.2016,,,,-91.732,,,,-90.779,,,,-90.129,,,,-89.8358,,,,-91.364,,,,-92.2091,,,,-95.5209,,,,-93.313,,,,-93.2161,,,,-91.255,,,,-89.7708,,,,-90.551,,,,-92.0466,,,,-92.128
,,,,-93.426,,,,-91.2341,,,,-91.765,,,,-90.779,,,,-90.194,,,,-89.9335,,,,-91.45,,,,-92.3065,,,,-95.6182,,,,-93.378,,,,-93.2811,,,,-91.31,,,,-89.8684,,,,-90.638,,,,-92.1115,,,,-92.209
,,,,-93.556,,,,-91.4291,,,,-91.884,,,,-90.8439,,,,-90.248,,,,-89.9984,,,,-91.537,,,,-92.4041,,,,-95.683,,,,-93.497,,,,-93.3785,,,,-91.374,,,,-89.901,,,,-90.703,,,,-92.2091,,,,-92.307
,,,,-93.589,,,,-91.4291,,,,-91.938,,,,-90.9415,,,,-90.324,,,,-90.0636,,,,-91.602,,,,-92.469,,,,-95.7479,,,,-93.54,,,,-93.4435,,,,-91.45,,,,-89.966,,,,-90.768,,,,-92.274,,,,-92.372
,,,,-93.67,,,,-91.5592,,,,-91.992,,,,-90.9415,,,,-90.356,,,,-90.1286,,,,-91.635,,,,-92.5014,,,,-95.7805,,,,-93.605,,,,-93.4759,,,,-91.472,,,,-89.9984,,,,-90.8,,,,-92.274,,,,-92.388
,,,,-93.702,,,,-91.5916,,,,-92.036,,,,-91.039,,,,-90.421,,,,-90.161,,,,-91.678,,,,-92.5665,,,,-95.8128,,,,-93.627,,,,-93.4759,,,,-91.526,,,,-90.0636,,,,-90.844,,,,-92.3065,,,,-92.436
,,,,-93.718,,,,-91.5592,,,,-92.09,,,,-91.1691,,,,-90.486,,,,-90.1937,,,,-91.721,,,,-92.5989,,,,-95.8777,,,,-93.659,,,,-93.5409,,,,-91.602,,,,-90.0961,,,,-90.887,,,,-92.3715,,,,-92.485
,,,,-93.783,,,,-91.6566,,,,-92.155,,,,-91.2016,,,,-90.519,,,,-90.2261,,,,-91.754,,,,-92.6314,,,,-95.9102,,,,-93.724,,,,-93.6058,,,,-91.645,,,,-90.1286,,,,-90.92,,,,-92.4041,,,,-92.518
,,,,-93.848,,,,-91.7542,,,,-92.198,,,,-91.2016,,,,-90.562,,,,-90.2913,,,,-91.819,,,,-92.6964,,,,-95.9426,,,,-93.778,,,,-93.6383,,,,-91.678,,,,-90.1937,,,,-90.985,,,,-92.469,,,,-92.583
,,,,-94.108,,,,-92.0141,,,,-92.458,,,,-91.3966,,,,-90.833,,,,-90.6164,,,,-92.133,,,,-93.0213,,,,-96.2021,,,,-94.06,,,,-93.963,,,,-91.949,,,,-90.4863,,,,-91.288,,,,-92.7613,,,,-92.891
,,,,-94.141,,,,-92.0141,,,,-92.501,,,,-91.5266,,,,-90.898,,,,-90.6164,,,,-92.155,,,,-93.0537,,,,-96.267,,,,-94.081,,,,-93.963,,,,-92.014,,,,-90.5514,,,,-91.321,,,,-92.7939,,,,-92.924
,,,,-94.205,,,,-92.1115,,,,-92.555,,,,-91.5592,,,,-90.92,,,,-90.6488,,,,-92.209,,,,-93.1187,,,,-96.2994,,,,-94.135,,,,-93.9955,,,,-92.035,,,,-90.5514,,,,-91.353,,,,-92.8589,,,,-92.989
,,,,-94.254,,,,-92.1766,,,,-92.61,,,,-91.6241,,,,-90.985,,,,-90.714,,,,-92.241,,,,-93.1512,,,,-96.3318,,,,-94.179,,,,-94.028,,,,-92.09,,,,-90.6164,,,,-91.396,,,,-92.8589,,,,-93.005
,,,,-94.287,,,,-92.2091,,,,-92.631,,,,-91.6241,,,,-91.006,,,,-90.7464,,,,-92.274,,,,-93.1512,,,,-96.3643,,,,-94.211,,,,-94.0603,,,,-92.111,,,,-90.6488,,,,-91.44,,,,-92.9237,,,,-93.037
,,,,-94.319,,,,-92.2415,,,,-92.685,,,,-91.7216,,,,-91.061,,,,-90.779,,,,-92.306,,,,-93.2161,,,,-96.3967,,,,-94.244,,,,-94.0929,,,,-92.165,,,,-90.6814,,,,-91.461,,,,-92.9237,,,,-93.07
,,,,-94.335,,,,-92.2415,,,,-92.685,,,,-91.6566,,,,-91.061,,,,-90.8114,,,,-92.35,,,,-93.2486,,,,-96.4291,,,,-94.276,,,,-94.1578,,,,-92.176,,,,-90.714,,,,-91.505,,,,-92.9888,,,,-93.119
,,,,-94.433,,,,-92.3715,,,,-92.804,,,,-91.8516,,,,-91.147,,,,-90.8439,,,,-92.382,,,,-93.2811,,,,-96.494,,,,-94.352,,,,-94.1903,,,,-92.263,,,,-90.7464,,,,-91.537,,,,-93.0213,,,,-93.151
,,,,-94.465,,,,-92.4041,,,,-92.815,,,,-91.8191,,,,-91.158,,,,-90.8764,,,,-92.415,,,,-93.3136,,,,-96.5264,,,,-94.384,,,,-94.2227,,,,-92.274,,,,-90.779,,,,-91.57,,,,-93.0537,,,,-93.184
,,,,-94.53,,,,-92.534,,,,-92.88,,,,-91.8516,,,,-91.202,,,,-90.9415,,,,-92.469,,,,-93.3785,,,,-96.5264,,,,-94.439,,,,-94.2552,,,,-92.306,,,,-90.8114,,,,-91.613,,,,-93.0862,,,,-93.232
,,,,-94.498,,,,-92.4365,,,,-92.848,,,,-91.8191,,,,-91.223,,,,-90.9739,,,,-92.501,,,,-93.4109,,,,-96.5588,,,,-94.428,,,,-94.2876,,,,-92.328,,,,-90.8764,,,,-91.656,,,,-93.1187,,,,-93.265
,,,,-94.546,,,,-92.469,,,,-92.88,,,,-91.8516,,,,-91.256,,,,-91.0065,,,,-92.534,,,,-93.4435,,,,-96.6237,,,,-94.471,,,,-94.3201,,,,-92.36,,,,-90.9091,,,,-91.689,,,,-93.1512,,,,-93.297
,,,,-94.595,,,,-92.534,,,,-92.956,,,,-91.9816,,,,-91.321,,,,-91.039,,,,-92.577,,,,-93.5085,,,,-96.6561,,,,-94.514,,,,-94.3526,,,,-92.425,,,,-90.9415,,,,-91.721,,,,-93.1837,,,,-93.346
,,,,-94.644,,,,-92.5665,,,,-92.989,,,,-91.9816,,,,-91.353,,,,-91.1041,,,,-92.62,,,,-93.5085,,,,-96.721,,,,-94.568,,,,-94.4175,,,,-92.458,,,,-90.9739,,,,-91.776,,,,-93.2486,,,,-93.379
,,,,-94.628,,,,-92.534,,,,-92.989,,,,-92.0141,,,,-91.375,,,,-91.1041,,,,-92.653,,,,-93.6058,,,,-96.721,,,,-94.558,,,,-94.4175,,,,-92.479,,,,-91.0065,,,,-91.786,,,,-93.2486,,,,-93.427
,,,,-94.692,,,,-92.6314,,,,-93.064,,,,-92.0791,,,,-91.44,,,,-91.1691,,,,-92.696,,,,-93.6058,,,,-96.7534,,,,-94.622,,,,-94.4825,,,,-92.544,,,,-91.0716,,,,-91.851,,,,-93.3136,,,,-93.46
,,,,-94.709,,,,-92.6314,,,,-93.086,,,,-92.1115,,,,-91.472,,,,-91.2016,,,,-92.739,,,,-93.6708,,,,-96.7858,,,,-94.644,,,,-94.5149,,,,-92.577,,,,-91.1041,,,,-91.884,,,,-93.346,,,,-93.508
,,,,-94.757,,,,-92.664,,,,-93.129,,,,-92.1766,,,,-91.516,,,,-91.2341,,,,-92.772,,,,-93.7033,,,,-96.8507,,,,-94.687,,,,-94.5473,,,,-92.62,,,,-91.1365,,,,-91.916,,,,-93.3785,,,,-93.541
,,,,-94.839,,,,-92.8264,,,,-93.183,,,,-92.144,,,,-91.537,,,,-91.2666,,,,-92.804,,,,-93.7357,,,,-96.8507,,,,-94.752,,,,-94.5797,,,,-92.642,,,,-91.2016,,,,-91.96,,,,-93.4109,,,,-93.573
,,,,-94.887,,,,-92.8589,,,,-93.238,,,,-92.2091,,,,-91.602,,,,-91.3641,,,,-92.88,,,,-93.8006,,,,-96.9156,,,,-94.806,,,,-94.6447,,,,-92.696,,,,-91.2341,,,,-92.025,,,,-93.4759,,,,-93.638
,,,,-95.001,,,,-92.9563,,,,-93.367,,,,-92.4041,,,,-91.732,,,,-91.4616,,,,-92.988,,,,-93.9305,,,,-97.0452,,,,-94.915,,,,-94.7421,,,,-92.826,,,,-91.3316,,,,-92.122,,,,-93.5734,,,,-93.752
,,,,-95.033,,,,-93.0213,,,,-93.378,,,,-92.3391,,,,-91.754,,,,-91.5266,,,,-93.021,,,,-93.9305,,,,-97.0452,,,,-94.947,,,,-94.7745,,,,-92.837,,,,-91.3966,,,,-92.176,,,,-93.6058,,,,-93.768
,,,,-95.066,,,,-93.0537,,,,-93.432,,,,-92.4365,,,,-91.797,,,,-91.5266,,,,-93.064,,,,-93.9955,,,,-97.0777,,,,-94.979,,,,-94.807,,,,-92.891,,,,-91.4291,,,,-92.209,,,,-93.6708,,,,-93.833
,,,,-95.066,,,,-93.0213,,,,-93.443,,,,-92.469,,,,-91.83,,,,-91.5592,,,,-93.097,,,,-94.028,,,,-97.11,,,,-94.99,,,,-94.8394,,,,-92.923,,,,-91.4616,,,,-92.241,,,,-93.7033,,,,-93.866
,,,,-95.131,,,,-93.1187,,,,-93.487,,,,-92.469,,,,-91.862,,,,-91.6241,,,,-93.14,,,,-94.0929,,,,-97.1425,,,,-95.044,,,,-94.8719,,,,-92.945,,,,-91.4941,,,,-92.274,,,,-93.7033,,,,-93.898
,,,,-95.131,,,,-93.0862,,,,-93.497,,,,-92.5014,,,,-91.906,,,,-91.6566,,,,-93.162,,,,-94.0929,,,,-97.1749,,,,-95.055,,,,-94.9044,,,,-92.988,,,,-91.5592,,,,-92.317,,,,-93.7357,,,,-93.914
,,,,-95.196,,,,-93.1837,,,,-93.562,,,,-92.534,,,,-91.927,,,,-91.6891,,,,-93.205,,,,-94.1578,,,,-97.2073,,,,-95.12,,,,-94.9693,,,,-93.021,,,,-91.5592,,,,-92.339,,,,-93.7682,,,,-93.963
,,,,-95.228,,,,-93.2161,,,,-93.595,,,,-92.5989,,,,-91.982,,,,-91.7542,,,,-93.248,,,,-94.1903,,,,-97.2398,,,,-95.142,,,,-94.9693,,,,-93.053,,,,-91.5916,,,,-92.382,,,,-93.8006,,,,-93.995
,,,,-95.244,,,,-93.2486,,,,-93.616,,,,-92.5989,,,,-92.014,,,,-91.7867,,,,-93.281,,,,-94.2227,,,,-97.2398,,,,-95.163,,,,-95.0017,,,,-93.086,,,,-91.6566,,,,-92.426,,,,-93.8332,,,,-94.028
,,,,-95.293,,,,-93.2486,,,,-93.638,,,,-92.5989,,,,-92.057,,,,-91.8516,,,,-93.346,,,,-94.2876,,,,-97.337,,,,-95.217,,,,-95.0666,,,,-93.129,,,,-91.7216,,,,-92.49,,,,-93.8981,,,,-94.093
,,,,-95.406,,,,-93.4435,,,,-93.79,,,,-92.8264,,,,-92.177,,,,-91.9166,,,,-93.411,,,,-94.3526,,,,-97.3694,,,,-95.304,,,,-95.099,,,,-93.237,,,,-91.7867,,,,-92.555,,,,-93.963,,,,-94.158
,,,,-95.423,,,,-93.4435,,,,-93.79,,,,-92.7613,,,,-92.198,,,,-91.9816,,,,-93.465,,,,-94.45,,,,-97.4018,,,,-95.336,,,,-95.1639,,,,-93.259,,,,-91.8516,,,,-92.599,,,,-93.963,,,,-94.206
,,,,-95.455,,,,-93.4759,,,,-93.822,,,,-92.7939,,,,-92.231,,,,-92.0141,,,,-93.497,,,,-94.45,,,,-97.4342,,,,-95.369,,,,-95.1964,,,,-93.292,,,,-91.8842,,,,-92.642,,,,-94.028,,,,-94.239
,,,,-95.488,,,,-93.5085,,,,-93.876,,,,-92.8913,,,,-92.296,,,,-92.0791,,,,-93.541,,,,-94.4825,,,,-97.4666,,,,-95.401,,,,-95.2289,,,,-93.346,,,,-91.9166,,,,-92.685,,,,-94.0603,,,,-94.271
,,,,-95.504,,,,-93.5085,,,,-93.898,,,,-92.9237,,,,-92.317,,,,-92.0791,,,,-93.573,,,,-94.5149,,,,-97.499,,,,-95.423,,,,-95.2613,,,,-93.378,,,,-91.949,,,,-92.718,,,,-94.1253,,,,-94.32
,,,,-95.601,,,,-93.6708,,,,-93.974,,,,-92.9563,,,,-92.35,,,,-92.1115,,,,-93.595,,,,-94.5473,,,,-97.5315,,,,-95.499,,,,-95.2938,,,,-93.411,,,,-91.9816,,,,-92.739,,,,-94.1253,,,,-94.336
,,,,-95.812,,,,-93.9305,,,,-94.19,,,,-93.1512,,,,-92.588,,,,-92.3715,,,,-93.833,,,,-94.807,,,,-97.6936,,,,-95.704,,,,-95.4884,,,,-93.627,,,,-92.2415,,,,-92.978,,,,-94.3201,,,,-94.564
,,,,-95.796,,,,-93.8981,,,,-94.212,,,,-93.2161,,,,-92.621,,,,-92.4041,,,,-93.855,,,,-94.807,,,,-97.6936,,,,-95.704,,,,-95.5209,,,,-93.66,,,,-92.2415,,,,-92.999,,,,-94.3526,,,,-94.58
,,,,-95.812,,,,-93.8981,,,,-94.244,,,,-93.2811,,,,-92.675,,,,-92.4365,,,,-93.887,,,,-94.8394,,,,-97.726,,,,-95.726,,,,-95.5533,,,,-93.714,,,,-92.3065,,,,-93.043,,,,-94.3849,,,,-94.612
,,,,-95.812,,,,-93.8656,,,,-94.233,,,,-93.2486,,,,-92.686,,,,-92.469,,,,-93.909,,,,-94.8719,,,,-97.7584,,,,-95.737,,,,-95.5858,,,,-93.724,,,,-92.3391,,,,-93.064,,,,-94.3849,,,,-94.628
,,,,-95.909,,,,-94.0603,,,,-94.342,,,,-93.3785,,,,-92.74,,,,-92.5014,,,,-93.941,,,,-94.9044,,,,-97.7584,,,,-95.801,,,,-95.5858,,,,-93.768,,,,-92.3391,,,,-93.086,,,,-94.4175,,,,-94.661
,,,,-95.926,,,,-94.0603,,,,-94.331,,,,-93.346,,,,-92.761,,,,-92.534,,,,-93.984,,,,-94.9368,,,,-97.7907,,,,-95.812,,,,-95.5858,,,,-93.779,,,,-92.4041,,,,-93.14,,,,-94.4825,,,,-94.71
,,,,-95.942,,,,-94.0603,,,,-94.331,,,,-93.3136,,,,-92.772,,,,-92.5665,,,,-94.006,,,,-94.9693,,,,-97.8232,,,,-95.834,,,,-95.6182,,,,-93.789,,,,-92.4365,,,,-93.162,,,,-94.4825,,,,-94.726
,,,,-95.942,,,,-94.0603,,,,-94.374,,,,-93.3785,,,,-92.815,,,,-92.5989,,,,-94.038,,,,-95.0017,,,,-97.8232,,,,-95.856,,,,-95.683,,,,-93.843,,,,-92.469,,,,-93.194,,,,-94.5149,,,,-94.758
,,,,-95.974,,,,-94.0929,,,,-94.406,,,,-93.4109,,,,-92.848,,,,-92.6314,,,,-94.06,,,,-95.0341,,,,-97.8556,,,,-95.888,,,,-95.7155,,,,-93.876,,,,-92.5014,,,,-93.216,,,,-94.5149,,,,-94.774
,,,,-95.99,,,,-94.0929,,,,-94.417,,,,-93.4759,,,,-92.88,,,,-92.664,,,,-94.093,,,,-95.0666,,,,-97.8881,,,,-95.888,,,,-95.683,,,,-93.887,,,,-92.5014,,,,-93.238,,,,-94.5473,,,,-94.807
,,,,-96.072,,,,-94.2227,,,,-94.482,,,,-93.4759,,,,-92.913,,,,-92.6964,,,,-94.125,,,,-95.099,,,,-97.9204,,,,-95.964,,,,-95.7479,,,,-93.93,,,,-92.5665,,,,-93.281,,,,-94.5797,,,,-94.839
,,,,-96.088,,,,-94.2552,,,,-94.515,,,,-93.5085,,,,-92.945,,,,-92.7289,,,,-94.147,,,,-95.099,,,,-97.9204,,,,-95.985,,,,-95.7805,,,,-93.963,,,,-92.5989,,,,-93.313,,,,-94.6122,,,,-94.856
,,,,-96.136,,,,-94.3201,,,,-94.536,,,,-93.4759,,,,-92.956,,,,-92.7613,,,,-94.19,,,,-95.1639,,,,-97.9527,,,,-96.029,,,,-95.8128,,,,-93.973,,,,-92.6314,,,,-93.346,,,,-94.6447,,,,-94.904
,,,,-96.12,,,,-94.2876,,,,-94.569,,,,-93.5734,,,,-93.0,,,,-92.7939,,,,-94.223,,,,-95.1964,,,,-97.9527,,,,-96.029,,,,-95.8452,,,,-94.017,,,,-92.6314,,,,-93.368,,,,-94.6772,,,,-94.937
,,,,-96.153,,,,-94.3201,,,,-94.601,,,,-93.6383,,,,-93.054,,,,-92.8264,,,,-94.244,,,,-95.2289,,,,-97.9852,,,,-96.05,,,,-95.8452,,,,-94.06,,,,-92.6964,,,,-93.4,,,,-94.6772,,,,-94.953
,,,,-96.153,,,,-94.3201,,,,-94.569,,,,-93.5409,,,,-93.043,,,,-92.8589,,,,-94.266,,,,-95.2289,,,,-97.9852,,,,-96.05,,,,-95.8452,,,,-94.038,,,,-92.7289,,,,-93.432,,,,-94.7096,,,,-94.969
,,,,-96.185,,,,-94.3849,,,,-94.623,,,,-93.6058,,,,-93.075,,,,-92.8913,,,,-94.287,,,,-95.2613,,,,-97.9852,,,,-96.083,,,,-95.8777,,,,-94.071,,,,-92.7289,,,,-93.443,,,,-94.7096,,,,-94.985
,,,,-96.234,,,,-94.4175,,,,-94.655,,,,-93.6708,,,,-93.129,,,,-92.9237,,,,-94.331,,,,-95.3262,,,,-98.05,,,,-96.115,,,,-95.8777,,,,-94.114,,,,-92.7939,,,,-93.487,,,,-94.7421,,,,-95.034
,,,,-96.266,,,,-94.4825,,,,-94.709,,,,-93.7357,,,,-93.173,,,,-92.9563,,,,-94.352,,,,-95.3262,,,,-98.05,,,,-96.148,,,,-95.9102,,,,-94.157,,,,-92.8264,,,,-93.519,,,,-94.7745,,,,-95.05
,,,,-96.331,,,,-94.5797,,,,-94.753,,,,-93.7682,,,,-93.227,,,,-93.0213,,,,-94.396,,,,-95.3911,,,,-98.0824,,,,-96.191,,,,-95.9102,,,,-94.19,,,,-92.8913,,,,-93.562,,,,-94.7745,,,,-95.083
,,,,-96.364,,,,-94.6122,,,,-94.796,,,,-93.8006,,,,-93.259,,,,-93.0537,,,,-94.45,,,,-95.4235,,,,-98.1148,,,,-96.234,,,,-95.975,,,,-94.233,,,,-92.9237,,,,-93.616,,,,-94.8719,,,,-95.148
,,,,-96.331,,,,-94.5473,,,,-94.796,,,,-93.8332,,,,-93.292,,,,-93.0862,,,,-94.471,,,,-95.456,,,,-98.1148,,,,-96.223,,,,-96.0074,,,,-94.266,,,,-92.9563,,,,-93.638,,,,-94.8719,,,,-95.164
,,,,-96.38,,,,-94.6447,,,,-94.828,,,,-93.8332,,,,-93.335,,,,-93.1512,,,,-94.515,,,,-95.4884,,,,-98.1148,,,,-96.256,,,,-96.0074,,,,-94.287,,,,-93.0213,,,,-93.692,,,,-94.9044,,,,-95.196
,,,,-96.428,,,,-94.6772,,,,-94.883,,,,-93.9305,,,,-93.368,,,,-93.1512,,,,-94.525,,,,-95.4884,,,,-98.1796,,,,-96.299,,,,-96.0399,,,,-94.331,,,,-93.0213,,,,-93.703,,,,-94.9368,,,,-95.213
,,,,-96.428,,,,-94.6772,,,,-94.915,,,,-93.963,,,,-93.4,,,,-93.1837,,,,-94.547,,,,-95.5209,,,,-98.1796,,,,-96.321,,,,-96.1049,,,,-94.374,,,,-93.0537,,,,-93.725,,,,-94.9368,,,,-95.229
,,,,-96.461,,,,-94.7421,,,,-94.926,,,,-93.9305,,,,-93.411,,,,-93.2161,,,,-94.58,,,,-95.5533,,,,-98.1796,,,,-96.342,,,,-96.1049,,,,-94.374,,,,-93.0862,,,,-93.757,,,,-94.9693,,,,-95.261
,,,,-96.461,,,,-94.7096,,,,-94.926,,,,-93.9305,,,,-93.443,,,,-93.2486,,,,-94.601,,,,-95.5533,,,,-98.2121,,,,-96.353,,,,-96.1372,,,,-94.406,,,,-93.1512,,,,-93.8,,,,-95.0017,,,,-95.278
,,,,-96.477,,,,-94.7421,,,,-94.937,,,,-93.9305,,,,-93.454,,,,-93.2811,,,,-94.623,,,,-95.5858,,,,-98.2121,,,,-96.364,,,,-96.1372,,,,-94.406,,,,-93.1512,,,,-93.811,,,,-95.0017,,,,-95.294
,,,,-96.542,,,,-94.8719,,,,-95.045,,,,-94.0929,,,,-93.508,,,,-93.2811,,,,-94.644,,,,-95.6182,,,,-98.2121,,,,-96.418,,,,-96.1696,,,,-94.471,,,,-93.1512,,,,-93.822,,,,-95.0341,,,,-95.326
,,,,-96.509,,,,-94.7745,,,,-95.012,,,,-94.0929,,,,-93.541,,,,-93.3136,,,,-94.666,,,,-95.6507,,,,-98.2444,,,,-96.396,,,,-96.1696,,,,-94.493,,,,-93.2161,,,,-93.855,,,,-95.0341,,,,-95.342
,,,,-96.526,,,,-94.7745,,,,-95.023,,,,-94.0929,,,,-93.552,,,,-93.346,,,,-94.688,,,,-95.6507,,,,-98.2768,,,,-96.418,,,,-96.2021,,,,-94.504,,,,-93.2161,,,,-93.876,,,,-95.0666,,,,-95.359
,,,,-96.574,,,,-94.8719,,,,-95.077,,,,-94.1253,,,,-93.573,,,,-93.346,,,,-94.72,,,,-95.7155,,,,-98.2768,,,,-96.461,,,,-96.2345,,,,-94.536,,,,-93.2486,,,,-93.898,,,,-95.099,,,,-95.407
,,,,-96.623,,,,-94.9368,,,,-95.11,,,,-94.1253,,,,-93.606,,,,-93.4109,,,,-94.753,,,,-95.7155,,,,-98.3093,,,,-96.504,,,,-96.267,,,,-94.558,,,,-93.2811,,,,-93.941,,,,-95.1315,,,,-95.424
,,,,-96.574,,,,-94.8394,,,,-95.077,,,,-94.1253,,,,-93.617,,,,-93.4109,,,,-94.763,,,,-95.7155,,,,-98.3093,,,,-96.472,,,,-96.267,,,,-94.569,,,,-93.3136,,,,-93.963,,,,-95.1639,,,,-95.44
,,,,-96.607,,,,-94.9044,,,,-95.099,,,,-94.1253,,,,-93.627,,,,-93.4435,,,,-94.785,,,,-95.7805,,,,-98.3093,,,,-96.494,,,,-96.267,,,,-94.569,,,,-93.3136,,,,-93.963,,,,-95.1315,,,,-95.456
,,,,-96.672,,,,-95.0341,,,,-95.153,,,,-94.1253,,,,-93.649,,,,-93.4759,,,,-94.807,,,,-95.7805,,,,-98.3093,,,,-96.548,,,,-96.2994,,,,-94.59,,,,-93.346,,,,-93.995,,,,-95.1639,,,,-95.472
,,,,-96.672,,,,-95.0017,,,,-95.164,,,,-94.1903,,,,-93.703,,,,-93.5085,,,,-94.828,,,,-95.8128,,,,-98.3417,,,,-96.548,,,,-96.2994,,,,-94.634,,,,-93.4109,,,,-94.028,,,,-95.1639,,,,-95.488
,,,,-96.704,,,,-95.0341,,,,-95.175,,,,-94.1578,,,,-93.692,,,,-93.5409,,,,-94.872,,,,-95.8452,,,,-98.3741,,,,-96.58,,,,-96.3318,,,,-94.623,,,,-93.3785,,,,-94.049,,,,-95.2289,,,,-95.537
,,,,-96.753,,,,-95.1315,,,,-95.25,,,,-94.2876,,,,-93.757,,,,-93.5409,,,,-94.872,,,,-95.8452,,,,-98.3741,,,,-96.612,,,,-96.3318,,,,-94.688,,,,-93.4435,,,,-94.071,,,,-95.2289,,,,-95.537
,,,,-96.753,,,,-95.099,,,,-95.261,,,,-94.3201,,,,-93.79,,,,-93.5734,,,,-94.893,,,,-95.8777,,,,-98.4064,,,,-96.623,,,,-96.3643,,,,-94.72,,,,-93.4759,,,,-94.093,,,,-95.2289,,,,-95.553
,,,,-96.72,,,,-95.0666,,,,-95.207,,,,-94.2227,,,,-93.768,,,,-93.6058,,,,-94.915,,,,-95.8777,,,,-98.3741,,,,-96.591,,,,-96.3318,,,,-94.677,,,,-93.4759,,,,-94.114,,,,-95.2613,,,,-95.57
,,,,-96.753,,,,-95.099,,,,-95.229,,,,-94.2227,,,,-93.801,,,,-93.6383,,,,-94.937,,,,-95.9102,,,,-98.4064,,,,-96.623,,,,-96.3643,,,,-94.709,,,,-93.5409,,,,-94.147,,,,-95.2613,,,,-95.586
,,,,-96.801,,,,-95.1964,,,,-95.304,,,,-94.3201,,,,-93.833,,,,-93.6383,,,,-94.947,,,,-95.9102,,,,-98.4064,,,,-96.666,,,,-96.3967,,,,-94.753,,,,-93.5409,,,,-94.158,,,,-95.2938,,,,-95.602
,,,,-96.915,,,,-95.3586,,,,-95.456,,,,-94.5473,,,,-94.071,,,,-93.8656,,,,-95.121,,,,-96.1049,,,,-98.4713,,,,-96.764,,,,-96.4615,,,,-94.936,,,,-93.8006,,,,-94.352,,,,-95.3911,,,,-95.748
,,,,-96.931,,,,-95.3586,,,,-95.434,,,,-94.4825,,,,-94.071,,,,-93.8981,,,,-95.131,,,,-96.1049,,,,-98.5036,,,,-96.775,,,,-96.4615,,,,-94.926,,,,-93.8332,,,,-94.374,,,,-95.3911,,,,-95.748
,,,,-96.947,,,,-95.4235,,,,-95.488,,,,-94.5797,,,,-94.093,,,,-93.8981,,,,-95.131,,,,-96.1049,,,,-98.4713,,,,-96.785,,,,-96.4615,,,,-94.947,,,,-93.8006,,,,-94.363,,,,-95.3911,,,,-95.748
,,,,-96.947,,,,-95.3911,,,,-95.477,,,,-94.5473,,,,-94.114,,,,-93.9305,,,,-95.153,,,,-96.1372,,,,-98.5036,,,,-96.796,,,,-96.494,,,,-94.969,,,,-93.8656,,,,-94.396,,,,-95.3911,,,,-95.764
,,,,-96.98,,,,-95.456,,,,-95.488,,,,-94.5149,,,,-94.114,,,,-93.9305,,,,-95.142,,,,-96.1372,,,,-98.5036,,,,-96.818,,,,-96.494,,,,-94.969,,,,-93.8981,,,,-94.396,,,,-95.3586,,,,-95.748
,,,,-96.996,,,,-95.4884,,,,-95.521,,,,-94.5797,,,,-94.147,,,,-93.963,,,,-95.164,,,,-96.1372,,,,-98.5036,,,,-96.829,,,,-96.494,,,,-94.991,,,,-93.8981,,,,-94.417,,,,-95.3911,,,,-95.764
,,,,-97.012,,,,-95.5209,,,,-95.521,,,,-94.5473,,,,-94.136,,,,-93.963,,,,-95.164,,,,-96.1696,,,,-98.5036,,,,-96.84,,,,-96.494,,,,-94.98,,,,-93.8981,,,,-94.407,,,,-95.3586,,,,-95.764
,,,,-96.996,,,,-95.4884,,,,-95.521,,,,-94.5797,,,,-94.169,,,,-93.9955,,,,-95.185,,,,-96.1696,,,,-98.5036,,,,-96.829,,,,-96.494,,,,-95.001,,,,-93.9305,,,,-94.439,,,,-95.3911,,,,-95.78
,,,,-97.045,,,,-95.5858,,,,-95.607,,,,-94.6772,,,,-94.266,,,,-94.0929,,,,-95.25,,,,-96.2021,,,,-98.5036,,,,-96.883,,,,-96.5588,,,,-95.088,,,,-94.028,,,,-94.526,,,,-95.456,,,,-95.829
,,,,-97.126,,,,-95.7805,,,,-95.694,,,,-94.7421,,,,-94.407,,,,-94.2227,,,,-95.304,,,,-96.267,,,,-98.4713,,,,-96.937,,,,-96.5588,,,,-95.185,,,,-94.2552,,,,-94.634,,,,-95.4235,,,,-95.845
,,,,-97.126,,,,-95.7805,,,,-95.715,,,,-94.7745,,,,-94.417,,,,-94.1903,,,,-95.304,,,,-96.267,,,,-98.4713,,,,-96.948,,,,-96.5912,,,,-95.218,,,,-94.2876,,,,-94.645,,,,-95.456,,,,-95.862
,,,,-97.158,,,,-95.8452,,,,-95.726,,,,-94.7745,,,,-94.428,,,,-94.2227,,,,-95.304,,,,-96.267,,,,-98.4713,,,,-96.958,,,,-96.5588,,,,-95.207,,,,-94.2876,,,,-94.645,,,,-95.4235,,,,-95.845
,,,,-97.142,,,,-95.8128,,,,-95.705,,,,-94.7421,,,,-94.417,,,,-94.2227,,,,-95.304,,,,-96.267,,,,-98.4713,,,,-96.948,,,,-96.5588,,,,-95.196,,,,-94.2876,,,,-94.645,,,,-95.4235,,,,-95.845
,,,,-97.11,,,,-95.7805,,,,-95.694,,,,-94.7421,,,,-94.417,,,,-94.2227,,,,-95.304,,,,-96.267,,,,-98.4388,,,,-96.926,,,,-96.5588,,,,-95.196,,,,-94.2876,,,,-94.645,,,,-95.4235,,,,-95.845
,,,,-97.158,,,,-95.8777,,,,-95.737,,,,-94.7745,,,,-94.439,,,,-94.2227,,,,-95.304,,,,-96.267,,,,-98.4388,,,,-96.958,,,,-96.5588,,,,-95.218,,,,-94.3201,,,,-94.655,,,,-95.4235,,,,-95.845
,,,,-97.142,,,,-95.8777,,,,-95.726,,,,-94.7421,,,,-94.417,,,,-94.2227,,,,-95.304,,,,-96.267,,,,-98.4064,,,,-96.948,,,,-96.5588,,,,-95.196,,,,-94.2876,,,,-94.645,,,,-95.4235,,,,-95.845
,,,,-97.158,,,,-95.8777,,,,-95.726,,,,-94.7745,,,,-94.428,,,,-94.2227,,,,-95.304,,,,-96.267,,,,-98.4388,,,,-96.948,,,,-96.5264,,,,-95.196,,,,-94.2876,,,,-94.645,,,,-95.4235,,,,-95.845
,,,,-97.126,,,,-95.8128,,,,-95.683,,,,-94.7096,,,,-94.417,,,,-94.2227,,,,-95.294,,,,-96.2345,,,,-98.4388,,,,-96.926,,,,-96.5264,,,,-95.185,,,,-94.3201,,,,-94.655,,,,-95.4235,,,,-95.829
